#!ascii label  , from subject OASIS_0001 vox2ras=TkReg
2133
27382  -6.420  -50.061  51.778 0.3333329856
105521  -6.914  -49.711  52.136 0.3333329856
27389  -8.381  -49.051  51.222 0.3333329856
27395  -7.016  -48.843  50.176 0.4444440007
27396  -8.265  -49.061  49.982 0.3333329856
27390  -9.251  -49.391  50.426 0.4444440007
27397  -9.208  -49.511  49.393 0.4444440007
27398  -9.984  -49.810  49.062 0.5555559993
26602  -10.715  -50.146  48.887 0.6666669846
27410  -10.480  -49.627  47.564 0.7777780294
27392  -3.872  -49.169  49.027 0.3333329856
27386  -5.176  -49.976  50.101 0.4444440007
27387  -5.819  -49.846  50.807 0.4444440007
27388  -6.543  -49.298  51.353 0.3333329856
28087  -5.897  -49.213  50.272 0.4444440007
27401  -7.630  -48.914  49.243 0.4444440007
27403  -9.319  -49.488  48.471 0.7777780294
27404  -10.154  -49.782  48.281 0.6666669846
27409  -9.545  -49.254  47.567 0.7777780294
27411  -11.327  -49.871  47.437 0.5555559993
27421  -11.554  -49.565  46.725 0.5555559993
27394  -4.426  -49.431  49.375 0.4444440007
28086  -5.151  -49.574  49.837 0.4444440007
28092  -6.589  -48.667  49.177 0.5555559993
27402  -8.385  -49.146  48.744 0.6666669846
28096  -7.902  -48.651  47.929 0.6666669846
27408  -8.693  -48.978  47.829 0.6666669846
92627  -8.858  -48.729  47.167 0.6666669846
28101  -9.377  -48.669  46.785 0.7777780294
28102  -10.180  -49.011  46.998 0.7777780294
27420  -10.877  -49.430  47.006 0.6666669846
90371  -9.914  -48.582  46.384 0.7777780294
28106  -11.784  -48.954  46.067 0.5555559993
27434  -12.543  -49.357  45.715 0.5555559993
27435  -13.388  -49.747  45.392 0.5555559993
27437  -15.219  -49.952  45.103 0.3333329856
28105  -10.798  -48.863  46.354 0.6666669846
28109  -10.986  -48.279  45.523 0.7777780294
28110  -11.892  -48.541  45.198 0.7777780294
28111  -12.782  -48.948  44.888 0.5555559993
27450  -13.699  -49.250  44.677 0.5555559993
27451  -14.610  -49.396  44.538 0.3333329856
28116  -13.104  -48.464  44.139 0.6666669846
28118  -14.925  -48.933  43.867 0.4444440007
28117  -13.975  -48.876  43.908 0.7777780294
27462  -15.732  -49.188  43.693 0.5555559993
91382  -3.171  -48.143  48.493 0.1111110002
95313  -3.425  -47.965  49.133 0.2222220004
28089  -3.784  -48.429  49.115 0.2222220004
28090  -4.711  -48.548  49.450 0.3333329856
28779  -4.397  -47.700  49.395 0.2222220004
28094  -6.009  -48.185  48.747 0.5555559993
95909  -7.099  -48.344  48.214 0.6666669846
28095  -7.586  -48.745  48.615 0.6666669846
28100  -8.209  -48.412  47.220 0.6666669846
89542  -8.687  -48.201  46.690 0.7777780294
28108  -10.134  -48.136  45.833 0.7777780294
28115  -12.171  -47.939  44.409 0.7777780294
28124  -13.504  -48.133  43.412 0.7777780294
27464  -17.388  -49.336  43.711 0.5555559993
28125  -14.348  -48.558  43.165 0.6666669846
28126  -15.216  -48.856  43.006 0.6666669846
28128  -16.957  -49.019  42.997 0.6666669846
28129  -17.855  -48.955  43.104 0.5555559993
28138  -14.738  -48.231  42.380 0.7777780294
28127  -16.067  -49.064  42.920 0.6666669846
28140  -16.515  -48.604  42.325 0.6666669846
28790  -3.203  -47.252  48.332 0.1111110002
28785  -3.247  -47.697  49.051 0.2222220004
28778  -3.652  -47.440  49.306 0.2222220004
28786  -5.509  -47.639  49.005 0.6666669846
29505  -3.327  -46.450  47.523 0.1111110002
28791  -7.428  -47.378  47.414 0.7777780294
28099  -7.502  -48.093  47.431 0.6666669846
28793  -8.838  -47.489  46.483 0.7777780294
28104  -9.372  -47.989  46.230 0.7777780294
28797  -9.711  -47.424  45.621 0.7777780294
28798  -10.334  -47.551  45.162 0.7777780294
28114  -11.118  -47.620  44.654 0.7777780294
28803  -11.451  -47.101  43.860 0.7777780294
28123  -12.551  -47.504  43.593 0.8888890147
28807  -13.903  -47.926  42.702 0.8888890147
28141  -17.397  -48.653  42.378 0.6666669846
28139  -15.633  -48.533  42.342 0.6666669846
28821  -16.048  -48.022  41.766 0.7777780294
28830  -16.318  -47.527  41.147 0.6666669846
28154  -17.772  -48.382  41.838 0.5555559993
29473  -4.317  -46.899  49.581 0.3333329856
30232  -3.581  -46.105  48.640 0.2222220004
28787  -6.266  -47.466  48.298 0.6666669846
28098  -6.807  -47.728  47.878 0.6666669846
28792  -8.101  -47.636  46.933 0.7777780294
29522  -8.642  -46.946  46.692 0.7777780294
92146  -9.060  -46.474  46.832 0.4444440007
29509  -9.244  -46.365  47.319 0.4444440007
29523  -9.268  -46.538  46.245 0.7777780294
30238  -9.704  -46.100  46.557 0.6666669846
29529  -9.491  -46.758  45.651 0.7777780294
28801  -9.942  -46.897  45.070 0.8888890147
30273  -10.700  -45.858  44.519 0.7777780294
29534  -10.868  -46.483  44.117 0.7777780294
28805  -12.035  -46.773  43.486 0.8888890147
28806  -12.606  -46.794  43.103 0.8888890147
28819  -13.585  -47.196  42.366 0.7777780294
28820  -14.755  -47.535  41.789 0.7777780294
28829  -15.471  -47.368  41.357 0.7777780294
28822  -16.993  -48.061  41.677 0.6666669846
93561  -17.336  -47.451  40.298 0.6666669846
29510  -10.060  -46.200  47.450 0.2222220004
30239  -10.698  -45.931  46.822 0.2222220004
29511  -11.126  -46.181  47.889 0.1111110002
30250  -9.719  -46.050  45.710 0.7777780294
30251  -10.349  -45.680  45.895 0.5555559993
94368  -10.933  -45.440  45.443 0.2222220004
30264  -10.308  -45.744  45.120 0.7777780294
30265  -11.088  -45.441  44.789 0.5555559993
30275  -11.912  -45.280  44.433 0.6666669846
30279  -11.975  -45.638  43.659 0.8888890147
30280  -12.592  -45.521  43.070 0.6666669846
28818  -13.086  -46.777  42.676 0.8888890147
29548  -14.083  -46.893  41.740 0.7777780294
94253  -16.988  -47.652  40.923 0.6666669846
28840  -16.587  -47.127  40.492 0.6666669846
28843  -19.039  -47.950  39.890 0.6666669846
28841  -16.936  -46.764  39.844 0.7777780294
28854  -18.526  -47.435  39.266 0.7777780294
28855  -19.268  -47.727  39.105 0.6666669846
30276  -12.808  -44.964  44.956 0.1111110002
30957  -12.786  -44.975  43.867 0.4444440007
29547  -13.386  -46.328  42.177 0.8888890147
29558  -14.472  -46.263  41.304 0.8888890147
29574  -15.525  -46.070  40.504 0.8888890147
29587  -16.621  -46.101  39.585 0.8888890147
28853  -17.704  -47.104  39.554 0.7777780294
29589  -18.071  -46.714  38.804 0.7777780294
89712  -19.912  -47.737  38.608 0.6666669846
104590  -20.732  -47.266  37.490 0.6666669846
90625  -13.088  -45.347  45.937 0.1111110002
30970  -13.635  -44.472  43.616 0.4444440007
30958  -13.619  -44.604  44.642 0.4444440007
91593  -13.721  -44.430  42.799 0.5555559993
30281  -13.142  -44.850  42.891 0.5555559993
30994  -14.326  -44.497  41.565 0.6666669846
30983  -13.689  -44.882  42.137 0.7777780294
30302  -14.793  -44.775  40.958 0.6666669846
30303  -14.929  -45.676  40.918 0.8888890147
31001  -15.296  -44.158  40.614 0.6666669846
106998  -15.816  -45.765  40.191 0.7777780294
30309  -16.752  -45.360  39.206 0.7777780294
29602  -17.736  -46.038  38.551 0.7777780294
28871  -19.025  -46.999  38.320 0.7777780294
29604  -19.997  -47.197  37.782 0.6666669846
94929  -21.128  -46.981  36.928 0.6666669846
29623  -21.974  -47.090  36.909 0.7777780294
29624  -22.873  -47.082  36.936 0.6666669846
29646  -22.438  -46.614  36.315 0.7777780294
29625  -23.769  -46.975  37.051 0.6666669846
30254  -13.903  -44.994  46.568 0.1111110002
30255  -14.714  -44.714  46.856 0.1111110002
30946  -14.301  -44.562  45.343 0.1111110002
30947  -14.954  -44.402  45.561 0.1111110002
30971  -14.299  -44.049  43.304 0.4444440007
30959  -14.431  -44.123  44.484 0.4444440007
30960  -15.301  -43.734  44.847 0.4444440007
30984  -14.199  -44.192  42.346 0.4444440007
31631  -15.283  -43.426  41.929 0.4444440007
30995  -14.864  -43.970  41.222 0.5555559993
31668  -15.836  -43.610  40.530 0.6666669846
31009  -16.454  -44.286  39.497 0.7777780294
30315  -17.329  -45.339  38.664 0.7777780294
29603  -18.292  -46.173  38.181 0.8888890147
103735  -18.794  -46.136  37.707 0.7777780294
30333  -19.549  -45.415  36.654 0.8888890147
29644  -20.761  -46.338  36.468 0.7777780294
30334  -20.344  -45.504  36.124 0.8888890147
30335  -21.184  -45.878  35.944 0.8888890147
29647  -23.342  -46.588  36.372 0.7777780294
92495  -37.934  -40.564  33.275 0.2222220004
30336  -22.004  -45.980  35.856 0.7777780294
30355  -22.385  -45.428  35.248 0.7777780294
30338  -23.816  -45.962  35.915 0.7777780294
33866  -37.452  -40.386  32.663 0.3333329856
31037  -22.800  -44.773  34.709 0.7777780294
30356  -23.305  -45.445  35.240 0.7777780294
34613  -37.006  -40.150  31.928 0.3333329856
34612  -36.068  -40.120  31.911 0.3333329856
34626  -34.762  -39.823  31.009 0.5555559993
34640  -35.255  -39.319  30.515 0.4444440007
29526  -15.158  -44.771  47.536 0.1111110002
30270  -15.733  -44.308  46.684 0.1111110002
30972  -15.053  -43.652  43.815 0.3333329856
30961  -16.166  -43.496  45.161 0.1111110002
31620  -15.597  -43.338  43.071 0.3333329856
31612  -15.894  -43.346  44.111 0.3333329856
31632  -16.084  -42.955  42.369 0.4444440007
31649  -16.292  -43.119  41.017 0.5555559993
89816  -16.579  -43.276  40.214 0.7777780294
31010  -17.074  -44.309  38.921 0.7777780294
31014  -17.620  -44.320  38.416 0.7777780294
31022  -18.634  -44.320  37.413 0.8888890147
31023  -19.163  -44.386  36.847 0.8888890147
33868  -39.052  -39.995  32.908 0.1111110002
31028  -19.789  -44.499  36.280 0.8888890147
30353  -20.920  -45.284  35.656 0.8888890147
30354  -21.578  -45.393  35.423 0.8888890147
104026  -38.603  -40.415  33.352 0.1111110002
100577  -21.286  -44.034  35.047 0.8888890147
31036  -21.905  -44.641  34.917 0.8888890147
30357  -24.262  -45.398  35.342 0.7777780294
33867  -38.279  -40.202  32.735 0.2222220004
31052  -22.470  -44.049  34.390 0.8888890147
31038  -23.706  -44.811  34.723 0.7777780294
34614  -37.902  -40.050  31.993 0.3333329856
34615  -38.756  -39.869  32.129 0.3333329856
31054  -24.114  -44.195  34.244 0.8888890147
34628  -36.586  -39.868  31.148 0.3333329856
34629  -37.480  -39.801  31.213 0.3333329856
34630  -38.369  -39.606  31.381 0.3333329856
34641  -36.161  -39.395  30.487 0.3333329856
102149  -37.314  -39.014  30.241 0.3333329856
35346  -35.698  -38.772  30.030 0.4444440007
100634  -35.971  -38.338  29.544 0.4444440007
35359  -34.391  -38.124  29.536 0.5555559993
35360  -35.238  -38.216  29.561 0.5555559993
35356  -31.889  -37.696  29.810 0.8888890147
35357  -32.533  -37.690  29.589 0.8888890147
31613  -16.737  -43.093  44.318 0.1111110002
31621  -16.434  -43.050  43.364 0.4444440007
89054  -16.641  -42.650  41.766 0.4444440007
31650  -17.222  -42.593  41.033 0.3333329856
31669  -17.674  -42.506  40.173 0.3333329856
31705  -17.610  -43.478  38.885 0.7777780294
31670  -18.679  -42.255  40.154 0.4444440007
31015  -18.133  -44.332  37.954 0.7777780294
31029  -20.452  -44.566  35.775 0.8888890147
31750  -20.795  -43.801  35.522 0.7777780294
31751  -21.279  -43.325  35.242 0.8888890147
31051  -21.790  -43.754  34.721 0.8888890147
34616  -39.549  -39.563  32.377 0.1111110002
31764  -22.307  -43.376  34.496 0.8888890147
31765  -23.003  -43.282  34.105 0.8888890147
31055  -24.922  -44.231  34.367 0.6666669846
32452  -23.222  -42.265  34.030 0.8888890147
31774  -24.319  -42.838  33.664 0.8888890147
31775  -25.134  -42.960  33.773 0.8888890147
33162  -25.446  -41.573  33.287 0.6666669846
33845  -26.641  -40.237  33.738 0.7777780294
33844  -25.137  -40.755  33.121 0.8888890147
34596  -27.135  -39.773  33.880 0.6666669846
34642  -37.897  -39.209  30.609 0.2222220004
35333  -38.857  -39.014  30.882 0.2222220004
106089  -26.872  -39.094  33.716 0.8888890147
90590  -27.260  -38.450  33.617 0.8888890147
106850  -27.843  -38.569  33.586 0.8888890147
35347  -36.706  -38.743  29.906 0.3333329856
36843  -26.704  -36.671  32.924 0.8888890147
36054  -27.515  -36.981  32.573 0.8888890147
36872  -28.435  -36.662  31.531 0.7777780294
99503  -28.736  -36.116  31.311 0.8888890147
37689  -29.413  -35.795  31.154 0.8888890147
36068  -30.321  -37.357  30.412 0.8888890147
36882  -30.819  -36.737  30.139 0.8888890147
36079  -32.920  -37.088  29.118 0.8888890147
36080  -33.851  -37.471  29.110 0.7777780294
104024  -30.225  -35.701  30.933 0.8888890147
36890  -31.825  -36.543  29.590 0.8888890147
36078  -31.975  -37.095  29.466 0.8888890147
31614  -17.691  -43.004  44.571 0.1111110002
31706  -18.335  -43.248  38.593 0.6666669846
31689  -19.199  -42.586  39.421 0.3333329856
31707  -19.203  -42.954  38.441 0.4444440007
31721  -18.647  -43.543  37.932 0.6666669846
31722  -19.195  -43.338  37.445 0.7777780294
31737  -20.245  -43.449  36.270 0.7777780294
31738  -20.977  -42.953  36.044 0.7777780294
32414  -21.577  -42.585  35.762 0.7777780294
31752  -21.827  -42.937  34.932 0.7777780294
33123  -22.803  -41.767  34.844 0.8888890147
34631  -39.234  -39.357  31.595 0.2222220004
96691  -40.922  -38.876  32.015 0.1111110002
33160  -23.749  -41.518  33.761 0.8888890147
32468  -24.887  -42.251  33.337 0.8888890147
91219  -26.046  -40.840  33.460 0.6666669846
34595  -26.066  -39.441  33.464 0.7777780294
90161  -39.769  -38.856  31.045 0.2222220004
94029  -40.662  -38.707  31.195 0.2222220004
33842  -23.678  -40.452  34.075 0.8888890147
33843  -24.334  -40.633  33.448 0.8888890147
34594  -24.969  -39.799  33.203 0.8888890147
36047  -26.405  -37.612  33.327 0.8888890147
100643  -27.187  -37.487  33.155 0.8888890147
37663  -30.800  -34.576  32.869 0.6666669846
101817  -31.477  -34.599  33.587 0.3333329856
37677  -32.396  -34.940  31.880 0.3333329856
37678  -33.145  -35.042  31.890 0.4444440007
92256  -37.654  -38.648  29.976 0.3333329856
35348  -38.508  -38.605  30.187 0.2222220004
35349  -39.390  -38.466  30.398 0.2222220004
36858  -27.367  -36.077  32.261 0.7777780294
36871  -28.120  -36.048  31.691 0.7777780294
38385  -29.999  -34.461  32.022 0.7777780294
37676  -31.673  -34.761  32.602 0.3333329856
37692  -31.818  -35.061  30.762 0.6666669846
37707  -33.132  -35.152  29.851 0.6666669846
37731  -32.986  -36.073  28.982 0.8888890147
36898  -34.546  -36.379  28.439 0.8888890147
35362  -37.336  -38.111  29.445 0.4444440007
35363  -38.170  -38.101  29.629 0.2222220004
36857  -26.674  -35.869  32.730 0.8888890147
37691  -30.925  -35.159  30.930 0.7777780294
37706  -32.224  -35.391  30.033 0.8888890147
37721  -32.633  -35.741  29.406 0.8888890147
36093  -33.750  -36.764  28.784 0.8888890147
36095  -35.366  -37.193  28.562 0.8888890147
35361  -36.501  -37.974  29.277 0.5555559993
36883  -31.391  -36.347  29.980 0.8888890147
36891  -32.448  -36.411  29.264 0.8888890147
100244  -36.214  -37.365  28.703 0.5555559993
36083  -37.061  -37.473  28.926 0.5555559993
31709  -20.604  -42.478  37.997 0.5555559993
32400  -21.270  -42.108  37.845 0.4444440007
31724  -20.696  -42.550  36.969 0.6666669846
94790  -21.496  -42.269  36.784 0.6666669846
36004  -32.663  -36.064  37.777 0.1111110002
32415  -22.062  -42.058  36.504 0.7777780294
33111  -22.525  -41.645  36.068 0.7777780294
104778  -32.356  -35.575  37.471 0.1111110002
32431  -22.193  -42.269  35.406 0.7777780294
38346  -30.042  -33.922  36.243 0.4444440007
88483  -30.839  -34.302  36.354 0.3333329856
36801  -31.520  -34.603  36.431 0.2222220004
36802  -31.986  -35.038  36.259 0.1111110002
35351  -41.223  -38.278  30.690 0.1111110002
35334  -41.494  -38.510  31.380 0.1111110002
105479  -23.250  -41.661  34.245 0.8888890147
33143  -23.292  -41.097  34.528 0.8888890147
37635  -31.350  -34.620  36.062 0.2222220004
36821  -32.118  -34.954  35.612 0.2222220004
34593  -24.178  -39.724  33.657 0.8888890147
35308  -24.603  -38.402  33.542 0.8888890147
98181  -25.215  -38.851  33.288 0.8888890147
36046  -25.365  -37.819  33.356 0.8888890147
103680  -29.865  -33.642  35.303 0.4444440007
37645  -30.706  -34.014  35.056 0.4444440007
37647  -31.802  -34.506  34.766 0.4444440007
104766  -34.714  -34.598  31.897 0.2222220004
36072  -40.862  -37.748  30.145 0.2222220004
35350  -40.331  -38.359  30.568 0.2222220004
96703  -25.819  -36.905  33.282 0.8888890147
37646  -30.949  -34.340  34.070 0.5555559993
37695  -35.018  -34.663  31.086 0.5555559993
92361  -33.896  -34.894  30.266 0.5555559993
36086  -39.415  -37.350  29.435 0.2222220004
36071  -39.849  -37.844  30.071 0.2222220004
36842  -26.043  -36.052  33.168 0.8888890147
37674  -27.872  -35.323  32.063 0.7777780294
38383  -28.306  -34.555  32.438 0.7777780294
38384  -29.163  -34.449  32.272 0.7777780294
91900  -33.969  -35.125  29.492 0.6666669846
93457  -34.137  -35.531  28.753 0.7777780294
36899  -35.175  -36.531  28.240 0.8888890147
36085  -38.633  -37.613  29.352 0.2222220004
36070  -39.000  -38.024  29.821 0.2222220004
37673  -27.072  -35.351  32.579 0.7777780294
36911  -35.150  -35.952  27.976 0.7777780294
36096  -36.760  -36.845  28.402 0.5555559993
36084  -37.906  -37.525  29.158 0.4444440007
31691  -20.637  -42.649  39.048 0.4444440007
33086  -22.081  -41.624  38.183 0.4444440007
32401  -21.850  -41.890  37.550 0.5555559993
33097  -22.286  -41.605  37.160 0.5555559993
37612  -30.560  -34.422  37.636 0.1111110002
36781  -31.208  -34.969  37.882 0.1111110002
33112  -22.689  -41.081  36.726 0.6666669846
37624  -31.170  -34.366  37.057 0.2222220004
100274  -22.960  -40.447  36.363 0.7777780294
103918  -29.450  -33.807  36.607 0.3333329856
36064  -42.619  -37.419  30.693 0.1111110002
33810  -23.160  -39.998  35.742 0.7777780294
33830  -23.284  -40.228  34.837 0.8888890147
38345  -28.914  -33.787  35.924 0.4444440007
36063  -41.921  -38.081  30.875 0.1111110002
34583  -23.612  -39.581  34.312 0.8888890147
38357  -30.058  -33.868  34.163 0.4444440007
36045  -24.642  -37.533  33.706 0.8888890147
36841  -25.323  -36.275  33.583 0.8888890147
90528  -29.069  -33.593  34.201 0.6666669846
36087  -40.218  -37.356  29.768 0.2222220004
36884  -41.613  -37.072  29.976 0.1111110002
37662  -26.424  -35.299  33.104 0.7777780294
38381  -26.860  -34.785  32.988 0.7777780294
38373  -28.152  -34.104  33.288 0.7777780294
38374  -29.103  -34.166  33.197 0.7777780294
37723  -34.558  -34.949  29.111 0.6666669846
107317  -34.541  -35.348  28.580 0.7777780294
36902  -38.607  -36.898  28.979 0.5555559993
36892  -39.430  -36.661  29.100 0.4444440007
36893  -40.092  -36.799  29.439 0.2222220004
38411  -34.841  -35.091  28.288 0.7777780294
104416  -35.580  -35.558  27.808 0.8888890147
36901  -37.283  -36.245  28.197 0.7777780294
36097  -37.638  -36.882  28.660 0.5555559993
36903  -39.096  -36.128  28.612 0.5555559993
37747  -36.140  -35.522  27.762 0.8888890147
37748  -36.949  -35.576  27.877 0.8888890147
33788  -22.377  -40.716  39.167 0.3333329856
33087  -22.281  -41.176  38.705 0.5555559993
98211  -22.473  -40.057  39.170 0.3333329856
33098  -22.515  -41.138  37.728 0.5555559993
33799  -22.733  -40.418  37.234 0.4444440007
104860  -29.290  -33.981  38.090 0.2222220004
36771  -31.321  -35.143  38.626 0.1111110002
94280  -22.759  -39.692  37.582 0.3333329856
34550  -22.982  -39.013  37.021 0.2222220004
37610  -29.241  -33.786  37.374 0.2222220004
37611  -29.841  -34.145  37.907 0.2222220004
97885  -22.983  -39.780  36.663 0.5555559993
37622  -28.587  -33.608  36.643 0.3333329856
34559  -23.215  -39.186  36.056 0.6666669846
98251  -23.436  -38.521  35.464 0.6666669846
38344  -27.793  -33.585  35.930 0.5555559993
34568  -23.328  -39.388  35.112 0.7777780294
36037  -23.735  -37.877  34.865 0.8888890147
101997  -26.330  -34.032  34.471 0.7777780294
94335  -27.902  -33.566  35.130 0.5555559993
97768  -28.789  -33.555  35.015 0.6666669846
38398  -35.634  -33.923  30.837 0.4444440007
36820  -24.824  -35.784  34.222 0.7777780294
37644  -25.022  -34.897  34.490 0.7777780294
38370  -25.681  -34.473  34.323 0.7777780294
38355  -27.072  -33.775  34.289 0.7777780294
38393  -35.712  -33.916  31.778 0.4444440007
37661  -25.572  -35.263  33.707 0.8888890147
38382  -27.496  -34.702  32.681 0.7777780294
38405  -35.430  -33.659  29.589 0.5555559993
37709  -35.109  -34.438  30.152 0.5555559993
36894  -40.918  -36.352  29.418 0.2222220004
37711  -41.739  -36.273  29.727 0.1111110002
39046  -35.603  -33.011  28.706 0.6666669846
39050  -35.540  -33.739  28.285 0.6666669846
38412  -35.363  -34.567  27.919 0.7777780294
37734  -37.712  -35.669  28.059 0.7777780294
92640  -38.178  -36.221  28.379 0.5555559993
37724  -39.929  -36.065  29.132 0.2222220004
39064  -36.023  -34.001  27.698 0.7777780294
38423  -35.868  -34.882  27.703 0.8888890147
38424  -36.671  -34.883  27.647 0.8888890147
103415  -37.576  -34.981  27.739 0.8888890147
37735  -38.579  -35.320  28.110 0.7777780294
37736  -39.677  -35.362  28.531 0.5555559993
89244  -36.507  -34.265  27.601 0.8888890147
91808  -37.238  -34.162  27.455 0.8888890147
34546  -22.542  -39.531  38.362 0.2222220004
35266  -22.494  -38.674  38.284 0.2222220004
106339  -22.936  -36.930  38.117 0.2222220004
97983  -22.659  -37.714  38.181 0.2222220004
35989  -23.109  -37.259  37.508 0.2222220004
38326  -27.582  -33.478  38.055 0.1111110002
93576  -22.645  -39.033  37.731 0.2222220004
35275  -22.916  -38.207  37.422 0.3333329856
36792  -23.776  -36.118  36.903 0.4444440007
38323  -24.649  -34.421  37.253 0.2222220004
38334  -25.474  -33.936  36.917 0.2222220004
38335  -26.529  -33.598  36.756 0.2222220004
38327  -28.612  -33.786  38.244 0.1111110002
36003  -23.332  -37.498  36.770 0.4444440007
89885  -24.038  -35.725  36.096 0.4444440007
37621  -24.724  -34.789  36.194 0.2222220004
38336  -27.577  -33.505  36.654 0.1111110002
89171  -28.215  -33.528  37.373 0.1111110002
36791  -23.635  -36.681  36.165 0.4444440007
38342  -25.690  -34.046  36.015 0.3333329856
38343  -26.738  -33.604  35.943 0.5555559993
39707  -35.962  -32.470  32.869 0.2222220004
39030  -36.488  -33.143  33.224 0.2222220004
36017  -23.892  -36.986  35.215 0.5555559993
36800  -23.990  -36.197  35.434 0.6666669846
37632  -24.465  -35.438  35.141 0.6666669846
107200  -25.376  -34.491  34.766 0.6666669846
39714  -35.657  -32.613  32.219 0.2222220004
36038  -24.217  -37.247  34.382 0.7777780294
36819  -24.299  -36.358  34.688 0.7777780294
39713  -35.526  -32.705  31.296 0.3333329856
39041  -35.627  -33.292  30.659 0.3333329856
39721  -35.484  -32.903  29.932 0.5555559993
39712  -35.298  -32.475  30.366 0.6666669846
37725  -40.590  -35.411  29.065 0.2222220004
39720  -35.381  -32.378  29.044 0.7777780294
39051  -35.988  -33.161  27.791 0.7777780294
88252  -39.814  -33.960  28.165 0.6666669846
39732  -35.693  -32.427  27.909 0.7777780294
89559  -36.744  -33.390  27.377 0.8888890147
39065  -37.698  -33.371  27.220 0.8888890147
38425  -38.320  -34.205  27.602 0.8888890147
38426  -39.185  -33.727  27.768 0.7777780294
38413  -39.350  -34.548  28.073 0.7777780294
37737  -40.350  -34.528  28.571 0.6666669846
89063  -35.438  -31.871  28.140 0.7777780294
39748  -36.398  -32.440  27.405 0.8888890147
40400  -36.058  -31.984  33.388 0.2222220004
40399  -35.784  -31.875  32.920 0.2222220004
104273  -35.916  -32.055  33.042 0.2222220004
40408  -35.973  -32.142  33.147 0.2222220004
40407  -35.719  -32.164  32.515 0.4444440007
40415  -35.437  -32.343  31.593 0.5555559993
90932  -34.726  -31.251  31.805 0.7777780294
90519  -35.246  -31.814  31.849 0.5555559993
40414  -35.034  -32.018  30.719 0.6666669846
104308  -35.128  -32.044  29.708 0.6666669846
40406  -34.534  -31.361  30.885 0.7777780294
40423  -34.621  -31.491  29.690 0.6666669846
40424  -35.116  -31.661  28.823 0.6666669846
39066  -38.533  -33.299  27.412 0.8888890147
41208  -34.022  -30.968  30.058 0.7777780294
40451  -35.926  -31.631  27.612 1.0000000000
39749  -37.368  -32.431  27.037 0.8888890147
39751  -39.053  -32.283  27.514 0.8888890147
41207  -33.311  -30.474  29.971 1.0000000000
40436  -34.626  -30.952  28.558 0.8888890147
40437  -35.258  -31.220  27.952 0.8888890147
40452  -36.769  -31.629  27.207 1.0000000000
40453  -38.780  -31.588  27.501 0.8888890147
40438  -38.569  -30.844  27.833 1.0000000000
40439  -39.343  -31.192  28.064 0.8888890147
41219  -33.991  -30.669  29.307 1.0000000000
41234  -34.990  -30.453  27.942 1.0000000000
40450  -35.681  -30.836  27.750 1.0000000000
41247  -37.046  -30.904  27.434 1.0000000000
41233  -34.176  -30.041  28.576 1.0000000000
105311  -36.042  -30.522  27.715 1.0000000000
41235  -36.553  -30.176  27.854 1.0000000000
89497  -35.662  -29.909  27.857 1.0000000000
41193  -36.168  -31.887  33.638 0.3333329856
101790  -35.619  -31.839  32.702 0.5555559993
105959  -35.983  -31.770  33.460 0.3333329856
92313  -36.031  -31.449  34.002 0.3333329856
41183  -35.593  -31.381  33.424 0.5555559993
41201  -34.106  -30.797  31.370 0.8888890147
41200  -33.408  -30.357  30.894 0.7777780294
40425  -39.900  -30.827  28.724 0.8888890147
41237  -39.139  -30.469  28.478 1.0000000000
41218  -33.462  -30.105  29.249 1.0000000000
106717  -38.439  -30.209  28.380 0.8888890147
42073  -37.010  -29.341  28.593 1.0000000000
42074  -37.914  -29.537  28.807 0.8888890147
41220  -38.739  -29.727  29.063 0.7777780294
103913  -33.417  -29.352  28.784 1.0000000000
42071  -34.867  -29.434  27.989 1.0000000000
42072  -36.285  -28.973  28.432 1.0000000000
42057  -36.854  -28.579  28.867 1.0000000000
91180  -37.444  -28.669  29.196 0.8888890147
42058  -38.211  -28.694  29.675 0.7777780294
42925  -35.657  -28.622  27.992 1.0000000000
42926  -36.540  -28.065  28.533 1.0000000000
41202  -35.101  -31.417  32.565 0.7777780294
41192  -34.705  -30.762  33.211 0.5555559993
41191  -34.432  -30.767  32.257 0.7777780294
42035  -33.725  -30.194  31.773 0.7777780294
42041  -32.825  -29.765  30.465 1.0000000000
42056  -32.875  -29.676  29.592 1.0000000000
105783  -34.195  -29.211  28.281 1.0000000000
103756  -37.231  -28.114  29.081 1.0000000000
42915  -32.690  -28.897  29.186 1.0000000000
95591  -33.079  -28.728  28.520 1.0000000000
42923  -33.761  -28.684  28.100 1.0000000000
42924  -34.700  -28.782  27.861 1.0000000000
42934  -35.236  -28.350  27.449 1.0000000000
42935  -35.968  -27.922  27.965 1.0000000000
43777  -37.230  -27.715  28.632 0.8888890147
101853  -37.802  -27.710  29.045 0.6666669846
43776  -32.704  -28.140  28.713 1.0000000000
96481  -33.152  -28.285  28.126 1.0000000000
42933  -34.303  -28.273  27.470 1.0000000000
43794  -35.868  -28.016  27.120 1.0000000000
91398  -36.727  -27.664  28.037 1.0000000000
42016  -34.396  -29.824  33.623 0.3333329856
42027  -33.985  -30.099  32.749 0.5555559993
42026  -33.456  -29.242  31.966 0.6666669846
42880  -33.777  -29.105  33.032 0.5555559993
106487  -33.150  -29.740  31.251 0.8888890147
42879  -33.320  -28.249  32.359 0.5555559993
42888  -32.752  -28.971  31.088 0.8888890147
42902  -32.449  -29.006  30.094 1.0000000000
95357  -32.557  -28.136  30.539 0.8888890147
42901  -32.496  -28.170  29.615 0.8888890147
93069  -32.591  -27.222  29.143 0.7777780294
43791  -33.008  -27.515  27.978 1.0000000000
43792  -33.910  -27.509  27.158 1.0000000000
43793  -34.822  -27.964  26.833 1.0000000000
94120  -37.772  -27.445  28.423 0.7777780294
43778  -38.356  -27.451  29.004 0.6666669846
44555  -33.444  -26.550  27.513 0.8888890147
43806  -34.656  -27.206  26.516 1.0000000000
92734  -35.462  -27.628  26.446 1.0000000000
88343  -36.637  -27.811  27.026 1.0000000000
43795  -37.510  -27.687  27.243 0.7777780294
43796  -38.534  -27.552  27.814 0.5555559993
43797  -39.642  -27.956  27.762 0.4444440007
43779  -40.064  -27.758  28.578 0.3333329856
43807  -36.284  -27.712  26.463 1.0000000000
106920  -38.440  -27.975  26.723 0.6666669846
43810  -39.299  -28.215  26.849 0.4444440007
43798  -40.582  -28.200  27.714 0.3333329856
43808  -37.056  -27.829  26.308 0.8888890147
43809  -37.914  -27.998  26.056 0.7777780294
43811  -40.244  -28.448  26.907 0.4444440007
43729  -33.703  -28.178  33.353 0.3333329856
106557  -33.100  -28.597  31.690 0.5555559993
43747  -32.736  -27.110  30.987 0.6666669846
102448  -32.509  -27.427  30.072 0.6666669846
44549  -32.936  -26.425  28.465 0.8888890147
45249  -33.373  -25.611  28.062 0.7777780294
44556  -34.118  -26.562  26.782 1.0000000000
45255  -33.918  -25.636  27.189 0.8888890147
105540  -35.201  -27.040  26.094 1.0000000000
43822  -35.905  -27.272  25.971 1.0000000000
45265  -34.382  -25.904  26.509 1.0000000000
45266  -34.950  -25.630  26.032 1.0000000000
44573  -35.439  -26.417  25.733 1.0000000000
89612  -36.655  -27.539  25.710 1.0000000000
43823  -37.445  -27.796  25.473 0.8888890147
43825  -38.916  -28.280  25.795 0.6666669846
42946  -39.924  -28.522  26.001 0.6666669846
43824  -38.215  -28.142  25.167 1.0000000000
103163  -38.919  -28.363  24.886 0.7777780294
43728  -33.378  -27.389  32.945 0.4444440007
43720  -33.771  -27.425  33.771 0.4444440007
43737  -33.138  -27.288  32.010 0.5555559993
44486  -33.398  -26.595  32.631 0.4444440007
44520  -33.066  -26.074  30.920 0.5555559993
44519  -32.642  -26.601  30.106 0.5555559993
88278  -33.039  -25.703  30.085 0.5555559993
45245  -33.134  -25.412  29.113 0.5555559993
45986  -33.576  -24.784  28.573 0.5555559993
45250  -33.798  -24.985  27.847 0.6666669846
45992  -34.272  -24.665  27.388 0.5555559993
46009  -35.446  -25.057  25.625 1.0000000000
45274  -35.917  -25.728  25.184 1.0000000000
44575  -37.035  -27.217  24.980 1.0000000000
88380  -38.598  -27.916  24.413 1.0000000000
43835  -39.397  -28.065  24.405 1.0000000000
44587  -38.320  -27.123  23.926 1.0000000000
45225  -33.584  -25.912  32.364 0.4444440007
45226  -33.924  -25.071  32.517 0.2222220004
45232  -33.570  -25.562  31.657 0.3333329856
95371  -34.407  -24.292  33.033 0.2222220004
45233  -34.003  -24.698  31.525 0.3333329856
45978  -34.338  -24.139  32.159 0.3333329856
46685  -34.381  -23.865  31.310 0.3333329856
45982  -33.567  -24.890  30.020 0.5555559993
103182  -33.562  -24.589  29.341 0.5555559993
46690  -34.431  -23.474  30.437 0.3333329856
90870  -33.933  -23.986  29.033 0.5555559993
46693  -34.396  -23.431  29.561 0.3333329856
45990  -34.115  -24.257  28.196 0.5555559993
45993  -34.813  -24.178  26.899 0.7777780294
46001  -35.093  -24.637  26.230 1.0000000000
46002  -35.689  -24.053  25.853 1.0000000000
44586  -37.560  -26.700  24.273 1.0000000000
46018  -36.582  -25.123  24.553 1.0000000000
45283  -37.338  -25.669  24.029 1.0000000000
45284  -38.068  -26.188  23.554 1.0000000000
44588  -39.100  -27.396  23.727 1.0000000000
44597  -38.813  -26.549  23.256 1.0000000000
43844  -39.738  -26.678  23.126 1.0000000000
47381  -36.609  -22.568  34.448 0.1111110002
90894  -37.318  -21.915  34.247 0.1111110002
47383  -38.185  -21.679  34.884 0.1111110002
45960  -34.839  -23.586  33.394 0.2222220004
46683  -35.764  -22.522  32.887 0.1111110002
46681  -36.100  -22.492  33.693 0.1111110002
47385  -36.731  -22.148  33.752 0.1111110002
47386  -37.236  -21.736  33.414 0.1111110002
102127  -34.679  -23.630  32.664 0.3333329856
45969  -35.118  -23.041  32.762 0.2222220004
91779  -36.357  -22.221  32.224 0.1111110002
94200  -36.511  -22.104  33.075 0.2222220004
46686  -34.886  -23.395  31.916 0.3333329856
93189  -34.734  -23.241  31.091 0.2222220004
46687  -35.671  -22.826  32.021 0.2222220004
46691  -34.852  -22.864  30.614 0.2222220004
47398  -35.427  -22.484  30.453 0.2222220004
97701  -34.854  -22.813  29.860 0.2222220004
47409  -35.683  -22.447  29.585 0.2222220004
103926  -34.728  -23.079  29.315 0.3333329856
46700  -34.606  -23.464  28.714 0.4444440007
46701  -35.380  -23.144  28.193 0.3333329856
103690  -35.438  -23.250  27.201 0.4444440007
46735  -36.693  -23.955  24.714 0.8888890147
46010  -36.029  -24.541  25.161 1.0000000000
46019  -37.219  -24.587  24.029 1.0000000000
45295  -37.972  -25.115  23.436 0.8888890147
45297  -39.290  -25.906  22.724 0.8888890147
44598  -40.575  -26.323  22.740 1.0000000000
101079  -39.985  -25.988  22.586 0.8888890147
44612  -41.446  -26.034  22.355 0.7777780294
48153  -38.073  -21.162  33.001 0.2222220004
47392  -37.036  -21.747  31.603 0.2222220004
47391  -36.018  -22.183  31.266 0.2222220004
103681  -36.732  -21.749  30.751 0.2222220004
47399  -36.214  -22.061  30.208 0.2222220004
46702  -35.956  -22.798  27.793 0.3333329856
46711  -36.132  -22.585  27.108 0.5555559993
46719  -36.030  -22.999  26.348 0.7777780294
46725  -36.365  -23.451  25.495 0.7777780294
46736  -37.364  -23.585  24.256 0.8888890147
46030  -37.786  -24.083  23.570 0.8888890147
107017  -38.509  -25.052  23.027 0.8888890147
45307  -39.012  -24.911  22.586 0.8888890147
45308  -39.819  -25.333  22.288 0.8888890147
46046  -41.314  -25.180  21.880 0.8888890147
44613  -42.418  -26.150  22.347 0.8888890147
46047  -42.160  -25.463  21.880 0.8888890147
95140  -43.030  -25.677  21.889 0.8888890147
47400  -37.030  -21.674  29.989 0.2222220004
47410  -36.549  -22.065  29.325 0.2222220004
47411  -37.401  -21.783  29.190 0.3333329856
105548  -37.633  -21.806  28.608 0.3333329856
47422  -36.052  -22.499  28.591 0.3333329856
103108  -37.284  -21.989  27.582 0.3333329856
47425  -37.926  -21.686  27.978 0.3333329856
47423  -36.583  -22.341  27.707 0.3333329856
47436  -36.998  -22.180  26.704 0.4444440007
47447  -36.769  -22.675  25.859 0.5555559993
47448  -37.560  -22.261  25.772 0.4444440007
46031  -38.363  -24.437  23.055 0.7777780294
46044  -39.291  -23.977  22.285 0.8888890147
46045  -40.483  -24.732  21.862 0.8888890147
46059  -43.753  -24.689  21.139 0.8888890147
46056  -40.664  -23.940  21.587 0.8888890147
46057  -41.269  -24.359  21.535 0.8888890147
46058  -42.834  -24.890  21.384 0.8888890147
46766  -41.223  -23.421  21.414 0.8888890147
94086  -42.142  -23.964  21.272 0.8888890147
47437  -37.834  -21.830  27.149 0.4444440007
88349  -38.867  -21.747  27.217 0.3333329856
47449  -38.312  -21.903  26.325 0.3333329856
90915  -38.303  -22.063  25.579 0.6666669846
47460  -37.864  -22.323  25.174 0.6666669846
46737  -37.882  -23.288  23.873 0.7777780294
47473  -38.389  -22.497  23.958 0.7777780294
46043  -38.704  -23.982  22.667 0.8888890147
46756  -38.873  -23.176  22.595 0.8888890147
46060  -44.475  -25.048  21.146 0.8888890147
97330  -40.006  -23.955  21.822 0.8888890147
46758  -40.419  -23.163  21.662 0.8888890147
93747  -41.905  -23.052  21.220 0.8888890147
47500  -42.171  -22.239  21.135 0.8888890147
48273  -42.650  -21.496  20.980 0.8888890147
48976  -42.267  -20.643  21.164 0.8888890147
107199  -42.917  -20.855  20.726 0.8888890147
98159  -42.794  -20.041  20.771 0.8888890147
49753  -44.455  -19.694  19.736 0.8888890147
50510  -44.939  -19.019  19.558 0.8888890147
47461  -38.569  -22.028  24.927 0.5555559993
47482  -38.704  -22.439  23.197 0.7777780294
47490  -39.248  -22.315  22.605 0.8888890147
46757  -39.583  -23.139  22.124 0.8888890147
47491  -39.903  -22.310  21.979 0.8888890147
105532  -40.917  -22.889  21.501 0.8888890147
47499  -41.350  -22.542  21.373 0.8888890147
47498  -40.666  -22.410  21.615 0.8888890147
94919  -41.016  -21.945  21.515 0.8888890147
92185  -41.520  -21.871  21.350 0.8888890147
48272  -41.881  -21.333  21.309 0.8888890147
49747  -42.804  -19.084  20.944 0.8888890147
49752  -43.550  -19.591  20.269 0.8888890147
50503  -43.447  -18.551  20.533 0.8888890147
90134  -44.202  -18.852  20.024 0.8888890147
103659  -44.703  -18.322  19.769 0.8888890147
50511  -45.549  -18.251  19.346 0.8888890147
49760  -46.328  -19.062  19.065 0.7777780294
50512  -47.183  -18.982  18.695 0.6666669846
50518  -46.590  -18.194  18.945 0.6666669846
47474  -39.073  -21.768  24.378 0.5555559993
106404  -38.887  -22.048  23.776 0.5555559993
47483  -39.352  -21.589  23.609 0.6666669846
48264  -39.768  -21.571  22.644 0.6666669846
48271  -40.450  -21.619  21.952 0.8888890147
92765  -41.196  -21.362  21.630 0.8888890147
48975  -41.491  -20.489  21.720 0.8888890147
49746  -42.112  -19.620  21.495 0.8888890147
50497  -43.016  -18.257  21.257 0.8888890147
95997  -43.474  -17.818  20.827 0.8888890147
50504  -44.100  -17.898  20.272 0.8888890147
47462  -39.505  -21.565  25.237 0.5555559993
48258  -40.022  -20.980  23.396 0.5555559993
48259  -40.613  -20.597  24.057 0.5555559993
48265  -40.314  -21.110  22.621 0.7777780294
48960  -40.559  -20.540  23.032 0.5555559993
48961  -41.150  -20.179  23.525 0.4444440007
48266  -40.836  -20.897  22.193 0.7777780294
48968  -41.123  -20.218  22.542 0.6666669846
49738  -41.580  -19.754  22.170 0.6666669846
49739  -41.998  -19.059  22.431 0.6666669846
50489  -42.447  -18.432  22.314 0.7777780294
50490  -42.726  -18.018  22.598 0.4444440007
51207  -43.211  -17.422  22.478 0.5555559993
50496  -42.452  -18.693  21.698 0.8888890147
51206  -42.748  -17.983  21.954 0.7777780294
52003  -43.522  -16.918  22.055 0.5555559993
52012  -43.714  -16.781  21.574 0.5555559993
51218  -43.830  -17.071  20.818 0.7777780294
92730  -44.356  -17.138  20.211 0.8888890147
51223  -44.800  -17.578  19.778 0.8888890147
49768  -47.881  -18.844  18.488 0.6666669846
90940  -41.412  -22.098  26.551 0.3333329856
48250  -39.860  -21.337  24.820 0.5555559993
48235  -40.696  -21.363  25.393 0.4444440007
48251  -40.178  -21.062  24.454 0.5555559993
49734  -41.531  -19.650  23.038 0.4444440007
49735  -42.130  -19.205  23.548 0.3333329856
49736  -42.865  -18.784  23.972 0.1111110002
50473  -43.711  -18.492  24.370 0.1111110002
50481  -42.430  -18.492  23.077 0.4444440007
50482  -43.209  -17.955  23.456 0.2222220004
51198  -43.932  -17.218  23.342 0.4444440007
51199  -45.108  -17.179  23.940 0.4444440007
51208  -43.780  -16.864  22.599 0.5555559993
51995  -44.552  -16.615  23.074 0.5555559993
52004  -44.051  -16.321  22.177 0.5555559993
52797  -44.784  -15.617  21.928 0.5555559993
52013  -44.136  -16.259  21.288 0.5555559993
52020  -44.377  -16.423  20.506 0.5555559993
51224  -45.436  -17.166  19.411 0.8888890147
52026  -44.826  -16.741  19.862 0.8888890147
51231  -46.906  -17.262  18.748 0.7777780294
51225  -46.108  -17.499  19.104 0.7777780294
50519  -47.434  -18.177  18.573 0.6666669846
89999  -48.254  -18.316  18.328 0.6666669846
47441  -43.374  -22.464  27.598 0.1111110002
47451  -42.361  -22.257  26.890 0.1111110002
47463  -41.166  -21.879  25.929 0.4444440007
47464  -41.954  -22.134  26.229 0.3333329856
47465  -42.822  -22.203  26.542 0.1111110002
48236  -41.512  -21.677  25.779 0.1111110002
102449  -42.312  -22.007  26.049 0.1111110002
48252  -41.000  -20.900  25.136 0.3333329856
48253  -41.984  -21.096  25.688 0.2222220004
48950  -41.431  -20.365  24.706 0.4444440007
48951  -42.275  -20.185  25.206 0.2222220004
48962  -41.903  -19.955  24.026 0.4444440007
49725  -42.590  -19.515  24.557 0.2222220004
49726  -43.464  -19.210  24.788 0.2222220004
48953  -44.302  -19.742  25.328 0.2222220004
49727  -45.035  -19.172  25.048 0.1111110002
49728  -45.876  -19.196  25.331 0.1111110002
93033  -46.519  -18.612  25.074 0.1111110002
103271  -44.244  -19.024  24.869 0.1111110002
50475  -45.714  -18.453  24.802 0.1111110002
50485  -46.653  -17.875  24.467 0.1111110002
50474  -44.685  -18.520  24.641 0.1111110002
50484  -45.130  -17.945  24.436 0.1111110002
100572  -45.847  -17.755  24.321 0.2222220004
51200  -46.313  -17.240  23.849 0.2222220004
95812  -44.916  -16.023  22.737 0.5555559993
52027  -45.402  -16.260  19.502 0.8888890147
52021  -44.892  -15.881  20.166 0.7777780294
52815  -45.143  -15.084  20.647 0.5555559993
52814  -44.583  -15.582  20.954 0.6666669846
96208  -46.073  -16.677  19.067 0.8888890147
51232  -47.838  -17.502  18.276 0.6666669846
89491  -49.100  -18.503  18.259 0.5555559993
46703  -43.762  -22.555  28.004 0.1111110002
47452  -43.116  -22.394  27.141 0.1111110002
105789  -43.526  -22.430  27.289 0.1111110002
46712  -43.803  -22.469  27.500 0.1111110002
89132  -43.671  -22.317  27.031 0.1111110002
106752  -42.766  -22.071  26.290 0.1111110002
47466  -43.276  -22.011  26.535 0.1111110002
48237  -42.808  -21.746  26.139 0.1111110002
48254  -42.940  -20.778  25.861 0.1111110002
48938  -43.837  -20.482  25.764 0.1111110002
48939  -44.703  -20.545  25.950 0.1111110002
48952  -43.233  -19.940  25.340 0.2222220004
92169  -46.268  -19.982  25.751 0.1111110002
49730  -47.218  -19.007  25.320 0.1111110002
102624  -47.174  -18.299  24.855 0.1111110002
52007  -47.543  -16.395  23.449 0.1111110002
51201  -47.307  -17.096  23.913 0.1111110002
52798  -45.660  -15.258  22.082 0.4444440007
52005  -45.764  -15.740  22.676 0.3333329856
52006  -46.752  -16.035  23.143 0.3333329856
51996  -45.780  -16.476  23.336 0.3333329856
52805  -45.183  -15.035  21.398 0.5555559993
52820  -45.438  -15.364  19.815 0.8888890147
52033  -46.653  -16.238  18.622 0.7777780294
51233  -48.725  -17.747  18.022 0.5555559993
46720  -44.159  -22.384  27.439 0.1111110002
47453  -44.564  -22.113  27.292 0.1111110002
46721  -44.862  -22.281  27.663 0.1111110002
47467  -44.187  -21.883  26.859 0.1111110002
91940  -45.303  -21.737  27.042 0.1111110002
48238  -43.781  -21.317  26.297 0.1111110002
48239  -44.964  -21.235  26.564 0.1111110002
48240  -45.898  -21.389  26.584 0.1111110002
48940  -45.783  -20.726  26.107 0.1111110002
48241  -46.454  -21.029  26.510 0.1111110002
104823  -46.401  -20.563  26.111 0.1111110002
48942  -47.816  -20.231  26.140 0.1111110002
48955  -47.531  -19.697  25.712 0.1111110002
48954  -46.918  -19.687  25.647 0.1111110002
48956  -48.275  -19.614  25.770 0.1111110002
101946  -48.027  -17.103  24.170 0.1111110002
50486  -47.563  -17.712  24.477 0.1111110002
52821  -45.965  -15.654  19.050 0.8888890147
52034  -47.460  -16.617  18.257 0.7777780294
48941  -46.970  -20.315  26.072 0.1111110002
92559  -47.172  -15.727  18.258 0.7777780294
52828  -47.897  -16.038  17.832 0.7777780294
26562  -5.932  -50.156  50.928 0.2222220004
90032  -7.485  -49.229  51.845 0.3333329856
100230  -7.521  -48.851  51.007 0.3333329856
26573  -4.675  -49.952  49.664 0.2222220004
28091  -5.488  -48.772  49.578 0.5555559993
27423  -13.179  -50.039  46.232 0.5555559993
27436  -14.304  -49.921  45.218 0.4444440007
27452  -15.481  -49.516  44.384 0.4444440007
97056  -16.168  -49.576  44.182 0.4444440007
98486  -3.203  -48.292  48.974 0.1111110002
28093  -3.288  -48.714  48.616 0.1111110002
29472  -3.557  -47.066  49.354 0.2222220004
102919  -3.222  -47.907  47.764 0.1111110002
93354  -13.192  -47.395  42.978 0.7777780294
30228  -3.694  -46.309  49.514 0.2222220004
29460  -3.777  -46.582  49.565 0.2222220004
93577  -3.218  -47.310  47.415 0.1111110002
29528  -9.101  -46.964  46.229 0.8888890147
28796  -9.297  -47.298  46.056 0.8888890147
28802  -10.472  -47.007  44.550 0.8888890147
104805  -10.881  -47.069  44.170 0.8888890147
94719  -14.181  -47.608  42.144 0.7777780294
91846  -15.320  -47.990  41.881 0.7777780294
29521  -7.980  -47.042  47.130 0.7777780294
29530  -9.879  -46.338  45.200 0.7777780294
29533  -10.318  -46.372  44.737 0.7777780294
29537  -11.545  -46.305  43.684 0.8888890147
30274  -11.225  -45.711  44.100 0.8888890147
29546  -12.778  -46.150  42.746 0.8888890147
104045  -14.799  -46.944  41.393 0.7777780294
30240  -11.802  -45.772  47.124 0.1111110002
30252  -11.305  -45.511  46.144 0.2222220004
30266  -11.873  -45.277  45.413 0.2222220004
30253  -12.434  -45.520  46.405 0.1111110002
29538  -12.214  -46.175  43.285 0.8888890147
29557  -13.884  -46.097  41.643 0.8888890147
29559  -15.177  -46.533  41.011 0.8888890147
29560  -15.873  -46.840  40.758 0.8888890147
29575  -16.187  -46.333  40.132 0.8888890147
28842  -18.166  -47.744  40.109 0.6666669846
29588  -17.260  -46.281  39.115 0.7777780294
30267  -13.724  -44.878  45.619 0.1111110002
30289  -13.172  -45.504  42.477 0.7777780294
30296  -13.610  -45.613  41.935 0.8888890147
30993  -14.191  -45.381  41.419 0.7777780294
30308  -16.137  -45.383  39.835 0.8888890147
29622  -19.496  -46.325  37.321 0.6666669846
28889  -20.375  -46.712  37.116 0.6666669846
28890  -21.494  -47.544  37.625 0.6666669846
31630  -14.633  -43.905  41.887 0.5555559993
102924  -15.438  -45.150  40.392 0.6666669846
31002  -15.900  -44.306  40.103 0.7777780294
30316  -17.876  -45.325  38.192 0.7777780294
29643  -20.058  -46.075  36.703 0.6666669846
29645  -21.566  -46.537  36.345 0.6666669846
30268  -14.464  -44.717  46.094 0.1111110002
30256  -15.453  -44.561  47.137 0.1111110002
30269  -15.109  -44.545  46.424 0.1111110002
102556  -15.427  -44.308  46.075 0.1111110002
91446  -15.511  -43.956  45.585 0.1111110002
31619  -14.832  -43.710  42.743 0.4444440007
31648  -15.503  -43.491  41.065 0.5555559993
30323  -18.401  -45.350  37.724 0.7777780294
30324  -18.976  -45.389  37.246 0.8888890147
30337  -22.885  -45.991  35.844 0.7777780294
30339  -24.831  -45.837  36.121 0.6666669846
31053  -23.230  -44.115  34.204 0.7777780294
34627  -35.668  -39.855  31.119 0.4444440007
35345  -34.833  -38.674  30.065 0.4444440007
34639  -34.393  -39.188  30.514 0.4444440007
30948  -15.976  -43.898  46.069 0.1111110002
31633  -16.949  -42.668  42.708 0.4444440007
31687  -17.191  -43.281  39.452 0.7777780294
31035  -21.138  -44.695  35.330 0.8888890147
31039  -24.638  -44.787  34.827 0.7777780294
31766  -23.764  -43.459  33.925 0.8888890147
93820  -24.601  -43.586  33.972 0.6666669846
96612  -37.028  -39.426  30.526 0.3333329856
100561  -33.672  -38.063  29.574 0.6666669846
36081  -34.834  -37.610  29.066 0.7777780294
36077  -31.427  -36.846  29.752 0.8888890147
35358  -33.185  -37.731  29.431 0.7777780294
31622  -17.253  -42.747  43.600 0.1111110002
100521  -17.022  -43.321  45.067 0.1111110002
89449  -18.263  -42.233  41.009 0.3333329856
31688  -18.143  -42.733  39.443 0.6666669846
31736  -19.579  -43.613  36.722 0.7777780294
32451  -22.514  -42.661  34.541 0.8888890147
31767  -25.576  -43.699  34.290 0.6666669846
34632  -40.056  -39.049  31.843 0.2222220004
31773  -23.702  -42.699  33.771 0.8888890147
32467  -24.159  -42.185  33.466 0.8888890147
32469  -25.748  -42.340  33.607 0.6666669846
101462  -25.701  -40.178  33.338 0.8888890147
33144  -27.065  -41.523  34.609 0.6666669846
35309  -26.141  -38.505  33.490 0.8888890147
36048  -27.884  -37.870  33.068 0.8888890147
36859  -27.901  -36.576  31.954 0.8888890147
36082  -35.689  -37.781  29.120 0.5555559993
37688  -28.675  -35.546  31.551 0.7777780294
36881  -29.968  -36.502  30.655 0.8888890147
37704  -30.777  -35.996  30.483 0.8888890147
31723  -19.939  -42.871  37.172 0.6666669846
31708  -19.896  -42.800  38.181 0.4444440007
33124  -23.006  -40.925  35.579 0.8888890147
33161  -24.572  -41.510  33.255 0.8888890147
38375  -30.016  -34.278  33.063 0.7777780294
37664  -32.085  -34.732  33.699 0.3333329856
36860  -32.996  -35.125  32.773 0.1111110002
37665  -32.442  -34.953  32.917 0.3333329856
36874  -33.690  -34.912  32.052 0.4444440007
91494  -32.686  -34.956  30.787 0.5555559993
37693  -33.448  -34.859  30.989 0.4444440007
38391  -28.637  -34.950  31.885 0.7777780294
38392  -29.305  -34.991  31.634 0.7777780294
37675  -30.779  -34.634  31.750 0.8888890147
37690  -30.093  -35.094  31.394 0.8888890147
99073  -31.481  -34.790  31.460 0.7777780294
36092  -33.130  -36.472  28.968 0.8888890147
37722  -33.385  -35.638  29.081 0.8888890147
36897  -33.773  -36.137  28.723 0.8888890147
36094  -34.547  -37.025  28.566 0.8888890147
37705  -31.522  -35.700  30.342 0.8888890147
37720  -31.966  -35.974  29.678 0.8888890147
36900  -35.923  -36.701  28.264 0.7777780294
32385  -21.619  -41.869  38.598 0.3333329856
36793  -32.034  -34.924  37.179 0.1111110002
37623  -30.205  -34.094  37.007 0.3333329856
37634  -30.698  -34.274  35.866 0.4444440007
36018  -33.039  -36.129  36.531 0.1111110002
92278  -31.296  -34.410  35.397 0.4444440007
37636  -31.721  -34.755  35.745 0.2222220004
35307  -24.040  -38.938  33.852 0.8888890147
97795  -24.588  -39.135  33.459 0.8888890147
98284  -25.109  -37.029  33.435 0.8888890147
37694  -34.192  -34.782  31.247 0.3333329856
37708  -34.527  -34.796  30.205 0.5555559993
37732  -34.663  -35.774  28.330 0.8888890147
37733  -35.241  -35.329  27.891 0.8888890147
36912  -35.677  -36.060  27.904 0.8888890147
35335  -42.292  -38.136  31.524 0.1111110002
35300  -23.632  -38.770  34.558 0.8888890147
35301  -24.091  -38.132  34.079 0.8888890147
36840  -24.693  -36.687  33.927 0.8888890147
37710  -35.394  -34.310  31.167 0.4444440007
102710  -40.774  -37.094  29.707 0.2222220004
38371  -26.370  -34.461  33.664 0.7777780294
38372  -27.274  -34.206  33.448 0.7777780294
38404  -35.080  -34.368  28.762 0.6666669846
36913  -36.433  -36.159  28.023 0.8888890147
33792  -22.587  -40.399  38.270 0.3333329856
36770  -30.294  -34.665  38.537 0.1111110002
35283  -23.279  -38.338  36.465 0.5555559993
36016  -23.539  -37.655  35.817 0.6666669846
95410  -26.920  -33.691  35.142 0.6666669846
104240  -25.898  -34.041  35.096 0.6666669846
38394  -35.894  -33.491  32.335 0.3333329856
38399  -35.717  -33.214  31.702 0.3333329856
38356  -28.012  -33.620  34.184 0.7777780294
37726  -41.487  -35.571  29.391 0.2222220004
36769  -22.916  -36.128  38.497 0.3333329856
88839  -27.298  -33.476  37.310 0.1111110002
96283  -23.468  -36.807  37.028 0.4444440007
37609  -24.041  -34.924  37.732 0.3333329856
90543  -24.048  -35.225  36.902 0.3333329856
36780  -23.703  -35.641  37.424 0.4444440007
38324  -25.290  -33.823  37.722 0.2222220004
38325  -26.382  -33.588  37.724 0.2222220004
37633  -25.098  -34.576  35.237 0.5555559993
39706  -35.681  -32.281  32.455 0.2222220004
39052  -39.780  -33.319  28.070 0.7777780294
104196  -38.106  -32.781  27.122 0.8888890147
89706  -33.840  -30.788  30.595 0.7777780294
39067  -39.197  -32.978  27.639 0.8888890147
39750  -38.306  -32.162  27.158 0.8888890147
39733  -39.775  -32.520  28.076 0.8888890147
41246  -36.351  -30.991  27.539 1.0000000000
89763  -37.802  -31.372  27.245 1.0000000000
40440  -40.067  -31.687  28.438 0.7777780294
41236  -37.646  -30.374  27.969 0.8888890147
42017  -35.192  -30.353  34.011 0.3333329856
42932  -33.561  -28.088  27.700 1.0000000000
105386  -38.378  -27.399  28.526 0.6666669846
100544  -38.991  -27.448  28.724 0.5555559993
44561  -34.746  -26.462  26.246 1.0000000000
96665  -32.859  -28.043  31.446 0.5555559993
44540  -32.800  -26.264  29.369 0.7777780294
46000  -34.516  -25.116  26.668 0.8888890147
44574  -36.223  -26.845  25.299 1.0000000000
42955  -39.644  -28.516  25.087 0.7777780294
43834  -37.813  -27.624  24.678 1.0000000000
43719  -33.579  -26.755  33.366 0.3333329856
44498  -33.249  -26.407  31.756 0.4444440007
45242  -33.547  -25.215  30.833 0.5555559993
45273  -35.411  -25.720  25.631 1.0000000000
44585  -36.737  -26.244  24.662 1.0000000000
45221  -33.773  -25.934  33.250 0.2222220004
45983  -34.043  -24.376  30.675 0.3333329856
45987  -34.062  -24.144  29.885 0.4444440007
46710  -34.730  -23.785  27.742 0.4444440007
105994  -35.402  -23.777  26.496 0.8888890147
89092  -40.008  -27.481  23.875 1.0000000000
45296  -38.596  -25.671  23.031 0.8888890147
43845  -40.637  -26.972  23.362 1.0000000000
46680  -35.404  -22.993  33.585 0.2222220004
47388  -37.132  -21.747  32.546 0.2222220004
47390  -35.234  -22.777  31.255 0.2222220004
94883  -35.190  -22.850  29.040 0.2222220004
91208  -40.612  -25.627  22.230 0.8888890147
48178  -37.618  -21.371  30.748 0.2222220004
46726  -37.100  -22.871  25.059 0.7777780294
91056  -39.700  -24.611  22.130 0.8888890147
93503  -41.920  -24.783  21.555 0.8888890147
47424  -37.062  -22.034  28.421 0.3333329856
47472  -37.796  -22.702  24.514 0.7777780294
46746  -38.279  -23.400  23.190 0.7777780294
46767  -42.765  -23.119  21.036 0.8888890147
88207  -43.288  -24.015  21.013 0.8888890147
51213  -43.299  -17.445  21.537 0.6666669846
50483  -44.234  -17.808  24.137 0.3333329856
49729  -46.553  -19.294  25.434 0.1111110002
51997  -46.798  -16.679  23.543 0.1111110002
93030  -45.346  -19.900  25.578 0.1111110002
90800  -47.921  -19.121  25.439 0.1111110002
50476  -47.937  -18.363  25.001 0.1111110002
52799  -46.536  -15.350  22.520 0.4444440007
47442  -45.592  -22.081  27.336 0.1111110002
49731  -48.690  -18.800  25.470 0.1111110002
52035  -48.311  -16.902  17.919 0.6666669846
29461  -4.490  -46.030  50.112 0.1111110002
29489  -5.278  -47.044  49.252 0.3333329856
29474  -5.419  -46.378  49.646 0.4444440007
29490  -6.054  -46.950  48.497 0.5555559993
29506  -6.732  -47.084  47.848 0.6666669846
29488  -3.430  -46.965  49.120 0.1111110002
30934  -3.842  -44.858  48.574 0.1111110002
30237  -3.724  -45.271  47.647 0.1111110002
30223  -4.475  -45.370  50.252 0.1111110002
29463  -6.498  -45.820  49.974 0.3333329856
100425  -3.840  -45.889  50.039 0.1111110002
107377  -5.786  -46.701  49.064 0.3333329856
29491  -6.882  -46.629  48.183 0.6666669846
30222  -3.748  -45.624  49.913 0.1111110002
101512  -6.307  -46.468  49.002 0.5555559993
29507  -7.503  -46.848  47.579 0.5555559993
93317  -3.788  -45.388  49.423 0.1111110002
97467  -4.094  -43.932  48.543 0.1111110002
30936  -4.061  -44.140  47.808 0.1111110002
98202  -4.326  -43.551  47.218 0.1111110002
30225  -5.950  -44.962  50.851 0.2222220004
30224  -5.262  -45.165  50.456 0.1111110002
29462  -5.638  -45.542  50.296 0.2222220004
29451  -6.470  -45.065  50.901 0.2222220004
107221  -3.819  -45.045  50.075 0.1111110002
29475  -7.327  -46.224  49.020 0.4444440007
30931  -3.845  -44.812  49.850 0.1111110002
98003  -4.004  -44.338  49.238 0.1111110002
94246  -4.137  -45.043  50.230 0.1111110002
30928  -4.226  -44.372  50.143 0.1111110002
96364  -8.225  -46.223  49.587 0.2222220004
94567  -4.216  -43.639  49.752 0.1111110002
92032  -8.748  -46.376  47.958 0.4444440007
29508  -8.407  -46.648  47.295 0.4444440007
29648  -24.252  -46.486  36.521 0.5555559993
34606  -29.423  -39.637  32.801 0.5555559993
34607  -30.326  -39.630  32.165 0.6666669846
91697  -31.323  -39.841  32.011 0.6666669846
34622  -30.930  -39.347  31.512 0.7777780294
35331  -31.201  -38.772  30.854 0.7777780294
35342  -32.301  -38.251  30.072 0.7777780294
35321  -29.646  -39.062  32.128 0.6666669846
35339  -29.938  -38.035  30.896 0.7777780294
35341  -31.542  -38.175  30.224 0.7777780294
35319  -28.317  -38.654  33.313 0.7777780294
35328  -28.539  -38.094  32.330 0.7777780294
35320  -28.987  -38.853  32.697 0.6666669846
36055  -28.133  -37.279  32.053 0.7777780294
36061  -28.752  -37.415  31.493 0.7777780294
36062  -29.470  -37.382  30.928 0.7777780294
36873  -29.090  -36.611  31.077 0.7777780294
92147  -40.342  -33.030  28.369 0.6666669846
37696  -35.309  -34.303  32.040 0.2222220004
39053  -40.423  -33.657  28.446 0.6666669846
38387  -36.825  -33.378  33.793 0.1111110002
39734  -40.586  -32.436  28.582 0.6666669846
40401  -36.470  -32.172  33.932 0.1111110002
39023  -37.342  -32.722  34.663 0.1111110002
39701  -36.757  -32.473  34.161 0.1111110002
39031  -37.006  -33.024  34.109 0.1111110002
91990  -40.950  -31.196  29.301 0.4444440007
39700  -36.523  -32.588  33.669 0.1111110002
39722  -40.898  -31.759  28.896 0.5555559993
91333  -39.429  -31.842  27.854 0.7777780294
40391  -37.173  -32.062  34.830 0.1111110002
40390  -36.509  -31.970  34.133 0.2222220004
39693  -37.234  -32.317  34.754 0.1111110002
39024  -38.002  -33.138  35.279 0.1111110002
42967  -40.259  -28.202  24.539 0.7777780294
43836  -40.878  -27.629  24.041 0.6666669846
42019  -36.234  -30.941  34.833 0.2222220004
42018  -35.734  -30.745  34.410 0.2222220004
41184  -36.460  -31.567  34.457 0.2222220004
41185  -37.111  -31.719  35.005 0.2222220004
43846  -41.476  -27.117  23.501 0.6666669846
43847  -42.293  -27.200  23.568 0.6666669846
43848  -43.131  -27.215  23.661 0.5555559993
44599  -41.200  -26.587  22.988 0.7777780294
44600  -41.937  -26.607  22.956 0.6666669846
98698  -42.778  -26.680  23.002 0.6666669846
42000  -36.777  -29.885  36.226 0.1111110002
42009  -35.903  -30.211  35.265 0.1111110002
42010  -36.484  -30.436  35.611 0.1111110002
42871  -34.782  -29.411  34.433 0.2222220004
42008  -35.421  -29.850  34.841 0.2222220004
44601  -43.615  -26.733  23.064 0.6666669846
44614  -43.291  -26.296  22.412 0.6666669846
45309  -43.849  -25.839  22.010 0.6666669846
45323  -44.383  -25.575  21.554 0.7777780294
42865  -35.111  -28.924  35.117 0.1111110002
42856  -35.921  -28.770  36.100 0.1111110002
42870  -34.149  -28.868  33.923 0.1111110002
95583  -34.009  -28.104  34.112 0.1111110002
45324  -45.197  -25.578  21.408 0.7777780294
45322  -43.711  -25.319  21.483 0.7777780294
46061  -45.319  -24.865  20.767 0.5555559993
46062  -46.134  -25.239  21.004 0.3333329856
46768  -44.363  -24.220  20.698 0.7777780294
48216  -40.686  -21.386  28.630 0.2222220004
47426  -41.353  -21.711  27.969 0.2222220004
47427  -42.156  -21.979  28.151 0.1111110002
48222  -39.607  -21.561  27.718 0.2222220004
48223  -40.439  -21.570  27.809 0.2222220004
47450  -39.498  -21.763  26.415 0.2222220004
47438  -40.049  -21.638  27.090 0.2222220004
92123  -40.495  -21.803  26.503 0.3333329856
88269  -39.074  -21.846  25.709 0.4444440007
104739  -39.969  -21.651  25.924 0.4444440007
104628  -40.747  -21.878  26.099 0.3333329856
104248  -40.393  -21.527  25.602 0.4444440007
46069  -46.227  -24.639  20.371 0.5555559993
106506  -43.795  -23.188  20.569 0.7777780294
46774  -44.648  -23.527  20.269 0.7777780294
48207  -40.744  -21.337  29.531 0.1111110002
48217  -41.598  -21.432  28.752 0.1111110002
47439  -40.991  -21.903  27.169 0.3333329856
47440  -41.880  -22.099  27.371 0.2222220004
47506  -44.613  -22.727  19.996 0.7777780294
50520  -48.626  -19.060  18.464 0.5555559993
48997  -49.179  -19.877  18.597 0.3333329856
105096  -49.398  -19.125  18.459 0.3333329856
48204  -38.207  -21.604  28.915 0.2222220004
95514  -39.046  -21.471  28.881 0.2222220004
48206  -39.777  -21.509  29.250 0.2222220004
48214  -38.849  -21.513  28.184 0.3333329856
47514  -47.077  -22.349  19.143 0.6666669846
47501  -43.134  -22.306  20.796 0.7777780294
106474  -47.757  -20.433  18.683 0.5555559993
94242  -46.991  -19.939  18.815 0.5555559993
49761  -48.000  -19.685  18.539 0.5555559993
48193  -39.706  -21.215  30.037 0.1111110002
46773  -43.874  -22.296  20.438 0.7777780294
92701  -45.060  -21.977  19.649 0.7777780294
48282  -46.080  -22.008  19.356 0.6666669846
48287  -46.063  -21.187  19.204 0.6666669846
48279  -43.459  -21.486  20.497 0.7777780294
106694  -44.008  -21.079  20.209 0.7777780294
101396  -44.614  -21.163  19.817 0.7777780294
48990  -46.466  -20.649  19.044 0.6666669846
48983  -44.880  -20.476  19.549 0.7777780294
48989  -45.656  -20.532  19.266 0.7777780294
99571  -46.041  -19.855  19.150 0.7777780294
49759  -45.236  -19.793  19.387 0.7777780294
105477  -45.605  -19.191  19.294 0.7777780294
52835  -47.543  -15.127  17.885 0.6666669846
94236  -46.914  -14.928  18.362 0.6666669846
54319  -48.569  -13.304  16.680 0.5555559993
54321  -49.967  -13.998  15.846 0.4444440007
95755  -50.714  -13.145  15.205 0.4444440007
54338  -51.413  -13.678  15.034 0.4444440007
48981  -43.444  -20.578  20.362 0.7777780294
48982  -44.154  -20.428  20.004 0.7777780294
97883  -46.301  -14.839  18.812 0.7777780294
53568  -47.281  -14.264  18.108 0.7777780294
54307  -47.523  -13.487  17.847 0.7777780294
54308  -47.984  -13.421  17.201 0.7777780294
54320  -49.369  -13.423  16.209 0.5555559993
55031  -49.535  -12.557  15.932 0.5555559993
53553  -45.701  -14.586  20.387 0.4444440007
53561  -46.363  -14.140  19.290 0.5555559993
53560  -45.881  -14.742  19.489 0.6666669846
54300  -46.773  -13.713  19.002 0.6666669846
53567  -46.766  -14.227  18.649 0.6666669846
54301  -47.183  -13.581  18.514 0.6666669846
55018  -48.211  -12.611  17.066 0.7777780294
55019  -48.847  -12.599  16.428 0.7777780294
55729  -49.774  -11.905  15.758 0.6666669846
55032  -50.182  -12.456  15.439 0.4444440007
55040  -51.374  -12.311  14.432 0.4444440007
55718  -49.187  -11.793  16.268 0.7777780294
55730  -50.378  -11.520  15.342 0.4444440007
53554  -46.250  -13.996  20.174 0.5555559993
54294  -47.368  -13.183  19.259 0.5555559993
55012  -47.592  -12.819  18.326 0.6666669846
55717  -48.635  -12.035  16.776 0.7777780294
55715  -48.980  -11.433  16.995 0.7777780294
55731  -51.042  -11.544  14.733 0.4444440007
56407  -50.978  -10.755  15.248 0.4444440007
52807  -47.125  -14.718  22.268 0.3333329856
52806  -46.095  -14.802  21.818 0.4444440007
53548  -47.678  -14.089  21.779 0.4444440007
53555  -47.144  -13.647  20.853 0.3333329856
55719  -49.869  -11.241  16.085 0.7777780294
56406  -50.500  -10.620  16.001 0.5555559993
96326  -51.292  -10.128  15.952 0.4444440007
56392  -49.647  -10.881  17.306 0.7777780294
56398  -50.118  -10.684  16.741 0.7777780294
57086  -52.067  -9.836  16.016 0.5555559993
56399  -50.902  -10.191  16.760 0.6666669846
57070  -51.881  -9.977  16.707 0.5555559993
57076  -52.843  -9.861  16.615 0.5555559993
57077  -53.976  -9.801  16.463 0.5555559993
92972  -54.498  -9.843  17.184 0.4444440007
57078  -54.894  -9.868  16.599 0.5555559993
58502  -55.363  -8.483  16.802 0.2222220004
104969  -55.096  -7.687  16.881 0.3333329856
56393  -50.592  -10.456  17.654 0.6666669846
57071  -52.701  -10.052  17.373 0.4444440007
97604  -53.447  -10.049  17.911 0.3333329856
93777  -53.665  -9.944  17.283 0.3333329856
57068  -54.682  -9.343  18.016 0.3333329856
57798  -54.983  -9.023  17.823 0.2222220004
57073  -54.924  -9.592  17.402 0.3333329856
58501  -55.094  -8.206  17.460 0.2222220004
58500  -54.038  -7.987  17.722 0.2222220004
59238  -53.228  -7.263  17.388 0.1111110002
57074  -55.156  -9.589  16.863 0.3333329856
57799  -55.267  -9.128  17.217 0.2222220004
95800  -54.538  -7.514  17.036 0.1111110002
59241  -53.399  -7.212  16.605 0.1111110002
59240  -52.541  -6.589  16.981 0.1111110002
58503  -54.469  -7.593  16.357 0.3333329856
91305  -53.373  -7.217  15.711 0.1111110002
104228  -52.528  -6.715  16.130 0.1111110002
60041  -51.915  -5.955  14.712 0.1111110002
60034  -51.380  -5.001  15.102 0.1111110002
60040  -51.630  -5.144  14.122 0.1111110002
56394  -51.671  -10.174  17.537 0.6666669846
57072  -54.316  -9.762  17.930 0.3333329856
58498  -54.653  -8.575  18.025 0.2222220004
59235  -52.986  -7.454  18.245 0.1111110002
59234  -51.993  -6.501  18.924 0.1111110002
59237  -52.300  -6.346  17.887 0.1111110002
60023  -52.091  -5.235  18.529 0.1111110002
60026  -51.915  -5.746  17.247 0.1111110002
60832  -52.537  -4.286  18.082 0.1111110002
60035  -51.669  -5.920  15.732 0.1111110002
60022  -51.887  -4.666  17.391 0.1111110002
60836  -52.602  -3.506  17.450 0.1111110002
60844  -51.470  -3.939  15.678 0.1111110002
61562  -52.562  -2.817  16.735 0.1111110002
62239  -53.421  -2.335  17.495 0.1111110002
60856  -51.413  -4.156  13.830 0.1111110002
94065  -52.011  -3.197  16.103 0.1111110002
61570  -51.740  -3.043  15.437 0.1111110002
58496  -52.680  -7.756  19.106 0.1111110002
61553  -53.396  -3.217  18.212 0.1111110002
62249  -53.240  -1.840  16.641 0.1111110002
62263  -52.372  -2.182  15.229 0.1111110002
48992  -48.529  -20.564  18.687 0.4444440007
103245  -48.025  -21.031  18.774 0.4444440007
48288  -46.794  -21.495  19.028 0.6666669846
48289  -47.802  -21.769  18.915 0.5555559993
28893  -24.211  -47.396  37.663 0.3333329856
29649  -25.007  -46.416  36.707 0.3333329856
36069  -31.217  -37.403  29.952 0.7777780294
35343  -33.109  -38.345  29.891 0.7777780294
39037  -35.992  -33.127  32.494 0.2222220004
53546  -45.627  -14.638  21.093 0.4444440007
52827  -46.557  -15.469  18.587 0.7777780294
29459  -3.752  -46.278  49.590 0.1111110002
30358  -25.144  -45.213  35.473 0.5555559993
30939  -4.098  -44.380  46.765 0.1111110002
29492  -7.828  -46.462  48.037 0.4444440007
30923  -4.815  -43.940  50.804 0.1111110002
93135  -30.796  -40.416  32.558 0.6666669846
35330  -30.229  -38.817  31.333 0.7777780294
35329  -29.296  -38.311  31.623 0.7777780294
35340  -30.710  -38.105  30.499 0.7777780294
38386  -36.375  -33.525  33.013 0.2222220004
39694  -37.981  -32.541  35.406 0.1111110002
42968  -41.151  -28.336  24.677 0.5555559993
42866  -35.660  -29.339  35.512 0.1111110002
41999  -36.198  -29.636  35.899 0.1111110002
46775  -45.332  -24.073  20.306 0.6666669846
48215  -39.728  -21.536  28.441 0.2222220004
96464  -46.931  -24.268  20.132 0.4444440007
97843  -45.253  -23.382  19.937 0.7777780294
48205  -38.840  -21.340  29.562 0.2222220004
47507  -45.595  -22.818  19.607 0.7777780294
48280  -44.281  -21.779  20.127 0.7777780294
48991  -47.298  -20.894  18.839 0.5555559993
48191  -37.920  -21.426  29.799 0.1111110002
48281  -45.366  -21.232  19.428 0.7777780294
53575  -47.854  -14.367  17.422 0.6666669846
53576  -48.488  -14.092  16.897 0.6666669846
54336  -50.077  -13.271  15.670 0.4444440007
54337  -50.739  -14.022  15.564 0.3333329856
104365  -51.228  -12.960  14.794 0.4444440007
100143  -47.751  -12.872  17.611 0.6666669846
54288  -46.886  -13.644  19.822 0.5555559993
55015  -47.920  -12.397  17.739 0.6666669846
55033  -50.769  -12.337  14.932 0.4444440007
56397  -49.479  -11.139  16.617 0.7777780294
53547  -46.492  -14.215  21.258 0.4444440007
55008  -47.939  -12.624  19.008 0.5555559993
55711  -48.421  -11.879  17.522 0.7777780294
104014  -48.149  -13.632  21.209 0.4444440007
57796  -54.511  -8.964  18.394 0.2222220004
105414  -51.899  -6.101  16.573 0.1111110002
60025  -51.573  -5.222  16.632 0.1111110002
60850  -51.339  -4.041  14.796 0.1111110002
58497  -53.799  -8.440  18.528 0.1111110002
103531  -51.990  -5.294  17.878 0.1111110002
60823  -52.979  -3.893  18.943 0.1111110002
99784  -51.354  -4.802  15.951 0.1111110002
60835  -51.783  -3.956  16.624 0.1111110002
61577  -51.507  -2.941  14.463 0.1111110002
61571  -52.531  -2.397  15.999 0.1111110002
95796  -51.873  -7.018  19.727 0.1111110002
48993  -49.498  -20.863  18.865 0.3333329856
89602  -10.125  -49.606  50.811 0.1111110002
27384  -9.336  -49.449  51.557 0.1111110002
27391  -9.985  -49.737  49.880 0.3333329856
26563  -6.355  -50.441  51.631 0.1111110002
27376  -7.087  -50.192  52.537 0.2222220004
26575  -10.713  -50.021  50.233 0.1111110002
26588  -11.272  -50.332  49.609 0.1111110002
94420  -12.711  -50.635  50.067 0.1111110002
26603  -11.505  -50.487  48.724 0.3333329856
26605  -12.970  -50.865  48.297 0.1111110002
26606  -13.533  -50.984  48.519 0.1111110002
27405  -11.030  -50.007  48.159 0.6666669846
26617  -11.797  -50.403  47.933 0.2222220004
26619  -13.453  -50.948  47.716 0.1111110002
26618  -12.582  -50.642  47.773 0.2222220004
27413  -12.950  -50.305  47.058 0.3333329856
27422  -12.351  -49.778  46.465 0.4444440007
26620  -14.379  -51.127  47.461 0.1111110002
26632  -13.768  -50.638  46.826 0.2222220004
26633  -14.641  -50.819  46.605 0.2222220004
27424  -14.026  -50.342  45.978 0.3333329856
27440  -19.029  -49.879  45.478 0.1111110002
93292  -20.342  -49.852  44.873 0.1111110002
27467  -21.071  -49.588  43.469 0.1111110002
27463  -16.537  -49.314  43.642 0.4444440007
27441  -19.929  -50.064  45.599 0.1111110002
94887  -19.525  -49.764  44.845 0.1111110002
27456  -19.855  -49.663  44.142 0.1111110002
27484  -21.481  -49.447  42.759 0.1111110002
27455  -18.733  -49.652  44.576 0.1111110002
100886  -20.358  -49.538  43.568 0.2222220004
27454  -17.770  -49.726  44.416 0.2222220004
27465  -18.280  -49.346  43.804 0.2222220004
91013  -19.108  -49.422  43.904 0.2222220004
27466  -19.691  -49.344  43.354 0.2222220004
103987  -21.168  -49.214  42.132 0.1111110002
28130  -18.822  -49.048  43.087 0.3333329856
27483  -20.473  -49.264  42.711 0.2222220004
28142  -18.225  -48.716  42.384 0.4444440007
28145  -20.622  -48.989  41.722 0.2222220004
28144  -19.850  -48.845  41.987 0.2222220004
28143  -19.035  -48.770  42.199 0.3333329856
28157  -20.068  -48.766  41.125 0.2222220004
28831  -17.778  -47.986  41.049 0.5555559993
28156  -19.267  -48.643  41.341 0.3333329856
28170  -19.563  -48.418  40.501 0.2222220004
28171  -20.355  -48.589  40.365 0.2222220004
28169  -18.708  -48.238  40.740 0.5555559993
28185  -19.952  -48.157  39.594 0.2222220004
28172  -21.480  -48.645  40.031 0.2222220004
28186  -20.811  -48.467  39.744 0.3333329856
28187  -21.474  -48.441  39.257 0.3333329856
28856  -20.694  -48.174  38.929 0.4444440007
29464  -7.634  -45.915  50.204 0.1111110002
28189  -23.055  -48.580  39.602 0.2222220004
28198  -23.381  -48.257  38.844 0.2222220004
28197  -22.346  -48.335  38.842 0.2222220004
28874  -22.889  -47.940  38.166 0.2222220004
28860  -26.788  -47.611  39.287 0.1111110002
28875  -23.764  -47.827  38.230 0.2222220004
28878  -26.361  -47.204  38.704 0.1111110002
28876  -24.615  -47.670  38.374 0.2222220004
28891  -22.443  -47.563  37.517 0.2222220004
28862  -27.961  -46.961  39.586 0.1111110002
28861  -27.438  -47.463  39.536 0.1111110002
29590  -27.299  -46.901  38.974 0.1111110002
29606  -26.714  -46.478  38.329 0.1111110002
29605  -25.877  -46.853  38.068 0.1111110002
28894  -25.058  -47.184  37.829 0.2222220004
29627  -25.456  -46.634  37.291 0.2222220004
29626  -24.650  -46.893  37.138 0.3333329856
29576  -28.831  -46.326  40.743 0.1111110002
28846  -28.516  -47.085  40.268 0.1111110002
29591  -28.402  -46.249  39.914 0.1111110002
29628  -26.270  -46.199  37.587 0.1111110002
30325  -25.724  -45.930  36.725 0.3333329856
30304  -28.719  -45.490  40.461 0.1111110002
29608  -27.981  -46.228  39.137 0.1111110002
29607  -27.431  -46.128  38.624 0.1111110002
30317  -27.141  -45.592  38.045 0.1111110002
33090  -29.722  -42.014  38.805 0.1111110002
33102  -30.014  -42.083  36.918 0.1111110002
33865  -36.527  -40.517  32.609 0.2222220004
90082  -29.483  -41.893  37.795 0.1111110002
33852  -35.007  -41.116  33.037 0.2222220004
33853  -35.986  -40.960  33.227 0.2222220004
33103  -30.856  -42.266  36.279 0.1111110002
32434  -31.507  -42.300  35.685 0.2222220004
33146  -32.220  -41.825  34.293 0.2222220004
33147  -33.078  -41.943  34.177 0.2222220004
33166  -33.528  -41.559  33.563 0.3333329856
33863  -34.563  -40.667  32.365 0.3333329856
88486  -30.787  -41.991  35.671 0.2222220004
33129  -31.900  -42.064  35.051 0.2222220004
33850  -33.107  -41.045  33.005 0.2222220004
33165  -32.645  -41.525  33.567 0.2222220004
30310  -28.359  -45.334  39.535 0.1111110002
95963  -28.719  -44.633  40.266 0.1111110002
31693  -28.478  -43.315  39.492 0.1111110002
31675  -28.960  -42.759  40.113 0.1111110002
33082  -29.297  -42.010  39.357 0.1111110002
99934  -27.880  -45.471  38.728 0.1111110002
101761  -28.396  -44.280  39.584 0.1111110002
90662  -28.609  -42.496  39.256 0.1111110002
32375  -29.146  -42.235  39.776 0.1111110002
91654  -27.854  -44.674  38.329 0.1111110002
31017  -28.172  -43.925  38.857 0.1111110002
33081  -28.768  -42.016  38.915 0.1111110002
33089  -29.017  -41.767  38.465 0.1111110002
33864  -35.550  -40.606  32.491 0.2222220004
32373  -21.519  -41.978  39.529 0.1111110002
30340  -26.197  -45.232  36.383 0.3333329856
30326  -26.639  -45.454  37.122 0.2222220004
30327  -27.474  -44.734  37.486 0.1111110002
33101  -29.111  -41.887  36.882 0.1111110002
33113  -29.275  -41.761  36.336 0.1111110002
32372  -21.169  -42.227  38.898 0.4444440007
101465  -25.560  -45.451  36.082 0.3333329856
31024  -26.914  -44.710  36.678 0.3333329856
33114  -29.874  -41.783  35.963 0.1111110002
33127  -30.321  -41.707  35.199 0.2222220004
33851  -34.042  -41.075  33.015 0.3333329856
34611  -35.132  -40.180  31.779 0.2222220004
101733  -26.453  -44.673  36.086 0.4444440007
33145  -31.163  -41.666  34.522 0.2222220004
33164  -31.713  -41.444  33.651 0.2222220004
33849  -32.200  -41.063  32.976 0.2222220004
31040  -25.530  -44.505  34.976 0.5555559993
31030  -25.867  -44.938  35.737 0.5555559993
31711  -28.127  -42.944  38.726 0.1111110002
31016  -27.879  -43.648  38.011 0.1111110002
94617  -28.946  -41.778  37.493 0.1111110002
32387  -28.288  -42.275  38.345 0.1111110002
33088  -28.586  -41.900  38.041 0.1111110002
33803  -29.117  -41.567  35.897 0.1111110002
31025  -27.655  -43.960  36.956 0.2222220004
33100  -28.622  -42.184  36.979 0.1111110002
106655  -28.748  -41.986  36.648 0.1111110002
33802  -28.844  -41.694  36.179 0.1111110002
33862  -33.577  -40.649  32.345 0.3333329856
31739  -27.000  -43.987  36.162 0.4444440007
33801  -28.467  -41.831  36.037 0.2222220004
33814  -28.684  -41.575  35.411 0.2222220004
33815  -29.353  -41.611  35.300 0.2222220004
33833  -29.960  -41.349  34.511 0.2222220004
33834  -30.725  -41.286  33.793 0.2222220004
33861  -32.662  -40.616  32.355 0.4444440007
34610  -34.092  -40.087  31.645 0.4444440007
103684  -26.125  -43.901  34.970 0.4444440007
33813  -28.180  -41.410  35.151 0.2222220004
34570  -28.282  -41.007  34.705 0.4444440007
33832  -28.922  -41.297  34.631 0.2222220004
105489  -30.073  -41.128  33.895 0.3333329856
33848  -31.244  -40.994  33.051 0.4444440007
33860  -31.744  -40.541  32.411 0.4444440007
34608  -32.261  -39.909  31.851 0.4444440007
98870  -34.051  -39.550  30.990 0.4444440007
32453  -25.986  -43.010  33.922 0.5555559993
34598  -29.297  -40.320  33.438 0.4444440007
34599  -29.997  -40.214  32.805 0.4444440007
34609  -33.140  -40.018  31.773 0.4444440007
34625  -33.499  -39.624  31.201 0.4444440007
34623  -31.768  -39.351  31.312 0.5555559993
34624  -32.726  -39.332  31.122 0.5555559993
34638  -33.504  -39.048  30.589 0.4444440007
35332  -32.055  -38.767  30.650 0.5555559993
35344  -33.973  -38.614  29.986 0.5555559993
33079  -21.881  -41.651  39.150 0.2222220004
31725  -27.797  -42.989  37.356 0.2222220004
32386  -28.076  -42.492  37.457 0.1111110002
31740  -27.557  -43.310  36.578 0.2222220004
31753  -26.710  -43.613  35.431 0.4444440007
33099  -28.320  -42.197  36.512 0.2222220004
31768  -26.478  -43.181  34.649 0.5555559993
34585  -28.138  -40.143  34.316 0.4444440007
36073  -41.697  -37.772  30.430 0.1111110002
32416  -27.866  -42.537  36.511 0.2222220004
31754  -27.305  -43.128  35.956 0.2222220004
32433  -27.580  -42.311  35.673 0.2222220004
33812  -27.852  -41.431  35.246 0.3333329856
32432  -27.113  -42.288  34.961 0.4444440007
33811  -27.518  -41.058  34.909 0.3333329856
34569  -27.920  -40.677  34.699 0.4444440007
34584  -27.709  -39.943  34.268 0.4444440007
34597  -28.629  -39.566  33.631 0.4444440007
35310  -27.422  -39.355  33.875 0.5555559993
38407  -41.912  -34.056  29.375 0.1111110002
38406  -41.122  -33.894  28.883 0.1111110002
39047  -42.494  -33.340  29.761 0.1111110002
90518  -41.677  -33.211  29.210 0.1111110002
39054  -40.937  -33.118  28.763 0.4444440007
40418  -43.639  -31.909  30.587 0.1111110002
39716  -43.811  -32.663  30.581 0.1111110002
39715  -43.052  -32.570  30.150 0.1111110002
39724  -42.152  -32.447  29.595 0.1111110002
39042  -43.527  -33.507  30.300 0.1111110002
40427  -41.624  -31.617  29.480 0.2222220004
39723  -41.357  -32.401  29.025 0.2222220004
41222  -40.438  -30.524  29.461 0.5555559993
41221  -39.578  -30.084  29.245 0.5555559993
40411  -44.606  -31.835  31.604 0.1111110002
39708  -44.338  -32.251  31.101 0.1111110002
40409  -43.395  -31.078  30.833 0.1111110002
40417  -42.630  -31.604  30.153 0.1111110002
41209  -40.732  -30.015  30.290 0.4444440007
41223  -41.210  -30.788  29.881 0.3333329856
42947  -40.824  -28.807  26.162 0.3333329856
42949  -42.633  -28.798  26.499 0.2222220004
42960  -44.167  -28.399  25.830 0.2222220004
42948  -41.745  -28.848  26.349 0.3333329856
42959  -43.342  -28.579  25.615 0.2222220004
43827  -44.655  -27.786  25.353 0.2222220004
42956  -40.533  -28.634  25.293 0.3333329856
42958  -42.461  -28.754  25.628 0.2222220004
42970  -42.992  -28.346  24.909 0.3333329856
43828  -45.519  -27.542  25.593 0.2222220004
43812  -45.870  -27.959  26.345 0.2222220004
43829  -46.375  -27.397  25.863 0.1111110002
43826  -43.842  -28.124  25.082 0.2222220004
44576  -45.103  -26.976  24.893 0.1111110002
42969  -42.073  -28.391  24.812 0.3333329856
43840  -44.303  -27.411  24.598 0.2222220004
44577  -46.075  -26.723  25.073 0.1111110002
43838  -42.623  -27.798  24.254 0.3333329856
44589  -43.948  -27.063  23.835 0.3333329856
44578  -46.839  -26.856  25.487 0.1111110002
44592  -46.316  -26.160  24.379 0.1111110002
44593  -46.996  -26.166  24.868 0.1111110002
44591  -45.606  -26.477  24.196 0.1111110002
44603  -45.291  -26.342  23.162 0.1111110002
44604  -46.102  -25.965  23.621 0.1111110002
44602  -44.431  -26.662  23.142 0.4444440007
45286  -47.621  -25.615  24.255 0.1111110002
45285  -46.842  -25.744  23.995 0.1111110002
45300  -47.390  -25.354  23.485 0.1111110002
45298  -46.032  -25.877  22.681 0.1111110002
45299  -46.731  -25.622  23.137 0.1111110002
45311  -45.316  -25.970  22.253 0.1111110002
102955  -44.764  -26.329  22.570 0.4444440007
45310  -44.595  -25.947  22.043 0.4444440007
45301  -48.093  -25.091  23.710 0.1111110002
45313  -47.231  -25.279  22.768 0.1111110002
45312  -46.723  -25.502  22.280 0.1111110002
45325  -46.019  -25.638  21.778 0.2222220004
46049  -47.488  -25.075  21.911 0.2222220004
46048  -46.720  -25.330  21.500 0.2222220004
46063  -47.115  -24.867  20.801 0.2222220004
46777  -47.815  -24.081  20.271 0.2222220004
46064  -48.168  -24.618  21.184 0.2222220004
46778  -48.540  -23.552  20.098 0.2222220004
47509  -47.901  -23.331  19.697 0.2222220004
47511  -49.312  -23.181  20.404 0.2222220004
46776  -46.165  -23.707  19.878 0.4444440007
47508  -46.561  -22.946  19.444 0.3333329856
95295  -47.314  -22.987  19.423 0.3333329856
47515  -47.911  -22.633  19.266 0.3333329856
51234  -49.639  -17.958  17.923 0.4444440007
52044  -49.629  -16.532  17.382 0.4444440007
52043  -48.741  -16.311  17.517 0.4444440007
52836  -48.252  -15.444  17.385 0.4444440007
52837  -49.174  -15.603  17.067 0.4444440007
106410  -48.519  -14.878  16.976 0.4444440007
53588  -49.625  -14.343  16.346 0.4444440007
53587  -49.059  -13.946  16.604 0.4444440007
54289  -47.734  -13.362  20.332 0.4444440007
54290  -48.606  -13.271  20.719 0.3333329856
54295  -48.199  -12.894  19.871 0.4444440007
55013  -48.208  -12.124  18.421 0.5555559993
106232  -48.637  -11.673  18.192 0.5555559993
55712  -49.167  -11.282  17.951 0.6666669846
55009  -48.617  -12.321  19.437 0.2222220004
93150  -49.096  -11.669  18.969 0.3333329856
55713  -49.822  -10.989  18.806 0.3333329856
56386  -49.916  -10.774  18.057 0.4444440007
94463  -17.211  -50.065  45.001 0.2222220004
27453  -16.875  -49.729  44.298 0.2222220004
26636  -17.939  -50.495  46.565 0.1111110002
26648  -17.622  -50.090  45.837 0.1111110002
27439  -18.134  -49.910  45.223 0.1111110002
26555  -6.756  -50.541  52.249 0.2222220004
90255  -7.563  -49.786  52.685 0.2222220004
27383  -8.407  -49.451  52.316 0.1111110002
26587  -10.536  -50.000  49.516 0.4444440007
26574  -5.313  -50.228  50.249 0.2222220004
27412  -12.136  -50.058  47.257 0.2222220004
26646  -15.823  -50.414  45.680 0.1111110002
26645  -14.910  -50.467  45.798 0.2222220004
28857  -21.456  -48.054  38.470 0.4444440007
28872  -20.707  -47.694  38.140 0.4444440007
28892  -23.331  -47.533  37.550 0.2222220004
33163  -26.345  -41.626  33.762 0.5555559993
94823  -26.915  -40.889  34.198 0.4444440007
97767  -20.543  -42.718  39.748 0.3333329856
88362  -41.253  -34.717  29.149 0.1111110002
40426  -40.488  -31.187  28.930 0.5555559993
43760  -38.415  -27.641  29.678 0.4444440007
51242  -49.206  -17.159  17.698 0.4444440007
27438  -16.203  -50.019  44.870 0.2222220004
28155  -18.457  -48.487  41.595 0.3333329856
28873  -22.111  -47.903  38.116 0.3333329856
32454  -26.510  -42.390  34.132 0.5555559993
34637  -32.736  -38.765  30.427 0.6666669846
43837  -41.746  -27.768  24.152 0.3333329856
56387  -50.619  -10.679  18.612 0.3333329856
44615  -44.097  -26.366  22.500 0.4444440007
42957  -41.455  -28.759  25.456 0.3333329856
25811  -6.019  -50.434  50.974 0.1111110002
25805  -7.093  -51.016  52.629 0.1111110002
27377  -7.753  -50.186  53.244 0.2222220004
26604  -12.311  -50.729  48.511 0.1111110002
26589  -12.124  -50.622  49.348 0.1111110002
27457  -20.718  -49.729  44.172 0.1111110002
100962  -19.302  -49.606  44.377 0.1111110002
27482  -19.571  -49.043  42.680 0.2222220004
107382  -20.970  -48.713  40.353 0.2222220004
28877  -25.488  -47.496  38.529 0.2222220004
33128  -31.189  -41.901  35.246 0.2222220004
105948  -28.176  -44.765  38.971 0.1111110002
32402  -28.372  -42.205  37.544 0.1111110002
33800  -28.120  -41.713  35.529 0.2222220004
33846  -29.424  -40.946  33.981 0.3333329856
34586  -28.656  -40.540  34.131 0.4444440007
33847  -30.197  -40.844  33.295 0.4444440007
102774  -27.039  -42.930  35.348 0.4444440007
33126  -27.966  -41.864  35.783 0.2222220004
97396  -27.841  -41.118  35.011 0.3333329856
33125  -27.619  -41.583  35.260 0.3333329856
33831  -27.465  -40.505  34.431 0.4444440007
35311  -27.914  -39.245  33.889 0.4444440007
40416  -41.886  -31.010  30.142 0.2222220004
42060  -39.906  -29.676  30.048 0.4444440007
102275  -42.986  -28.755  26.029 0.2222220004
100690  -43.537  -28.691  26.418 0.2222220004
42950  -44.485  -28.482  26.616 0.2222220004
43839  -43.485  -27.697  24.382 0.3333329856
44590  -44.774  -26.803  23.969 0.1111110002
94034  -47.135  -23.601  19.734 0.3333329856
51243  -50.131  -17.323  17.638 0.4444440007
90654  -49.991  -16.018  17.059 0.4444440007
52849  -49.107  -14.706  16.674 0.4444440007
55010  -49.490  -12.136  19.979 0.2222220004
26647  -16.746  -50.314  45.647 0.1111110002
106504  -17.203  -50.494  46.251 0.1111110002
26586  -4.838  -50.408  49.699 0.1111110002
28088  -3.430  -48.640  48.959 0.1111110002
27399  -3.587  -49.218  48.681 0.1111110002
26634  -15.528  -50.840  46.438 0.1111110002
33151  -37.289  -41.394  34.232 0.1111110002
33854  -37.071  -40.877  33.392 0.1111110002
33169  -37.905  -40.880  33.856 0.1111110002
36844  -32.373  -34.713  34.709 0.1111110002
36845  -32.738  -34.817  33.754 0.1111110002
42059  -39.118  -29.200  29.790 0.4444440007
91260  -39.389  -28.721  30.576 0.3333329856
100102  -40.142  -29.270  30.879 0.3333329856
42042  -38.789  -28.304  30.231 0.2222220004
42043  -39.798  -28.278  31.179 0.3333329856
42904  -38.978  -27.744  30.832 0.2222220004
42903  -38.544  -27.920  30.106 0.3333329856
43748  -39.023  -27.468  30.350 0.2222220004
43749  -39.383  -27.010  30.923 0.2222220004
42889  -39.789  -27.372  31.242 0.2222220004
43761  -38.925  -27.387  29.659 0.2222220004
44521  -39.380  -27.116  30.376 0.2222220004
43762  -39.603  -27.335  29.511 0.2222220004
42936  -41.131  -28.586  27.008 0.2222220004
44522  -39.909  -26.827  30.799 0.2222220004
51235  -50.521  -18.022  18.095 0.3333329856
52850  -49.971  -15.229  16.679 0.3333329856
55041  -52.028  -12.273  14.015 0.2222220004
98264  -53.185  -11.868  13.154 0.2222220004
55742  -52.175  -11.417  13.736 0.2222220004
56425  -52.542  -10.525  13.722 0.2222220004
55750  -53.384  -11.208  12.805 0.2222220004
55749  -52.777  -11.265  13.284 0.2222220004
55741  -51.579  -11.512  14.196 0.3333329856
56418  -51.365  -10.867  14.609 0.2222220004
56419  -51.928  -10.667  14.219 0.2222220004
57118  -53.130  -9.912  13.841 0.2222220004
56426  -53.152  -10.411  13.231 0.2222220004
56431  -53.798  -10.333  12.735 0.2222220004
57103  -53.697  -9.490  14.433 0.3333329856
57119  -53.870  -9.633  13.499 0.2222220004
57127  -54.398  -9.715  12.881 0.2222220004
100050  -55.439  -10.172  12.126 0.3333329856
57120  -54.968  -9.213  13.592 0.3333329856
57087  -52.847  -9.671  15.742 0.3333329856
57102  -52.724  -9.826  14.585 0.2222220004
57128  -55.252  -9.553  12.672 0.3333329856
57104  -54.615  -9.211  14.393 0.4444440007
92675  -53.883  -9.550  15.512 0.4444440007
94635  -54.371  -9.339  15.109 0.4444440007
57105  -55.452  -8.734  14.605 0.4444440007
57121  -56.220  -8.770  13.729 0.3333329856
57824  -55.961  -8.149  14.392 0.3333329856
57088  -54.801  -9.778  15.939 0.4444440007
57089  -55.070  -9.242  15.478 0.4444440007
57814  -55.389  -8.602  15.313 0.4444440007
58514  -55.294  -8.398  15.806 0.4444440007
58521  -55.530  -8.010  15.163 0.4444440007
57807  -55.355  -9.104  15.958 0.3333329856
58513  -54.956  -7.774  15.644 0.3333329856
42916  -37.930  -28.132  29.514 0.5555559993
56408  -51.783  -10.107  15.128 0.3333329856
105021  -54.652  -9.834  16.097 0.4444440007
58504  -55.172  -8.051  16.289 0.3333329856
53602  -51.671  -14.431  15.472 0.2222220004
42937  -42.060  -28.591  27.297 0.2222220004
52045  -50.457  -16.600  17.412 0.3333329856
44541  -40.211  -27.019  30.023 0.2222220004
57079  -55.175  -9.613  16.281 0.3333329856
29493  -9.281  -46.576  48.768 0.1111110002
32435  -32.382  -42.648  35.605 0.1111110002
32457  -34.320  -42.447  34.767 0.1111110002
32455  -32.696  -42.257  34.850 0.1111110002
36779  -23.344  -36.359  37.607 0.2222220004
33167  -34.459  -41.500  33.642 0.1111110002
97955  -23.390  -35.311  39.078 0.1111110002
96286  -24.752  -34.928  42.222 0.1111110002
89690  -25.467  -34.670  41.972 0.1111110002
105358  -25.600  -34.535  41.582 0.1111110002
37577  -24.798  -34.712  40.984 0.1111110002
37568  -24.754  -34.897  41.566 0.1111110002
37588  -25.299  -34.035  40.451 0.1111110002
37587  -24.144  -34.478  39.905 0.1111110002
38310  -24.765  -33.967  39.151 0.1111110002
38311  -25.660  -33.717  39.692 0.1111110002
38316  -24.674  -34.139  38.187 0.1111110002
38317  -25.724  -33.638  38.665 0.1111110002
37589  -26.563  -33.790  40.379 0.1111110002
38312  -26.720  -33.544  39.393 0.1111110002
38318  -26.854  -33.470  38.597 0.1111110002
36861  -33.566  -35.178  32.760 0.1111110002
37681  -36.289  -34.293  33.397 0.1111110002
37682  -36.748  -34.010  33.754 0.1111110002
36875  -34.319  -34.848  32.356 0.2222220004
37679  -34.981  -34.727  32.678 0.1111110002
37697  -36.027  -34.031  32.599 0.1111110002
41210  -41.575  -30.265  30.526 0.1111110002
102754  -42.034  -29.644  31.300 0.1111110002
42028  -41.950  -28.636  32.015 0.1111110002
42044  -40.962  -29.552  31.099 0.1111110002
42036  -41.117  -28.797  31.683 0.1111110002
103249  -40.457  -28.820  31.364 0.1111110002
42890  -40.409  -28.033  31.647 0.1111110002
42891  -41.169  -27.877  32.058 0.1111110002
42881  -42.040  -27.771  32.360 0.1111110002
43738  -40.615  -27.333  31.586 0.1111110002
43730  -41.626  -27.284  31.950 0.1111110002
44487  -42.668  -26.994  32.229 0.1111110002
44499  -40.072  -26.887  31.197 0.1111110002
44502  -43.318  -26.724  31.748 0.1111110002
44523  -41.705  -26.710  31.134 0.1111110002
95061  -41.901  -26.900  31.807 0.1111110002
44500  -41.027  -26.915  31.464 0.1111110002
46769  -48.766  -23.936  20.771 0.1111110002
44501  -42.459  -26.742  31.604 0.1111110002
44524  -42.889  -26.649  30.899 0.1111110002
44542  -41.059  -26.977  30.168 0.1111110002
48977  -50.878  -20.921  20.928 0.1111110002
48984  -50.676  -20.483  20.231 0.1111110002
48283  -50.430  -21.410  20.199 0.1111110002
48274  -49.968  -22.312  20.505 0.1111110002
48275  -50.492  -21.689  21.226 0.1111110002
48985  -50.997  -20.064  20.873 0.1111110002
49754  -50.884  -19.753  20.390 0.1111110002
47517  -49.387  -22.577  19.745 0.1111110002
49764  -50.982  -19.150  20.097 0.1111110002
48291  -49.725  -21.784  19.411 0.1111110002
50514  -51.173  -18.379  19.780 0.1111110002
51219  -51.496  -17.626  20.437 0.1111110002
50505  -51.227  -18.444  20.761 0.1111110002
51226  -51.488  -17.617  19.308 0.1111110002
49762  -50.007  -20.249  18.853 0.1111110002
50513  -50.777  -19.034  19.109 0.1111110002
51227  -51.826  -16.637  20.022 0.1111110002
47510  -48.664  -22.961  19.685 0.1111110002
47516  -48.756  -22.253  19.223 0.1111110002
52029  -52.150  -16.024  19.184 0.1111110002
48290  -48.746  -21.412  18.919 0.2222220004
49769  -50.083  -19.417  18.612 0.1111110002
50522  -51.043  -18.293  18.781 0.1111110002
52037  -51.998  -16.227  18.253 0.1111110002
51236  -51.296  -17.569  18.366 0.1111110002
52028  -51.779  -16.897  18.775 0.1111110002
52829  -52.479  -15.578  18.554 0.1111110002
52830  -52.898  -14.868  18.912 0.1111110002
50521  -50.468  -18.705  18.519 0.2222220004
52840  -52.244  -15.690  17.643 0.1111110002
52841  -52.834  -15.204  18.120 0.1111110002
53578  -53.487  -14.586  18.243 0.1111110002
52036  -51.545  -16.853  17.965 0.1111110002
92139  -53.589  -14.682  17.262 0.1111110002
54309  -55.269  -13.179  17.594 0.1111110002
54323  -56.003  -12.895  17.006 0.1111110002
52047  -51.696  -16.203  17.689 0.1111110002
93236  -54.362  -13.939  17.674 0.1111110002
54310  -56.157  -12.936  18.111 0.1111110002
54322  -54.928  -13.827  16.700 0.1111110002
53577  -52.806  -15.092  17.270 0.1111110002
53593  -54.047  -14.515  16.579 0.1111110002
52046  -51.145  -16.442  17.516 0.1111110002
52839  -51.438  -15.816  17.169 0.1111110002
52852  -51.831  -15.365  16.740 0.1111110002
53592  -53.161  -14.942  16.420 0.1111110002
53605  -54.468  -14.273  15.844 0.1111110002
53613  -54.742  -13.812  15.145 0.1111110002
52851  -50.889  -15.321  16.566 0.1111110002
53591  -52.165  -15.054  16.195 0.1111110002
53603  -52.612  -14.732  15.543 0.1111110002
53604  -53.560  -14.693  15.682 0.1111110002
53590  -51.206  -14.798  16.053 0.1111110002
53611  -53.036  -14.449  15.068 0.1111110002
54353  -53.812  -13.417  14.264 0.1111110002
52838  -50.663  -15.905  17.056 0.2222220004
54339  -52.250  -14.098  14.975 0.2222220004
54352  -52.929  -13.772  14.604 0.1111110002
55042  -52.740  -12.939  14.037 0.1111110002
54351  -51.968  -13.181  14.526 0.1111110002
53589  -50.365  -14.629  16.143 0.2222220004
55050  -52.654  -12.132  13.526 0.1111110002
56432  -54.590  -10.300  12.363 0.2222220004
52800  -47.622  -15.599  22.942 0.1111110002
52808  -48.135  -14.749  22.536 0.1111110002
53542  -49.049  -14.703  22.609 0.1111110002
53550  -49.357  -14.042  22.136 0.1111110002
54281  -50.200  -13.868  22.182 0.1111110002
54282  -51.025  -13.510  22.271 0.1111110002
53549  -48.599  -14.058  22.042 0.1111110002
55001  -51.038  -12.701  22.426 0.1111110002
55004  -50.773  -12.671  21.822 0.1111110002
54284  -48.984  -13.686  21.417 0.1111110002
56390  -53.366  -9.593  19.288 0.2222220004
56388  -51.676  -10.431  18.539 0.2222220004
56396  -53.513  -9.847  18.565 0.2222220004
57801  -55.360  -9.199  16.578 0.2222220004
58505  -55.378  -8.698  16.277 0.2222220004
58520  -55.068  -7.557  14.868 0.1111110002
58529  -55.109  -7.272  14.066 0.1111110002
58530  -55.812  -7.756  14.388 0.2222220004
58512  -54.228  -7.407  15.290 0.1111110002
58519  -54.170  -7.251  14.382 0.1111110002
57795  -53.796  -8.922  18.970 0.1111110002
57067  -54.036  -9.325  18.635 0.1111110002
58528  -54.048  -7.108  13.428 0.1111110002
59250  -53.315  -7.128  14.783 0.1111110002
53570  -54.234  -13.684  18.861 0.1111110002
54311  -57.018  -12.825  17.666 0.1111110002
52823  -53.120  -14.842  19.768 0.1111110002
90473  -55.575  -13.375  15.275 0.1111110002
54340  -55.496  -13.576  16.001 0.1111110002
54354  -54.984  -13.275  14.458 0.1111110002
37599  -23.496  -35.469  38.098 0.1111110002
56395  -52.665  -10.188  18.154 0.3333329856
37680  -35.644  -34.493  33.006 0.1111110002
105503  -36.388  -33.978  33.142 0.1111110002
95328  -49.912  -18.655  18.249 0.2222220004
26549  -7.973  -50.453  53.390 0.1111110002
95874  -40.648  -26.742  31.045 0.1111110002
51244  -50.905  -17.203  17.778 0.1111110002
33148  -33.932  -41.974  34.180 0.1111110002
32456  -33.475  -42.371  34.743 0.1111110002
37586  -23.351  -35.313  39.938 0.1111110002
37600  -24.015  -34.691  38.663 0.1111110002
95902  -25.932  -34.279  41.090 0.1111110002
37570  -26.399  -34.438  41.629 0.1111110002
48292  -50.217  -20.847  19.392 0.1111110002
49763  -50.529  -19.879  19.472 0.1111110002
53612  -53.796  -14.264  15.014 0.1111110002
54285  -49.653  -13.515  21.706 0.1111110002
56389  -52.776  -10.085  19.063 0.2222220004
91155  -38.727  -20.884  32.259 0.1111110002
48180  -39.396  -20.749  31.587 0.1111110002
48166  -39.782  -20.704  32.586 0.1111110002
48164  -37.874  -21.347  32.014 0.1111110002
106926  -37.725  -21.351  31.420 0.1111110002
48179  -38.410  -21.032  31.312 0.1111110002
90598  -39.201  -20.873  30.797 0.1111110002
48156  -40.591  -20.556  33.438 0.1111110002
48165  -38.977  -20.861  33.044 0.1111110002
48155  -39.589  -20.659  33.605 0.1111110002
48154  -38.741  -20.878  33.760 0.1111110002
48147  -37.999  -21.308  33.983 0.1111110002
36794  -32.595  -35.654  36.901 0.1111110002
48192  -38.579  -21.123  30.361 0.1111110002
44478  -34.064  -26.598  34.155 0.1111110002
102810  -34.199  -25.736  34.068 0.1111110002
45214  -35.069  -25.469  35.184 0.1111110002
45949  -34.642  -25.212  34.434 0.1111110002
45222  -34.232  -25.097  33.551 0.1111110002
45205  -35.996  -25.362  36.393 0.1111110002
45946  -35.544  -24.945  35.561 0.1111110002
45950  -35.225  -24.650  34.731 0.1111110002
45959  -34.672  -24.381  33.959 0.1111110002
46677  -35.258  -23.725  34.214 0.1111110002
56433  -56.310  -10.438  11.864 0.1111110002
57130  -57.231  -9.440  12.395 0.2222220004
55708  -50.009  -11.452  19.658 0.2222220004
55709  -50.657  -10.975  19.392 0.1111110002
56383  -52.128  -10.435  19.602 0.1111110002
57064  -53.099  -9.463  19.833 0.1111110002
57062  -53.000  -9.171  20.055 0.1111110002
57065  -53.465  -9.184  19.394 0.1111110002
56382  -51.323  -10.724  19.199 0.1111110002
101938  -57.668  -8.803  12.800 0.2222220004
57825  -56.716  -8.170  13.622 0.2222220004
57122  -57.018  -8.686  13.110 0.2222220004
57129  -56.227  -9.512  12.446 0.2222220004
56384  -52.811  -9.945  19.866 0.1111110002
45213  -34.500  -26.015  34.843 0.1111110002
56437  -57.540  -10.244  11.901 0.1111110002
56438  -58.458  -10.112  11.886 0.1111110002
94694  -8.392  -46.356  48.761 0.1111110002
29494  -9.608  -46.457  48.069 0.1111110002
100272  -21.357  -49.077  41.440 0.1111110002
28158  -20.791  -48.926  40.924 0.1111110002
28147  -22.835  -49.338  41.963 0.1111110002
91519  -21.465  -48.880  40.719 0.1111110002
28173  -22.013  -48.806  40.405 0.1111110002
28160  -23.242  -48.976  41.192 0.1111110002
28188  -22.179  -48.627  39.734 0.1111110002
28174  -22.723  -48.818  40.406 0.1111110002
90605  -17.668  -42.490  42.943 0.2222220004
31651  -17.666  -42.202  42.008 0.2222220004
89448  -19.258  -42.387  40.907 0.2222220004
31671  -19.528  -42.466  40.245 0.2222220004
93081  -19.988  -42.748  39.882 0.2222220004
31692  -21.119  -42.397  39.892 0.2222220004
33785  -22.547  -40.697  39.982 0.1111110002
93249  -22.493  -38.788  40.014 0.1111110002
35249  -22.467  -37.735  39.766 0.1111110002
34542  -22.475  -39.196  39.139 0.1111110002
35258  -22.423  -38.196  39.044 0.1111110002
35976  -22.476  -37.033  38.999 0.1111110002
101869  -34.036  -35.152  32.779 0.1111110002
42939  -44.010  -28.585  27.178 0.1111110002
42961  -45.011  -28.170  26.090 0.1111110002
57166  -58.204  -8.614  8.596 0.1111110002
56463  -57.655  -10.270  8.264 0.1111110002
56462  -56.785  -10.071  8.132 0.1111110002
57164  -56.798  -8.559  8.092 0.1111110002
57864  -56.278  -7.853  8.117 0.1111110002
57865  -57.574  -8.265  8.391 0.1111110002
57158  -58.737  -8.658  9.319 0.1111110002
54291  -49.345  -13.191  21.029 0.1111110002
55006  -49.773  -12.518  20.776 0.1111110002
55005  -49.027  -12.766  20.303 0.1111110002
57138  -58.535  -9.417  12.160 0.1111110002
57833  -57.492  -8.298  12.967 0.1111110002
57132  -58.648  -8.661  12.087 0.1111110002
57139  -58.874  -9.217  11.595 0.1111110002
57848  -58.731  -8.135  10.098 0.1111110002
57841  -58.824  -8.410  11.168 0.1111110002
57148  -58.943  -8.896  10.566 0.1111110002
58592  -57.461  -7.730  8.657 0.1111110002
57858  -58.313  -7.897  8.971 0.1111110002
58591  -56.551  -7.620  8.445 0.1111110002
55705  -50.260  -11.869  20.496 0.1111110002
58547  -57.040  -7.865  13.291 0.1111110002
58548  -57.766  -7.744  12.548 0.1111110002
57840  -58.550  -7.980  11.511 0.1111110002
58572  -58.517  -7.904  10.634 0.1111110002
58585  -58.348  -7.766  9.843 0.1111110002
58584  -58.000  -7.648  9.307 0.1111110002
58583  -57.201  -7.468  9.165 0.1111110002
58562  -57.720  -7.501  11.563 0.1111110002
58571  -58.044  -7.658  10.497 0.1111110002
58546  -56.493  -7.597  13.279 0.1111110002
31690  -19.984  -42.856  39.180 0.2222220004
33080  -22.206  -41.266  39.579 0.1111110002
89556  -55.890  -7.480  13.759 0.1111110002
58531  -56.429  -7.817  13.886 0.1111110002
28159  -22.214  -48.988  41.175 0.1111110002
31634  -18.321  -42.340  42.691 0.2222220004
35969  -22.517  -36.822  40.088 0.1111110002
57165  -57.726  -9.249  8.350 0.1111110002
91649  -57.029  -9.402  8.135 0.1111110002
103326  -56.880  -7.964  8.270 0.1111110002
55003  -50.031  -12.832  21.532 0.1111110002
57131  -58.158  -8.762  12.601 0.1111110002
57834  -58.285  -8.158  12.424 0.1111110002
58563  -58.233  -7.706  11.807 0.1111110002
88844  -57.109  -7.498  12.480 0.1111110002
88750  -18.923  -42.355  41.900 0.1111110002
31672  -20.048  -42.733  40.709 0.1111110002
90696  -20.592  -42.504  40.716 0.1111110002
89341  -20.593  -42.620  40.281 0.1111110002
31041  -26.294  -44.322  35.534 0.4444440007
31710  -27.927  -42.735  38.090 0.1111110002
92715  -15.931  -43.102  41.586 0.5555559993
97322  -38.646  -32.696  27.349 0.8888890147
104697  -23.712  -42.182  33.691 0.8888890147
106784  -24.915  -33.972  39.868 0.1111110002
