#!ascii label  , from subject OASIS_0001 vox2ras=TkReg
858
29513  -13.265  -45.526  48.160 0.0000000000
36848  -35.057  -35.250  34.074 0.0000000000
41192  -34.705  -30.762  33.211 0.0000000000
37591  -28.667  -34.230  40.064 0.0000000000
48250  -39.860  -21.337  24.820 0.0000000000
46693  -34.396  -23.431  29.561 0.0000000000
35996  -37.286  -37.049  38.033 0.0000000000
36794  -32.595  -35.654  36.901 0.0000000000
89132  -43.671  -22.317  27.031 0.0000000000
49729  -46.553  -19.294  25.434 0.0000000000
51998  -48.146  -16.627  23.763 0.0000000000
45204  -35.475  -25.864  35.937 0.0000000000
44498  -33.249  -26.407  31.756 0.0000000000
47385  -36.731  -22.148  33.752 0.0000000000
48180  -39.396  -20.749  31.587 0.0000000000
93249  -22.493  -38.788  40.014 0.0000000000
29444  -9.533  -46.048  52.505 0.0000000000
39030  -36.488  -33.143  33.224 0.0000000000
106318  -37.384  -30.106  36.507 0.0000000000
36792  -23.776  -36.118  36.903 0.0000000000
38355  -27.072  -33.775  34.289 0.0000000000
53560  -45.881  -14.742  19.489 0.0000000000
54281  -50.200  -13.868  22.182 0.0000000000
47436  -36.998  -22.180  26.704 0.0000000000
47412  -42.382  -21.813  28.847 0.0000000000
30960  -15.301  -43.734  44.847 0.0000000000
29489  -5.278  -47.044  49.252 0.0000000000
48940  -45.783  -20.726  26.107 0.0000000000
45951  -35.812  -24.002  35.078 0.0000000000
33086  -22.081  -41.624  38.183 0.0000000000
93251  -11.332  -46.652  50.062 0.0000000000
37710  -35.394  -34.310  31.167 0.0000000000
37681  -36.289  -34.293  33.397 0.0000000000
38317  -25.724  -33.638  38.665 0.0000000000
37633  -25.098  -34.576  35.237 0.0000000000
89171  -28.215  -33.528  37.373 0.0000000000
36804  -33.924  -35.954  35.505 0.0000000000
37647  -31.802  -34.506  34.766 0.0000000000
36860  -32.996  -35.125  32.773 0.0000000000
100023  -27.265  -34.586  41.901 0.0000000000
37587  -24.144  -34.478  39.905 0.0000000000
51206  -42.748  -17.983  21.954 0.0000000000
52021  -44.892  -15.881  20.166 0.0000000000
52802  -49.674  -15.326  23.049 0.0000000000
45982  -33.567  -24.890  30.020 0.0000000000
46702  -35.956  -22.798  27.793 0.0000000000
48194  -40.686  -21.271  30.272 0.0000000000
31672  -20.048  -42.733  40.709 0.0000000000
90604  -19.017  -42.475  42.970 0.0000000000
30962  -17.620  -43.462  45.541 0.0000000000
31632  -16.084  -42.955  42.369 0.0000000000
29506  -6.732  -47.084  47.848 0.0000000000
36806  -36.275  -35.685  36.083 0.0000000000
37648  -37.793  -34.520  35.318 0.0000000000
37625  -39.360  -34.903  37.046 0.0000000000
36755  -31.756  -35.823  40.701 0.0000000000
36771  -31.321  -35.143  38.626 0.0000000000
98178  -33.426  -36.762  38.878 0.0000000000
35993  -34.778  -36.986  37.637 0.0000000000
47464  -41.954  -22.134  26.229 0.0000000000
48254  -42.940  -20.778  25.861 0.0000000000
49726  -43.464  -19.210  24.788 0.0000000000
51199  -45.108  -17.179  23.940 0.0000000000
52005  -45.764  -15.740  22.676 0.0000000000
50486  -47.563  -17.712  24.477 0.0000000000
42864  -34.534  -28.457  34.625 0.0000000000
42879  -33.320  -28.249  32.359 0.0000000000
102810  -34.199  -25.736  34.068 0.0000000000
95371  -34.407  -24.292  33.033 0.0000000000
46687  -35.671  -22.826  32.021 0.0000000000
103681  -36.732  -21.749  30.751 0.0000000000
48153  -38.073  -21.162  33.001 0.0000000000
93579  -22.731  -40.293  41.089 0.0000000000
31692  -21.119  -42.397  39.892 0.0000000000
93150  -49.096  -11.669  18.969 0.0000000000
30206  -8.338  -44.810  53.270 0.0000000000
39041  -35.627  -33.292  30.659 0.0000000000
40399  -35.784  -31.875  32.920 0.0000000000
39023  -37.342  -32.722  34.663 0.0000000000
41185  -37.111  -31.719  35.005 0.0000000000
42009  -35.903  -30.211  35.265 0.0000000000
43705  -36.454  -28.080  36.453 0.0000000000
38346  -30.042  -33.922  36.243 0.0000000000
36739  -23.353  -36.157  41.370 0.0000000000
97983  -22.659  -37.714  38.181 0.0000000000
52806  -46.095  -14.802  21.818 0.0000000000
53555  -47.144  -13.647  20.853 0.0000000000
54295  -48.199  -12.894  19.871 0.0000000000
55004  -50.773  -12.671  21.822 0.0000000000
30266  -11.873  -45.277  45.413 0.0000000000
30239  -10.698  -45.931  46.822 0.0000000000
88269  -39.074  -21.846  25.709 0.0000000000
48204  -38.207  -21.604  28.915 0.0000000000
48222  -39.607  -21.561  27.718 0.0000000000
47439  -40.991  -21.903  27.169 0.0000000000
47441  -43.374  -22.464  27.598 0.0000000000
30268  -14.464  -44.717  46.094 0.0000000000
29493  -9.281  -46.576  48.768 0.0000000000
29452  -7.187  -45.332  50.838 0.0000000000
30217  -5.858  -44.611  51.092 0.0000000000
29496  -12.272  -46.223  48.952 0.0000000000
36875  -34.319  -34.848  32.356 0.0000000000
37679  -34.981  -34.727  32.678 0.0000000000
36864  -35.359  -34.950  33.515 0.0000000000
37590  -27.716  -33.786  39.769 0.0000000000
38326  -27.582  -33.478  38.055 0.0000000000
38327  -28.612  -33.786  38.244 0.0000000000
36825  -34.711  -35.508  34.702 0.0000000000
36846  -33.480  -35.019  33.768 0.0000000000
36862  -34.055  -35.220  33.430 0.0000000000
36874  -33.690  -34.912  32.052 0.0000000000
36752  -29.620  -34.972  41.538 0.0000000000
36740  -29.413  -35.111  42.225 0.0000000000
37580  -28.942  -34.454  41.099 0.0000000000
37589  -26.563  -33.790  40.379 0.0000000000
52020  -44.377  -16.423  20.506 0.0000000000
90519  -35.246  -31.814  31.849 0.0000000000
41191  -34.432  -30.767  32.257 0.0000000000
45987  -34.062  -24.144  29.885 0.0000000000
45986  -33.576  -24.784  28.573 0.0000000000
94883  -35.190  -22.850  29.040 0.0000000000
89448  -19.258  -42.387  40.907 0.0000000000
88840  -19.708  -42.526  42.240 0.0000000000
31651  -17.666  -42.202  42.008 0.0000000000
90605  -17.668  -42.490  42.943 0.0000000000
31649  -16.292  -43.119  41.017 0.0000000000
36023  -36.706  -36.405  36.626 0.0000000000
89680  -38.073  -35.462  36.462 0.0000000000
36011  -38.419  -35.854  37.112 0.0000000000
35962  -32.249  -36.304  41.224 0.0000000000
35970  -32.619  -36.178  40.121 0.0000000000
35964  -33.811  -36.984  40.211 0.0000000000
88321  -36.737  -37.509  38.569 0.0000000000
35981  -35.074  -37.372  38.368 0.0000000000
35994  -35.633  -37.131  37.672 0.0000000000
36008  -35.320  -36.748  36.931 0.0000000000
47465  -42.822  -22.203  26.542 0.0000000000
48253  -41.984  -21.096  25.688 0.0000000000
48237  -42.808  -21.746  26.139 0.0000000000
92169  -46.268  -19.982  25.751 0.0000000000
48953  -44.302  -19.742  25.328 0.0000000000
49727  -45.035  -19.172  25.048 0.0000000000
50483  -44.234  -17.808  24.137 0.0000000000
50475  -45.714  -18.453  24.802 0.0000000000
100572  -45.847  -17.755  24.321 0.0000000000
102624  -47.174  -18.299  24.855 0.0000000000
106255  -35.138  -27.149  35.592 0.0000000000
43710  -34.320  -27.557  34.516 0.0000000000
44476  -35.025  -26.355  35.491 0.0000000000
46678  -35.823  -23.090  34.376 0.0000000000
46677  -35.258  -23.725  34.214 0.0000000000
46680  -35.404  -22.993  33.585 0.0000000000
46686  -34.886  -23.395  31.916 0.0000000000
46683  -35.764  -22.522  32.887 0.0000000000
91779  -36.357  -22.221  32.224 0.0000000000
47386  -37.236  -21.736  33.414 0.0000000000
105599  -22.496  -38.168  41.294 0.0000000000
97245  -22.552  -39.325  42.084 0.0000000000
34539  -22.646  -39.655  40.633 0.0000000000
32373  -21.519  -41.978  39.529 0.0000000000
55705  -50.260  -11.869  20.496 0.0000000000
93864  -50.838  -11.354  20.179 0.0000000000
29434  -8.922  -45.591  53.113 0.0000000000
38394  -35.894  -33.491  32.335 0.0000000000
38398  -35.634  -33.923  30.837 0.0000000000
39714  -35.657  -32.613  32.219 0.0000000000
39706  -35.681  -32.281  32.455 0.0000000000
40408  -35.973  -32.142  33.147 0.0000000000
38347  -39.127  -34.017  36.500 0.0000000000
38377  -37.788  -33.856  35.177 0.0000000000
39013  -38.575  -32.981  36.085 0.0000000000
41170  -37.836  -30.766  36.583 0.0000000000
40383  -37.851  -31.880  35.591 0.0000000000
41177  -36.853  -31.151  35.279 0.0000000000
42019  -36.234  -30.941  34.833 0.0000000000
42010  -36.484  -30.436  35.611 0.0000000000
42856  -35.921  -28.770  36.100 0.0000000000
42857  -36.625  -29.009  36.388 0.0000000000
104240  -25.898  -34.041  35.096 0.0000000000
36793  -32.034  -34.924  37.179 0.0000000000
37624  -31.170  -34.366  37.057 0.0000000000
36801  -31.520  -34.603  36.431 0.0000000000
37646  -30.949  -34.340  34.070 0.0000000000
96286  -24.752  -34.928  42.222 0.0000000000
37599  -23.496  -35.469  38.098 0.0000000000
36769  -22.916  -36.128  38.497 0.0000000000
35989  -23.109  -37.259  37.508 0.0000000000
34550  -22.982  -39.013  37.021 0.0000000000
52007  -47.543  -16.395  23.449 0.0000000000
52799  -46.536  -15.350  22.520 0.0000000000
52800  -47.622  -15.599  22.942 0.0000000000
53543  -49.901  -14.530  22.565 0.0000000000
52808  -48.135  -14.749  22.536 0.0000000000
53549  -48.599  -14.058  22.042 0.0000000000
54289  -47.734  -13.362  20.332 0.0000000000
54284  -48.984  -13.686  21.417 0.0000000000
54291  -49.345  -13.191  21.029 0.0000000000
54286  -50.425  -13.283  21.914 0.0000000000
43737  -33.138  -27.288  32.010 0.0000000000
42888  -32.752  -28.971  31.088 0.0000000000
47460  -37.864  -22.323  25.174 0.0000000000
47449  -38.312  -21.903  26.325 0.0000000000
48178  -37.618  -21.371  30.748 0.0000000000
47400  -37.030  -21.674  29.989 0.0000000000
48192  -38.579  -21.123  30.361 0.0000000000
48208  -41.640  -21.378  29.518 0.0000000000
48206  -39.777  -21.509  29.250 0.0000000000
48216  -40.686  -21.386  28.630 0.0000000000
48223  -40.439  -21.570  27.809 0.0000000000
47426  -41.353  -21.711  27.969 0.0000000000
47440  -41.880  -22.099  27.371 0.0000000000
97502  -42.698  -22.186  28.271 0.0000000000
30961  -16.166  -43.496  45.161 0.0000000000
30948  -15.976  -43.898  46.069 0.0000000000
30256  -15.453  -44.561  47.137 0.0000000000
30947  -14.954  -44.402  45.561 0.0000000000
30958  -13.619  -44.604  44.642 0.0000000000
30970  -13.635  -44.472  43.616 0.0000000000
29523  -9.268  -46.538  46.245 0.0000000000
29494  -9.608  -46.457  48.069 0.0000000000
29508  -8.407  -46.648  47.295 0.0000000000
29490  -6.054  -46.950  48.497 0.0000000000
29475  -7.327  -46.224  49.020 0.0000000000
29463  -6.498  -45.820  49.974 0.0000000000
29451  -6.470  -45.065  50.901 0.0000000000
29462  -5.638  -45.542  50.296 0.0000000000
89605  -34.623  -37.784  40.616 0.0000000000
47442  -45.592  -22.081  27.336 0.0000000000
48239  -44.964  -21.235  26.564 0.0000000000
47468  -46.279  -21.811  26.871 0.0000000000
45946  -35.544  -24.945  35.561 0.0000000000
33792  -22.587  -40.399  38.270 0.0000000000
33788  -22.377  -40.716  39.167 0.0000000000
88344  -12.129  -47.115  51.248 0.0000000000
89015  -10.776  -47.000  51.522 0.0000000000
37695  -35.018  -34.663  31.086 0.0000000000
37696  -35.309  -34.303  32.040 0.0000000000
38386  -36.375  -33.525  33.013 0.0000000000
42851  -37.893  -28.697  37.202 0.0000000000
37609  -24.041  -34.924  37.732 0.0000000000
89885  -24.038  -35.725  36.096 0.0000000000
38334  -25.474  -33.936  36.917 0.0000000000
38335  -26.529  -33.598  36.756 0.0000000000
38344  -27.793  -33.585  35.930 0.0000000000
36018  -33.039  -36.129  36.531 0.0000000000
36821  -32.118  -34.954  35.612 0.0000000000
101738  -32.565  -35.125  35.473 0.0000000000
36845  -32.738  -34.817  33.754 0.0000000000
91494  -32.686  -34.956  30.787 0.0000000000
37560  -26.938  -34.691  42.397 0.0000000000
105358  -25.600  -34.535  41.582 0.0000000000
95902  -25.932  -34.279  41.090 0.0000000000
38310  -24.765  -33.967  39.151 0.0000000000
49739  -41.998  -19.059  22.431 0.0000000000
52820  -45.438  -15.364  19.815 0.0000000000
52000  -49.448  -16.475  23.764 0.0000000000
52792  -49.129  -16.061  23.300 0.0000000000
44520  -33.066  -26.074  30.920 0.0000000000
103690  -35.438  -23.250  27.201 0.0000000000
47423  -36.583  -22.341  27.707 0.0000000000
89402  -40.404  -20.737  31.669 0.0000000000
88850  -40.080  -20.841  30.832 0.0000000000
48181  -40.965  -21.024  30.975 0.0000000000
31654  -20.971  -42.243  41.068 0.0000000000
98607  -20.931  -42.574  41.731 0.0000000000
30973  -19.588  -43.004  44.640 0.0000000000
31615  -18.699  -42.924  44.554 0.0000000000
31622  -17.253  -42.747  43.600 0.0000000000
31620  -15.597  -43.338  43.071 0.0000000000
30984  -14.199  -44.192  42.346 0.0000000000
30995  -14.864  -43.970  41.222 0.0000000000
104086  -35.409  -35.495  34.738 0.0000000000
36850  -36.559  -35.162  34.587 0.0000000000
36827  -36.880  -35.402  35.443 0.0000000000
106418  -38.739  -34.964  36.585 0.0000000000
36753  -30.366  -35.073  40.766 0.0000000000
37603  -29.552  -34.483  39.327 0.0000000000
36762  -31.482  -35.313  39.280 0.0000000000
36772  -32.114  -35.788  38.752 0.0000000000
35991  -33.137  -36.550  38.166 0.0000000000
35259  -34.367  -37.385  39.295 0.0000000000
35980  -34.182  -37.102  38.408 0.0000000000
36006  -33.596  -36.538  37.085 0.0000000000
36020  -34.357  -36.554  36.034 0.0000000000
36805  -34.586  -36.022  35.436 0.0000000000
36742  -30.651  -35.627  42.046 0.0000000000
48235  -40.696  -21.363  25.393 0.0000000000
48251  -40.178  -21.062  24.454 0.0000000000
48252  -41.000  -20.900  25.136 0.0000000000
48950  -41.431  -20.365  24.706 0.0000000000
48962  -41.903  -19.955  24.026 0.0000000000
48938  -43.837  -20.482  25.764 0.0000000000
48952  -43.233  -19.940  25.340 0.0000000000
49735  -42.130  -19.205  23.548 0.0000000000
50481  -42.430  -18.492  23.077 0.0000000000
51207  -43.211  -17.422  22.478 0.0000000000
51208  -43.780  -16.864  22.599 0.0000000000
52004  -44.051  -16.321  22.177 0.0000000000
51995  -44.552  -16.615  23.074 0.0000000000
51997  -46.798  -16.679  23.543 0.0000000000
101946  -48.027  -17.103  24.170 0.0000000000
50476  -47.937  -18.363  25.001 0.0000000000
51202  -48.776  -16.878  24.121 0.0000000000
42871  -34.782  -29.411  34.433 0.0000000000
42027  -33.985  -30.099  32.749 0.0000000000
95583  -34.009  -28.104  34.112 0.0000000000
43720  -33.771  -27.425  33.771 0.0000000000
44486  -33.398  -26.595  32.631 0.0000000000
45949  -34.642  -25.212  34.434 0.0000000000
45222  -34.232  -25.097  33.551 0.0000000000
45226  -33.924  -25.071  32.517 0.0000000000
45233  -34.003  -24.698  31.525 0.0000000000
46685  -34.381  -23.865  31.310 0.0000000000
46691  -34.852  -22.864  30.614 0.0000000000
47409  -35.683  -22.447  29.585 0.0000000000
47391  -36.018  -22.183  31.266 0.0000000000
47392  -37.036  -21.747  31.603 0.0000000000
91155  -38.727  -20.884  32.259 0.0000000000
48165  -38.977  -20.861  33.044 0.0000000000
48166  -39.782  -20.704  32.586 0.0000000000
100829  -22.321  -41.503  41.123 0.0000000000
33080  -22.206  -41.266  39.579 0.0000000000
32364  -21.873  -41.748  40.385 0.0000000000
32353  -21.599  -41.898  40.472 0.0000000000
89341  -20.593  -42.620  40.281 0.0000000000
40407  -35.719  -32.164  32.515 0.0000000000
41183  -35.593  -31.381  33.424 0.0000000000
37667  -36.724  -34.604  34.200 0.0000000000
101127  -37.178  -33.790  34.382 0.0000000000
39031  -37.006  -33.024  34.109 0.0000000000
39693  -37.234  -32.317  34.754 0.0000000000
40401  -36.470  -32.172  33.932 0.0000000000
41193  -36.168  -31.887  33.638 0.0000000000
92313  -36.031  -31.449  34.002 0.0000000000
42017  -35.192  -30.353  34.011 0.0000000000
42865  -35.111  -28.924  35.117 0.0000000000
43712  -35.438  -28.538  35.624 0.0000000000
43699  -36.282  -27.162  36.485 0.0000000000
43701  -37.727  -27.675  37.289 0.0000000000
44468  -36.911  -26.643  36.898 0.0000000000
37611  -29.841  -34.145  37.907 0.0000000000
103918  -29.450  -33.807  36.607 0.0000000000
97768  -28.789  -33.555  35.015 0.0000000000
92278  -31.296  -34.410  35.397 0.0000000000
38357  -30.058  -33.868  34.163 0.0000000000
91653  -22.861  -36.948  42.480 0.0000000000
97409  -22.520  -37.776  40.674 0.0000000000
37576  -24.015  -35.470  41.143 0.0000000000
35969  -22.517  -36.822  40.088 0.0000000000
35258  -22.423  -38.196  39.044 0.0000000000
94280  -22.759  -39.692  37.582 0.0000000000
52797  -44.784  -15.617  21.928 0.0000000000
52805  -45.183  -15.035  21.398 0.0000000000
53553  -45.701  -14.586  20.387 0.0000000000
53547  -46.492  -14.215  21.258 0.0000000000
53554  -46.250  -13.996  20.174 0.0000000000
54288  -46.886  -13.644  19.822 0.0000000000
54294  -47.368  -13.183  19.259 0.0000000000
55008  -47.939  -12.624  19.008 0.0000000000
55009  -48.617  -12.321  19.437 0.0000000000
55006  -49.773  -12.518  20.776 0.0000000000
30253  -12.434  -45.520  46.405 0.0000000000
29512  -12.243  -45.884  48.145 0.0000000000
30252  -11.305  -45.511  46.144 0.0000000000
42035  -33.725  -30.194  31.773 0.0000000000
47462  -39.505  -21.565  25.237 0.0000000000
47410  -36.549  -22.065  29.325 0.0000000000
47424  -37.062  -22.034  28.421 0.0000000000
47425  -37.926  -21.686  27.978 0.0000000000
48193  -39.706  -21.215  30.037 0.0000000000
95514  -39.046  -21.471  28.881 0.0000000000
88349  -38.867  -21.747  27.217 0.0000000000
47450  -39.498  -21.763  26.415 0.0000000000
104739  -39.969  -21.651  25.924 0.0000000000
104628  -40.747  -21.878  26.099 0.0000000000
90940  -41.412  -22.098  26.551 0.0000000000
47451  -42.361  -22.257  26.890 0.0000000000
105789  -43.526  -22.430  27.289 0.0000000000
29498  -14.611  -45.585  48.844 0.0000000000
29526  -15.158  -44.771  47.536 0.0000000000
29524  -13.785  -45.187  47.462 0.0000000000
90625  -13.088  -45.347  45.937 0.0000000000
30276  -12.808  -44.964  44.956 0.0000000000
29495  -10.942  -46.490  48.705 0.0000000000
29477  -10.395  -46.818  49.803 0.0000000000
29466  -9.747  -46.689  50.501 0.0000000000
29492  -7.828  -46.462  48.037 0.0000000000
96364  -8.225  -46.223  49.587 0.0000000000
29453  -8.085  -45.578  51.395 0.0000000000
30220  -8.081  -45.178  52.360 0.0000000000
30211  -7.210  -44.518  52.248 0.0000000000
29473  -4.317  -46.899  49.581 0.0000000000
30223  -4.475  -45.370  50.252 0.0000000000
29497  -13.753  -45.699  48.845 0.0000000000
97357  -12.899  -45.874  48.750 0.0000000000
36863  -34.615  -35.123  33.252 0.0000000000
38319  -27.742  -33.629  38.912 0.0000000000
37601  -28.565  -34.104  39.138 0.0000000000
107233  -34.476  -35.205  33.961 0.0000000000
101869  -34.036  -35.152  32.779 0.0000000000
37592  -29.679  -34.491  40.397 0.0000000000
52013  -44.136  -16.259  21.288 0.0000000000
41202  -35.101  -31.417  32.565 0.0000000000
90932  -34.726  -31.251  31.805 0.0000000000
90870  -33.933  -23.986  29.033 0.0000000000
46700  -34.606  -23.464  28.714 0.0000000000
103926  -34.728  -23.079  29.315 0.0000000000
31669  -17.674  -42.506  40.173 0.0000000000
89449  -18.263  -42.233  41.009 0.0000000000
31650  -17.222  -42.593  41.033 0.0000000000
36010  -37.039  -36.816  37.247 0.0000000000
36795  -37.563  -36.222  36.829 0.0000000000
102918  -37.954  -36.576  37.568 0.0000000000
35956  -33.589  -36.919  41.200 0.0000000000
35963  -33.106  -36.561  40.704 0.0000000000
35995  -36.479  -37.159  37.812 0.0000000000
35982  -35.957  -37.493  38.450 0.0000000000
36009  -36.195  -36.951  37.021 0.0000000000
35955  -32.741  -36.720  41.676 0.0000000000
47466  -43.276  -22.011  26.535 0.0000000000
49728  -45.876  -19.196  25.331 0.0000000000
93033  -46.519  -18.612  25.074 0.0000000000
43703  -35.564  -26.767  36.055 0.0000000000
47381  -36.609  -22.568  34.448 0.0000000000
46681  -36.100  -22.492  33.693 0.0000000000
94200  -36.511  -22.104  33.075 0.0000000000
89264  -22.504  -38.820  40.937 0.0000000000
100961  -22.561  -39.821  39.944 0.0000000000
55706  -50.881  -11.598  20.850 0.0000000000
29445  -10.391  -46.664  52.266 0.0000000000
91313  -10.165  -46.163  53.021 0.0000000000
29435  -9.533  -45.839  53.589 0.0000000000
39037  -35.992  -33.127  32.494 0.0000000000
38399  -35.717  -33.214  31.702 0.0000000000
39707  -35.962  -32.470  32.869 0.0000000000
38358  -38.608  -33.620  35.923 0.0000000000
39687  -39.002  -32.941  36.665 0.0000000000
42011  -37.103  -30.693  36.034 0.0000000000
42000  -36.777  -29.885  36.226 0.0000000000
42858  -37.329  -29.277  36.655 0.0000000000
36016  -23.539  -37.655  35.817 0.0000000000
36791  -23.635  -36.681  36.165 0.0000000000
104778  -32.356  -35.575  37.471 0.0000000000
36802  -31.986  -35.038  36.259 0.0000000000
36780  -23.703  -35.641  37.424 0.0000000000
36779  -23.344  -36.359  37.607 0.0000000000
96283  -23.468  -36.807  37.028 0.0000000000
36003  -23.332  -37.498  36.770 0.0000000000
52008  -48.323  -16.146  23.339 0.0000000000
53550  -49.357  -14.042  22.136 0.0000000000
54285  -49.653  -13.515  21.706 0.0000000000
96665  -32.859  -28.043  31.446 0.0000000000
43747  -32.736  -27.110  30.987 0.0000000000
47447  -36.769  -22.675  25.859 0.0000000000
47448  -37.560  -22.261  25.772 0.0000000000
47437  -37.834  -21.830  27.149 0.0000000000
48179  -38.410  -21.032  31.312 0.0000000000
90598  -39.201  -20.873  30.797 0.0000000000
48217  -41.598  -21.432  28.752 0.0000000000
47427  -42.156  -21.979  28.151 0.0000000000
91446  -15.511  -43.956  45.585 0.0000000000
102556  -15.427  -44.308  46.075 0.0000000000
30959  -14.431  -44.123  44.484 0.0000000000
92146  -9.060  -46.474  46.832 0.0000000000
107377  -5.786  -46.701  49.064 0.0000000000
29474  -5.419  -46.378  49.646 0.0000000000
45947  -36.047  -24.437  36.080 0.0000000000
33098  -22.515  -41.138  37.728 0.0000000000
97750  -12.224  -46.820  50.600 0.0000000000
104527  -11.458  -47.102  50.985 0.0000000000
37694  -34.192  -34.782  31.247 0.0000000000
37680  -35.644  -34.493  33.006 0.0000000000
37697  -36.027  -34.031  32.599 0.0000000000
105503  -36.388  -33.978  33.142 0.0000000000
38316  -24.674  -34.139  38.187 0.0000000000
38323  -24.649  -34.421  37.253 0.0000000000
38324  -25.290  -33.823  37.722 0.0000000000
88839  -27.298  -33.476  37.310 0.0000000000
38336  -27.577  -33.505  36.654 0.0000000000
38343  -26.738  -33.604  35.943 0.0000000000
37622  -28.587  -33.608  36.643 0.0000000000
96018  -33.160  -35.655  35.662 0.0000000000
36822  -33.016  -34.935  34.749 0.0000000000
37665  -32.442  -34.953  32.917 0.0000000000
37677  -32.396  -34.940  31.880 0.0000000000
37678  -33.145  -35.042  31.890 0.0000000000
37693  -33.448  -34.859  30.989 0.0000000000
101828  -28.522  -34.766  41.900 0.0000000000
36727  -28.803  -34.844  42.401 0.0000000000
37561  -27.922  -34.721  42.333 0.0000000000
37570  -26.399  -34.438  41.629 0.0000000000
37578  -26.959  -34.185  41.195 0.0000000000
38311  -25.660  -33.717  39.692 0.0000000000
50489  -42.447  -18.432  22.314 0.0000000000
45242  -33.547  -25.215  30.833 0.0000000000
88278  -33.039  -25.703  30.085 0.0000000000
46701  -35.380  -23.144  28.193 0.0000000000
46711  -36.132  -22.585  27.108 0.0000000000
89381  -41.223  -20.791  31.649 0.0000000000
88926  -42.400  -21.315  30.713 0.0000000000
31653  -20.335  -42.608  41.365 0.0000000000
89939  -19.829  -42.695  43.481 0.0000000000
31623  -18.224  -42.488  43.638 0.0000000000
31633  -16.949  -42.668  42.708 0.0000000000
31621  -16.434  -43.050  43.364 0.0000000000
31631  -15.283  -43.426  41.929 0.0000000000
106270  -35.396  -35.853  35.539 0.0000000000
36826  -36.080  -35.488  35.117 0.0000000000
91071  -38.808  -35.310  36.892 0.0000000000
36754  -31.194  -35.339  40.176 0.0000000000
36761  -30.573  -34.798  39.523 0.0000000000
35977  -32.748  -36.414  39.023 0.0000000000
35990  -32.663  -36.267  38.414 0.0000000000
35978  -33.137  -36.620  38.582 0.0000000000
35251  -35.152  -37.975  40.146 0.0000000000
104462  -34.627  -37.701  39.911 0.0000000000
94634  -34.114  -36.816  37.498 0.0000000000
35992  -33.592  -36.768  37.910 0.0000000000
106200  -34.091  -36.622  36.766 0.0000000000
36007  -34.641  -36.657  36.845 0.0000000000
36022  -35.784  -36.385  36.391 0.0000000000
36021  -35.021  -36.842  35.932 0.0000000000
36743  -31.415  -35.925  41.684 0.0000000000
97770  -30.904  -35.564  41.197 0.0000000000
47463  -41.166  -21.879  25.929 0.0000000000
48236  -41.512  -21.677  25.779 0.0000000000
48951  -42.275  -20.185  25.206 0.0000000000
48238  -43.781  -21.317  26.297 0.0000000000
48939  -44.703  -20.545  25.950 0.0000000000
49725  -42.590  -19.515  24.557 0.0000000000
49736  -42.865  -18.784  23.972 0.0000000000
51198  -43.932  -17.218  23.342 0.0000000000
50485  -46.653  -17.875  24.467 0.0000000000
51200  -46.313  -17.240  23.849 0.0000000000
51201  -47.307  -17.096  23.913 0.0000000000
51195  -49.129  -17.437  24.701 0.0000000000
42870  -34.149  -28.868  33.923 0.0000000000
44478  -34.064  -26.598  34.155 0.0000000000
43719  -33.579  -26.755  33.366 0.0000000000
45221  -33.773  -25.934  33.250 0.0000000000
45950  -35.225  -24.650  34.731 0.0000000000
45960  -34.839  -23.586  33.394 0.0000000000
45959  -34.672  -24.381  33.959 0.0000000000
45978  -34.338  -24.139  32.159 0.0000000000
93189  -34.734  -23.241  31.091 0.0000000000
47390  -35.234  -22.777  31.255 0.0000000000
47398  -35.427  -22.484  30.453 0.0000000000
47388  -37.132  -21.747  32.546 0.0000000000
48164  -37.874  -21.347  32.014 0.0000000000
48155  -39.589  -20.659  33.605 0.0000000000
34535  -22.566  -39.861  41.769 0.0000000000
33778  -22.541  -40.423  41.875 0.0000000000
96026  -22.563  -41.041  41.171 0.0000000000
33087  -22.281  -41.176  38.705 0.0000000000
33079  -21.881  -41.651  39.150 0.0000000000
94622  -21.546  -41.975  40.147 0.0000000000
31674  -21.300  -42.136  40.449 0.0000000000
30919  -7.795  -44.464  52.946 0.0000000000
39713  -35.526  -32.705  31.296 0.0000000000
101790  -35.619  -31.839  32.702 0.0000000000
36851  -37.359  -34.989  35.023 0.0000000000
37668  -37.243  -34.329  34.658 0.0000000000
39024  -38.002  -33.138  35.279 0.0000000000
38376  -37.341  -33.276  34.533 0.0000000000
38387  -36.825  -33.378  33.793 0.0000000000
40391  -37.173  -32.062  34.830 0.0000000000
40390  -36.509  -31.970  34.133 0.0000000000
40400  -36.058  -31.984  33.388 0.0000000000
42018  -35.734  -30.745  34.410 0.0000000000
42008  -35.421  -29.850  34.841 0.0000000000
43704  -35.612  -27.782  36.018 0.0000000000
42846  -38.351  -28.221  37.683 0.0000000000
42850  -37.228  -28.328  36.769 0.0000000000
37621  -24.724  -34.789  36.194 0.0000000000
36800  -23.990  -36.197  35.434 0.0000000000
37632  -24.465  -35.438  35.141 0.0000000000
36770  -30.294  -34.665  38.537 0.0000000000
37612  -30.560  -34.422  37.636 0.0000000000
88483  -30.839  -34.302  36.354 0.0000000000
37623  -30.205  -34.094  37.007 0.0000000000
38345  -28.914  -33.787  35.924 0.0000000000
103680  -29.865  -33.642  35.303 0.0000000000
37636  -31.721  -34.755  35.745 0.0000000000
36725  -23.293  -36.134  42.197 0.0000000000
93062  -22.934  -36.694  41.742 0.0000000000
35961  -22.791  -36.817  41.013 0.0000000000
37577  -24.798  -34.712  40.984 0.0000000000
37568  -24.754  -34.897  41.566 0.0000000000
101988  -23.833  -35.156  40.548 0.0000000000
106339  -22.936  -36.930  38.117 0.0000000000
36760  -22.821  -36.040  39.523 0.0000000000
35976  -22.476  -37.033  38.999 0.0000000000
35266  -22.494  -38.674  38.284 0.0000000000
93576  -22.645  -39.033  37.731 0.0000000000
95812  -44.916  -16.023  22.737 0.0000000000
52798  -45.660  -15.258  22.082 0.0000000000
53546  -45.627  -14.638  21.093 0.0000000000
52801  -48.651  -15.481  23.012 0.0000000000
53548  -47.678  -14.089  21.779 0.0000000000
54290  -48.606  -13.271  20.719 0.0000000000
55003  -50.031  -12.832  21.532 0.0000000000
55007  -50.484  -12.203  21.197 0.0000000000
94368  -10.933  -45.440  45.443 0.0000000000
42880  -33.777  -29.105  33.032 0.0000000000
42026  -33.456  -29.242  31.966 0.0000000000
90915  -38.303  -22.063  25.579 0.0000000000
47461  -38.569  -22.028  24.927 0.0000000000
47399  -36.214  -22.061  30.208 0.0000000000
48191  -37.920  -21.426  29.799 0.0000000000
47411  -37.401  -21.783  29.190 0.0000000000
105548  -37.633  -21.806  28.608 0.0000000000
48215  -39.728  -21.536  28.441 0.0000000000
48214  -38.849  -21.513  28.184 0.0000000000
47438  -40.049  -21.638  27.090 0.0000000000
92123  -40.495  -21.803  26.503 0.0000000000
89796  -42.706  -22.317  27.654 0.0000000000
47452  -43.116  -22.394  27.141 0.0000000000
30255  -14.714  -44.714  46.856 0.0000000000
29525  -14.449  -44.882  47.267 0.0000000000
30254  -13.903  -44.994  46.568 0.0000000000
30957  -12.786  -44.975  43.867 0.0000000000
29511  -11.126  -46.181  47.889 0.0000000000
95353  -11.620  -46.286  48.616 0.0000000000
95611  -10.165  -46.737  48.901 0.0000000000
100876  -9.747  -46.782  49.487 0.0000000000
29476  -9.033  -46.501  49.572 0.0000000000
29507  -7.503  -46.848  47.579 0.0000000000
29464  -7.634  -45.915  50.204 0.0000000000
29465  -8.662  -46.190  50.448 0.0000000000
30225  -5.950  -44.962  50.851 0.0000000000
30218  -6.569  -44.648  51.458 0.0000000000
30925  -6.450  -44.268  51.851 0.0000000000
29460  -3.777  -46.582  49.565 0.0000000000
29461  -4.490  -46.030  50.112 0.0000000000
29479  -12.276  -46.364  49.760 0.0000000000
104766  -34.714  -34.598  31.897 0.0000000000
38312  -26.720  -33.544  39.393 0.0000000000
38318  -26.854  -33.470  38.597 0.0000000000
36824  -34.178  -35.566  34.950 0.0000000000
36823  -33.651  -35.329  34.830 0.0000000000
36847  -34.078  -35.258  34.253 0.0000000000
36861  -33.566  -35.178  32.760 0.0000000000
36741  -30.054  -35.426  42.142 0.0000000000
37579  -28.014  -34.266  41.219 0.0000000000
106697  -27.607  -33.976  40.562 0.0000000000
45983  -34.043  -24.376  30.675 0.0000000000
103182  -33.562  -24.589  29.341 0.0000000000
31652  -19.697  -42.530  41.407 0.0000000000
88750  -18.923  -42.355  41.900 0.0000000000
31634  -18.321  -42.340  42.691 0.0000000000
89054  -16.641  -42.650  41.766 0.0000000000
31648  -15.503  -43.491  41.065 0.0000000000
36807  -37.166  -35.711  36.245 0.0000000000
36796  -39.172  -35.543  37.361 0.0000000000
35971  -33.293  -36.655  39.632 0.0000000000
35268  -35.428  -37.775  39.023 0.0000000000
102449  -42.312  -22.007  26.049 0.0000000000
106752  -42.766  -22.071  26.290 0.0000000000
93030  -45.346  -19.900  25.578 0.0000000000
103271  -44.244  -19.024  24.869 0.0000000000
50473  -43.711  -18.492  24.370 0.0000000000
50474  -44.685  -18.520  24.641 0.0000000000
50484  -45.130  -17.945  24.436 0.0000000000
43711  -34.908  -27.907  35.296 0.0000000000
44475  -34.615  -26.926  35.049 0.0000000000
45213  -34.500  -26.015  34.843 0.0000000000
98263  -36.284  -23.265  35.021 0.0000000000
102127  -34.679  -23.630  32.664 0.0000000000
45969  -35.118  -23.041  32.762 0.0000000000
35231  -22.661  -37.932  42.671 0.0000000000
35241  -22.507  -38.595  41.844 0.0000000000
100889  -22.607  -39.498  41.361 0.0000000000
33782  -22.681  -40.327  40.475 0.0000000000
32385  -21.619  -41.869  38.598 0.0000000000
97767  -20.543  -42.718  39.748 0.0000000000
55010  -49.490  -12.136  19.979 0.0000000000
55708  -50.009  -11.452  19.658 0.0000000000
55713  -49.822  -10.989  18.806 0.0000000000
55709  -50.657  -10.975  19.392 0.0000000000
30213  -8.407  -45.246  53.009 0.0000000000
38393  -35.712  -33.916  31.778 0.0000000000
104273  -35.916  -32.055  33.042 0.0000000000
37649  -38.472  -34.269  35.833 0.0000000000
41179  -38.273  -31.815  36.144 0.0000000000
41178  -37.685  -31.422  35.849 0.0000000000
41184  -36.460  -31.567  34.457 0.0000000000
41999  -36.198  -29.636  35.899 0.0000000000
44470  -37.802  -26.947  37.484 0.0000000000
107200  -25.376  -34.491  34.766 0.0000000000
36781  -31.208  -34.969  37.882 0.0000000000
101817  -31.477  -34.599  33.587 0.0000000000
37567  -23.906  -35.384  41.807 0.0000000000
97955  -23.390  -35.311  39.078 0.0000000000
37586  -23.351  -35.313  39.938 0.0000000000
35275  -22.916  -38.207  37.422 0.0000000000
35283  -23.279  -38.338  36.465 0.0000000000
52006  -46.752  -16.035  23.143 0.0000000000
53542  -49.049  -14.703  22.609 0.0000000000
104014  -48.149  -13.632  21.209 0.0000000000
55005  -49.027  -12.766  20.303 0.0000000000
30275  -11.912  -45.280  44.433 0.0000000000
30265  -11.088  -45.441  44.789 0.0000000000
106557  -33.100  -28.597  31.690 0.0000000000
104866  -41.085  -21.429  29.977 0.0000000000
48207  -40.744  -21.337  29.531 0.0000000000
47428  -43.179  -22.414  28.116 0.0000000000
100521  -17.022  -43.321  45.067 0.0000000000
90830  -16.775  -43.604  45.870 0.0000000000
30271  -16.530  -44.054  46.712 0.0000000000
30270  -15.733  -44.308  46.684 0.0000000000
30269  -15.109  -44.545  46.424 0.0000000000
30267  -13.724  -44.878  45.619 0.0000000000
30946  -14.301  -44.562  45.343 0.0000000000
30238  -9.704  -46.100  46.557 0.0000000000
29510  -10.060  -46.200  47.450 0.0000000000
29509  -9.244  -46.365  47.319 0.0000000000
92032  -8.748  -46.376  47.958 0.0000000000
29491  -6.882  -46.629  48.183 0.0000000000
101512  -6.307  -46.468  49.002 0.0000000000
93662  -34.153  -37.306  40.650 0.0000000000
35269  -36.198  -37.883  39.132 0.0000000000
47453  -44.564  -22.113  27.292 0.0000000000
47467  -44.187  -21.883  26.859 0.0000000000
91940  -45.303  -21.737  27.042 0.0000000000
48240  -45.898  -21.389  26.584 0.0000000000
48954  -46.918  -19.687  25.647 0.0000000000
49730  -47.218  -19.007  25.320 0.0000000000
45205  -35.996  -25.362  36.393 0.0000000000
46669  -36.428  -23.633  35.653 0.0000000000
90894  -37.318  -21.915  34.247 0.0000000000
34542  -22.475  -39.196  39.139 0.0000000000
98211  -22.473  -40.057  39.170 0.0000000000
29454  -9.989  -46.665  51.548 0.0000000000
90543  -24.048  -35.225  36.902 0.0000000000
38325  -26.382  -33.588  37.724 0.0000000000
38342  -25.690  -34.046  36.015 0.0000000000
95410  -26.920  -33.691  35.142 0.0000000000
94335  -27.902  -33.566  35.130 0.0000000000
36803  -32.500  -35.536  36.099 0.0000000000
36844  -32.373  -34.713  34.709 0.0000000000
37664  -32.085  -34.732  33.699 0.0000000000
89690  -25.467  -34.670  41.972 0.0000000000
37569  -26.275  -34.607  42.036 0.0000000000
37588  -25.299  -34.035  40.451 0.0000000000
37600  -24.015  -34.691  38.663 0.0000000000
51999  -48.779  -16.441  23.628 0.0000000000
48195  -41.513  -21.331  30.359 0.0000000000
48209  -42.335  -21.486  29.740 0.0000000000
31635  -20.447  -42.678  42.465 0.0000000000
31614  -17.691  -43.004  44.571 0.0000000000
31613  -16.737  -43.093  44.318 0.0000000000
31612  -15.894  -43.346  44.111 0.0000000000
30972  -15.053  -43.652  43.815 0.0000000000
31619  -14.832  -43.710  42.743 0.0000000000
31630  -14.633  -43.905  41.887 0.0000000000
28786  -5.509  -47.639  49.005 0.0000000000
36849  -35.815  -35.284  34.253 0.0000000000
101257  -37.527  -35.290  35.774 0.0000000000
37637  -38.139  -34.867  35.887 0.0000000000
37638  -38.946  -34.501  36.550 0.0000000000
36763  -32.045  -35.766  39.609 0.0000000000
96927  -32.033  -35.625  38.043 0.0000000000
36004  -32.663  -36.064  37.777 0.0000000000
35250  -34.274  -37.502  39.957 0.0000000000
35972  -33.918  -37.023  39.412 0.0000000000
107254  -33.903  -36.955  38.841 0.0000000000
35267  -34.740  -37.547  38.942 0.0000000000
35979  -33.566  -36.815  38.470 0.0000000000
36005  -33.099  -36.340  37.408 0.0000000000
36019  -33.684  -36.344  36.226 0.0000000000
104959  -30.287  -35.375  41.620 0.0000000000
48259  -40.613  -20.597  24.057 0.0000000000
50490  -42.726  -18.018  22.598 0.0000000000
50482  -43.209  -17.955  23.456 0.0000000000
52003  -43.522  -16.918  22.055 0.0000000000
52012  -43.714  -16.781  21.574 0.0000000000
51996  -45.780  -16.476  23.336 0.0000000000
50487  -48.362  -17.565  24.570 0.0000000000
51203  -49.459  -16.928  24.328 0.0000000000
42016  -34.396  -29.824  33.623 0.0000000000
43729  -33.703  -28.178  33.353 0.0000000000
43728  -33.378  -27.389  32.945 0.0000000000
45214  -35.069  -25.469  35.184 0.0000000000
45225  -33.584  -25.912  32.364 0.0000000000
45232  -33.570  -25.562  31.657 0.0000000000
46690  -34.431  -23.474  30.437 0.0000000000
97701  -34.854  -22.813  29.860 0.0000000000
106926  -37.725  -21.351  31.420 0.0000000000
48154  -38.741  -20.878  33.760 0.0000000000
48167  -40.952  -20.590  32.427 0.0000000000
33785  -22.547  -40.697  39.982 0.0000000000
100111  -22.608  -40.934  40.629 0.0000000000
33075  -22.267  -41.373  40.234 0.0000000000
33072  -22.292  -41.498  40.715 0.0000000000
32354  -21.890  -41.804  40.781 0.0000000000
31655  -21.434  -41.977  40.898 0.0000000000
90696  -20.592  -42.504  40.716 0.0000000000
93081  -19.988  -42.748  39.882 0.0000000000
103934  -51.298  -11.019  20.554 0.0000000000
40415  -35.437  -32.343  31.593 0.0000000000
37666  -36.082  -34.840  33.813 0.0000000000
37682  -36.748  -34.010  33.754 0.0000000000
39694  -37.981  -32.541  35.406 0.0000000000
40392  -37.922  -32.143  35.512 0.0000000000
39701  -36.757  -32.473  34.161 0.0000000000
39700  -36.523  -32.588  33.669 0.0000000000
105959  -35.983  -31.770  33.460 0.0000000000
42866  -35.660  -29.339  35.512 0.0000000000
43700  -37.047  -27.445  36.836 0.0000000000
95943  -37.421  -26.955  37.200 0.0000000000
44472  -36.133  -26.272  36.500 0.0000000000
37602  -29.305  -34.293  38.683 0.0000000000
104860  -29.290  -33.981  38.090 0.0000000000
37610  -29.241  -33.786  37.374 0.0000000000
37635  -31.350  -34.620  36.062 0.0000000000
37634  -30.698  -34.274  35.866 0.0000000000
37645  -30.706  -34.014  35.056 0.0000000000
35952  -22.586  -37.515  41.678 0.0000000000
36751  -23.166  -36.009  40.536 0.0000000000
35249  -22.467  -37.735  39.766 0.0000000000
34546  -22.542  -39.531  38.362 0.0000000000
52814  -44.583  -15.582  20.954 0.0000000000
52815  -45.143  -15.084  20.647 0.0000000000
52807  -47.125  -14.718  22.268 0.0000000000
53561  -46.363  -14.140  19.290 0.0000000000
54300  -46.773  -13.713  19.002 0.0000000000
103239  -50.834  -11.764  21.462 0.0000000000
30241  -12.841  -45.541  47.327 0.0000000000
30240  -11.802  -45.772  47.124 0.0000000000
30251  -10.349  -45.680  45.895 0.0000000000
47422  -36.052  -22.499  28.591 0.0000000000
103108  -37.284  -21.989  27.582 0.0000000000
48205  -38.840  -21.340  29.562 0.0000000000
104248  -40.393  -21.527  25.602 0.0000000000
96288  -42.967  -22.194  28.577 0.0000000000
90709  -14.050  -45.357  48.298 0.0000000000
29514  -14.728  -45.126  48.062 0.0000000000
98368  -13.257  -45.362  46.682 0.0000000000
30971  -14.299  -44.049  43.304 0.0000000000
91593  -13.721  -44.430  42.799 0.0000000000
95654  -11.535  -46.453  49.197 0.0000000000
95682  -10.343  -46.487  48.215 0.0000000000
29478  -10.868  -46.622  49.318 0.0000000000
102091  -10.670  -46.935  50.655 0.0000000000
105490  -10.310  -46.864  51.055 0.0000000000
94694  -8.392  -46.356  48.761 0.0000000000
99137  -9.096  -46.155  51.488 0.0000000000
29443  -8.647  -45.608  52.384 0.0000000000
30212  -7.926  -44.830  52.656 0.0000000000
30219  -7.379  -44.890  51.743 0.0000000000
30918  -7.069  -44.031  52.595 0.0000000000
28779  -4.397  -47.700  49.395 0.0000000000
30224  -5.262  -45.165  50.456 0.0000000000
31673  -20.846  -42.424  40.491 0.0000000000
32374  -21.875  -41.660  39.831 0.0000000000
92715  -15.931  -43.102  41.586 0.0000000000
104852  -29.035  -34.329  39.239 0.0000000000
106784  -24.915  -33.972  39.868 0.0000000000
