#!ascii label  , from subject OASIS_0001 vox2ras=TkReg
1307
88889  -45.253  -40.461  30.033 0.0000000000
28180  -34.206  -48.806  41.202 0.0000000000
43008  -48.349  -28.157  20.941 0.0000000000
37777  -37.840  -35.495  24.319 0.0000000000
39081  -46.993  -33.618  27.159 0.0000000000
93724  -39.812  -46.842  34.842 0.0000000000
28952  -31.905  -48.311  29.101 0.0000000000
33900  -32.671  -40.631  27.101 0.0000000000
88215  -28.553  -53.709  41.067 0.0000000000
44616  -54.304  -26.099  22.543 0.0000000000
28944  -25.053  -47.301  30.171 0.0000000000
34678  -42.126  -39.172  27.042 0.0000000000
38437  -42.632  -34.764  26.366 0.0000000000
36099  -46.985  -36.806  28.533 0.0000000000
31783  -42.694  -43.823  33.116 0.0000000000
100670  -36.810  -44.139  31.349 0.0000000000
33202  -39.888  -41.579  28.161 0.0000000000
35404  -36.074  -38.927  25.331 0.0000000000
46075  -55.908  -24.782  20.151 0.0000000000
24361  -32.406  -53.384  39.808 0.0000000000
96323  -26.245  -50.231  36.333 0.0000000000
25939  -30.064  -51.931  34.460 0.0000000000
42097  -46.845  -29.559  25.100 0.0000000000
28884  -36.809  -47.092  38.094 0.0000000000
28914  -30.591  -47.679  35.629 0.0000000000
30387  -33.383  -45.058  33.479 0.0000000000
31808  -29.799  -43.834  29.066 0.0000000000
24328  -24.265  -53.380  42.727 0.0000000000
41213  -50.969  -30.283  31.017 0.0000000000
88725  -51.921  -29.984  26.198 0.0000000000
88359  -54.313  -27.417  27.679 0.0000000000
42990  -53.279  -28.858  22.543 0.0000000000
43034  -55.216  -28.617  18.872 0.0000000000
25918  -22.622  -50.917  37.089 0.0000000000
100246  -28.429  -51.292  28.918 0.0000000000
33911  -43.825  -40.107  27.899 0.0000000000
35381  -44.463  -38.180  27.619 0.0000000000
34653  -46.228  -39.031  28.988 0.0000000000
106144  -43.947  -41.886  31.314 0.0000000000
32490  -41.256  -42.265  30.425 0.0000000000
33205  -42.625  -41.155  28.597 0.0000000000
33908  -40.736  -40.785  27.323 0.0000000000
43887  -47.797  -27.717  18.193 0.0000000000
43889  -49.921  -27.205  18.578 0.0000000000
26686  -33.739  -51.483  40.735 0.0000000000
90094  -31.471  -52.606  37.197 0.0000000000
26691  -32.089  -51.030  38.188 0.0000000000
38461  -38.989  -34.164  24.016 0.0000000000
39079  -44.785  -33.934  26.514 0.0000000000
39767  -42.531  -32.575  25.197 0.0000000000
39770  -45.374  -32.139  25.882 0.0000000000
41259  -45.467  -30.313  24.575 0.0000000000
41248  -46.769  -31.110  26.988 0.0000000000
28908  -38.304  -47.223  36.466 0.0000000000
102923  -35.643  -46.707  35.943 0.0000000000
29692  -36.894  -46.334  34.024 0.0000000000
32497  -34.871  -42.523  29.274 0.0000000000
31799  -33.937  -43.563  30.665 0.0000000000
32509  -31.250  -42.127  28.139 0.0000000000
36124  -36.830  -37.732  25.195 0.0000000000
88852  -51.195  -29.431  28.231 0.0000000000
42962  -54.561  -29.984  25.511 0.0000000000
42129  -55.489  -29.227  23.539 0.0000000000
43011  -54.504  -28.545  21.000 0.0000000000
43003  -56.431  -28.276  21.207 0.0000000000
44636  -56.660  -27.327  18.084 0.0000000000
24342  -25.757  -53.433  41.983 0.0000000000
25136  -22.909  -52.289  39.601 0.0000000000
93409  -24.909  -51.720  38.788 0.0000000000
28222  -25.581  -48.363  33.311 0.0000000000
28213  -23.278  -48.685  33.831 0.0000000000
28941  -22.753  -47.834  31.132 0.0000000000
28931  -30.517  -48.136  32.432 0.0000000000
27552  -31.897  -50.101  32.050 0.0000000000
26788  -31.702  -49.922  29.785 0.0000000000
36128  -39.835  -37.534  26.052 0.0000000000
37772  -40.362  -35.661  25.677 0.0000000000
92133  -42.509  -37.035  26.768 0.0000000000
37749  -44.719  -36.156  27.470 0.0000000000
91194  -47.317  -35.297  27.968 0.0000000000
30394  -40.981  -45.673  34.082 0.0000000000
98308  -38.604  -45.503  32.742 0.0000000000
31094  -40.056  -43.908  32.153 0.0000000000
32501  -38.190  -42.626  29.681 0.0000000000
33215  -36.696  -41.306  27.495 0.0000000000
34670  -34.690  -39.716  25.996 0.0000000000
33927  -37.749  -40.311  26.391 0.0000000000
34690  -39.177  -39.135  26.086 0.0000000000
45328  -56.430  -25.728  21.070 0.0000000000
46771  -55.686  -23.269  21.220 0.0000000000
88323  -30.496  -53.439  39.950 0.0000000000
25896  -27.464  -51.790  38.548 0.0000000000
25164  -30.038  -52.676  37.657 0.0000000000
26719  -28.707  -50.690  35.414 0.0000000000
27550  -27.894  -49.589  32.570 0.0000000000
39095  -40.380  -33.311  24.585 0.0000000000
42133  -45.890  -29.443  22.550 0.0000000000
42136  -48.149  -28.876  23.315 0.0000000000
102520  -34.947  -47.199  39.457 0.0000000000
28879  -31.746  -47.918  38.509 0.0000000000
29632  -33.358  -46.719  37.814 0.0000000000
101010  -31.809  -45.492  35.091 0.0000000000
30401  -30.094  -45.336  32.296 0.0000000000
31075  -35.366  -44.822  32.169 0.0000000000
31086  -31.913  -44.312  31.709 0.0000000000
29710  -29.862  -46.170  28.802 0.0000000000
34619  -47.685  -39.485  32.417 0.0000000000
28835  -35.459  -46.965  41.048 0.0000000000
95298  -39.006  -46.345  38.827 0.0000000000
91798  -41.009  -46.455  37.469 0.0000000000
36065  -48.973  -37.230  31.252 0.0000000000
89632  -50.109  -35.696  30.115 0.0000000000
94896  -49.353  -34.314  29.192 0.0000000000
39718  -50.645  -32.045  31.571 0.0000000000
39736  -48.427  -32.396  29.081 0.0000000000
98684  -49.000  -29.845  28.076 0.0000000000
42099  -49.183  -29.347  25.755 0.0000000000
42976  -49.859  -28.655  23.521 0.0000000000
42096  -53.837  -29.773  26.734 0.0000000000
42114  -53.513  -30.181  24.895 0.0000000000
43860  -50.945  -27.506  21.500 0.0000000000
102393  -51.956  -27.312  19.240 0.0000000000
43873  -56.485  -27.532  19.956 0.0000000000
89618  -21.971  -52.433  40.821 0.0000000000
26711  -20.054  -50.691  35.046 0.0000000000
26704  -24.741  -50.433  36.752 0.0000000000
27524  -21.759  -49.628  34.844 0.0000000000
27530  -31.661  -50.288  35.173 0.0000000000
25951  -29.495  -51.523  31.788 0.0000000000
28258  -27.091  -48.921  29.449 0.0000000000
26799  -25.174  -50.268  26.562 0.0000000000
33892  -44.245  -40.247  28.512 0.0000000000
34651  -44.548  -39.689  28.170 0.0000000000
34645  -45.733  -39.628  29.262 0.0000000000
33185  -44.175  -41.515  30.823 0.0000000000
33184  -43.357  -41.507  30.102 0.0000000000
33192  -44.058  -41.071  29.809 0.0000000000
33891  -43.378  -40.614  28.370 0.0000000000
102272  -47.845  -28.053  20.201 0.0000000000
43031  -48.010  -27.741  19.198 0.0000000000
43888  -48.448  -27.496  18.401 0.0000000000
43867  -48.707  -27.642  20.043 0.0000000000
26685  -33.597  -50.347  40.818 0.0000000000
26688  -33.104  -51.068  40.037 0.0000000000
27513  -32.735  -49.699  40.175 0.0000000000
37782  -37.167  -35.100  23.653 0.0000000000
38453  -38.606  -34.887  24.367 0.0000000000
39080  -46.396  -33.552  26.737 0.0000000000
93870  -45.259  -33.322  26.286 0.0000000000
39761  -45.760  -32.820  26.313 0.0000000000
39771  -45.879  -31.957  26.205 0.0000000000
39752  -46.768  -32.132  27.078 0.0000000000
28918  -39.565  -47.258  35.755 0.0000000000
29673  -38.097  -47.053  35.227 0.0000000000
29684  -38.739  -47.016  34.814 0.0000000000
33196  -34.159  -41.574  28.166 0.0000000000
32511  -33.667  -42.102  28.713 0.0000000000
33211  -32.394  -41.155  27.591 0.0000000000
33209  -30.812  -41.940  27.025 0.0000000000
36133  -37.867  -36.955  25.154 0.0000000000
36941  -35.389  -36.577  23.761 0.0000000000
36942  -36.357  -36.257  24.131 0.0000000000
43842  -55.253  -28.838  24.419 0.0000000000
43850  -55.640  -28.227  23.658 0.0000000000
102036  -56.069  -28.298  22.592 0.0000000000
43851  -56.279  -27.811  22.323 0.0000000000
94820  -26.637  -53.440  41.493 0.0000000000
105666  -25.964  -52.507  40.391 0.0000000000
25139  -26.397  -52.331  39.787 0.0000000000
28930  -24.790  -47.728  32.009 0.0000000000
28929  -23.783  -47.725  32.016 0.0000000000
28942  -23.574  -47.573  30.768 0.0000000000
28254  -22.814  -48.548  29.996 0.0000000000
28255  -23.513  -48.052  29.530 0.0000000000
28938  -30.573  -48.179  31.529 0.0000000000
97851  -32.089  -49.895  31.028 0.0000000000
96670  -31.981  -49.069  29.225 0.0000000000
90249  -40.944  -38.577  26.448 0.0000000000
36115  -40.771  -37.487  26.315 0.0000000000
36117  -42.254  -37.859  26.786 0.0000000000
35382  -45.414  -37.990  27.995 0.0000000000
36105  -44.936  -37.182  27.595 0.0000000000
36106  -46.004  -37.026  28.120 0.0000000000
37751  -46.436  -35.408  27.628 0.0000000000
36904  -47.556  -35.898  28.452 0.0000000000
31080  -42.083  -44.317  33.268 0.0000000000
31078  -40.441  -44.661  32.753 0.0000000000
31781  -41.007  -43.785  32.455 0.0000000000
32503  -40.309  -41.803  28.938 0.0000000000
32488  -39.462  -42.606  30.235 0.0000000000
32516  -38.548  -42.020  28.939 0.0000000000
32515  -37.201  -42.156  28.905 0.0000000000
33216  -37.613  -41.311  27.523 0.0000000000
33904  -37.259  -40.782  26.965 0.0000000000
33905  -38.148  -40.767  26.950 0.0000000000
34677  -41.564  -39.734  26.986 0.0000000000
99377  -39.690  -39.640  26.397 0.0000000000
35394  -40.021  -38.954  26.282 0.0000000000
35408  -39.485  -38.380  26.085 0.0000000000
93895  -31.986  -53.590  40.187 0.0000000000
25155  -30.011  -52.899  38.648 0.0000000000
24365  -31.036  -53.396  38.701 0.0000000000
25172  -31.114  -52.075  35.735 0.0000000000
25924  -30.420  -52.214  35.861 0.0000000000
25938  -29.351  -51.328  34.767 0.0000000000
93504  -27.998  -49.767  34.114 0.0000000000
26726  -29.222  -51.016  33.887 0.0000000000
103065  -41.339  -35.018  25.825 0.0000000000
38455  -40.232  -34.243  24.915 0.0000000000
38450  -41.504  -34.371  25.612 0.0000000000
40464  -42.830  -31.447  24.251 0.0000000000
40463  -42.004  -31.591  24.152 0.0000000000
40471  -42.456  -31.050  23.569 0.0000000000
41260  -46.108  -29.895  24.822 0.0000000000
42121  -45.567  -29.727  23.353 0.0000000000
88724  -46.362  -29.426  23.319 0.0000000000
42134  -46.770  -29.189  22.535 0.0000000000
88575  -47.774  -29.060  23.984 0.0000000000
28883  -35.548  -47.086  38.680 0.0000000000
28882  -34.688  -47.023  38.891 0.0000000000
28898  -35.426  -47.030  37.971 0.0000000000
29681  -34.589  -45.807  35.039 0.0000000000
29669  -34.080  -45.893  35.657 0.0000000000
30373  -32.193  -45.191  34.457 0.0000000000
89560  -30.827  -45.476  33.891 0.0000000000
31064  -31.104  -44.938  33.182 0.0000000000
30412  -38.049  -44.895  32.230 0.0000000000
30404  -37.039  -45.316  32.535 0.0000000000
31089  -36.138  -44.555  31.747 0.0000000000
31809  -31.433  -43.149  29.690 0.0000000000
31099  -32.387  -43.938  31.131 0.0000000000
31796  -30.839  -43.791  30.179 0.0000000000
31106  -29.671  -44.838  30.187 0.0000000000
34685  -35.018  -39.333  25.476 0.0000000000
29634  -40.161  -46.605  37.532 0.0000000000
30379  -43.257  -45.316  35.251 0.0000000000
35336  -48.386  -38.198  31.705 0.0000000000
37700  -50.456  -35.359  31.375 0.0000000000
37701  -50.586  -35.031  31.120 0.0000000000
89541  -49.927  -35.195  29.607 0.0000000000
105831  -50.603  -34.571  30.517 0.0000000000
40420  -50.656  -31.114  31.412 0.0000000000
39726  -49.754  -32.475  30.215 0.0000000000
96546  -49.620  -30.906  30.017 0.0000000000
41239  -48.553  -30.463  28.655 0.0000000000
42075  -49.466  -29.915  28.960 0.0000000000
88727  -51.617  -29.597  27.168 0.0000000000
42086  -50.449  -29.435  27.318 0.0000000000
88726  -50.913  -29.619  26.365 0.0000000000
42111  -49.575  -29.195  24.889 0.0000000000
89033  -50.908  -29.644  25.173 0.0000000000
92732  -54.315  -28.476  28.022 0.0000000000
42138  -54.728  -29.824  23.689 0.0000000000
42115  -54.712  -30.501  25.001 0.0000000000
104589  -52.656  -28.959  23.033 0.0000000000
42989  -51.815  -28.701  23.021 0.0000000000
42998  -52.317  -28.389  22.408 0.0000000000
43870  -51.595  -27.390  20.761 0.0000000000
43862  -52.620  -27.702  20.899 0.0000000000
43022  -54.912  -28.469  19.632 0.0000000000
43033  -53.863  -28.036  18.894 0.0000000000
88381  -54.408  -28.530  18.422 0.0000000000
46071  -56.325  -25.078  20.882 0.0000000000
44622  -56.686  -26.590  21.022 0.0000000000
45336  -56.520  -26.077  19.991 0.0000000000
25891  -22.833  -51.623  38.096 0.0000000000
25135  -22.280  -52.170  39.584 0.0000000000
25903  -21.561  -51.432  37.613 0.0000000000
25916  -20.573  -51.029  36.547 0.0000000000
26700  -21.358  -50.823  36.449 0.0000000000
25920  -27.005  -50.961  37.411 0.0000000000
25908  -26.399  -51.185  37.886 0.0000000000
26717  -25.226  -50.045  36.270 0.0000000000
27533  -22.637  -48.968  34.056 0.0000000000
25957  -21.927  -51.514  30.896 0.0000000000
28203  -30.720  -47.922  36.971 0.0000000000
28208  -30.960  -48.863  36.851 0.0000000000
28211  -30.925  -48.693  35.415 0.0000000000
104751  -30.493  -51.479  30.887 0.0000000000
25960  -30.623  -51.583  31.957 0.0000000000
25958  -29.299  -51.498  30.969 0.0000000000
27562  -27.940  -50.001  30.666 0.0000000000
27569  -27.544  -50.172  29.147 0.0000000000
27599  -24.440  -49.883  27.021 0.0000000000
35379  -42.748  -39.250  27.303 0.0000000000
35396  -42.705  -38.585  27.169 0.0000000000
34661  -44.003  -39.436  27.682 0.0000000000
35368  -45.821  -38.591  28.465 0.0000000000
35369  -46.722  -38.403  28.924 0.0000000000
31793  -43.351  -42.731  32.227 0.0000000000
31791  -41.712  -43.101  31.854 0.0000000000
99444  -42.073  -42.234  30.590 0.0000000000
32505  -41.899  -41.771  29.883 0.0000000000
95706  -40.784  -41.485  28.069 0.0000000000
33219  -40.270  -41.215  27.598 0.0000000000
33220  -41.390  -41.181  27.737 0.0000000000
33910  -42.543  -40.415  27.615 0.0000000000
43902  -50.349  -27.650  16.974 0.0000000000
25876  -33.643  -52.234  40.619 0.0000000000
98234  -32.207  -52.932  38.598 0.0000000000
25884  -32.858  -52.343  39.318 0.0000000000
25913  -32.116  -52.151  37.788 0.0000000000
25925  -31.523  -51.716  35.969 0.0000000000
38439  -44.246  -34.621  26.724 0.0000000000
39089  -42.743  -33.328  25.737 0.0000000000
39091  -44.305  -33.169  26.006 0.0000000000
39769  -44.294  -32.463  25.537 0.0000000000
40466  -44.371  -31.151  24.780 0.0000000000
40473  -44.107  -30.707  23.967 0.0000000000
40467  -45.049  -30.919  25.059 0.0000000000
41255  -45.665  -30.558  25.326 0.0000000000
41256  -46.337  -30.174  25.601 0.0000000000
28901  -37.899  -47.165  37.252 0.0000000000
28905  -35.828  -47.294  37.121 0.0000000000
28915  -37.201  -47.311  36.218 0.0000000000
94243  -36.573  -46.524  34.824 0.0000000000
30376  -35.958  -46.103  34.098 0.0000000000
31813  -36.013  -43.108  29.995 0.0000000000
31800  -35.495  -43.507  30.559 0.0000000000
31811  -34.211  -42.909  29.867 0.0000000000
32495  -32.059  -42.550  29.252 0.0000000000
32494  -31.053  -42.681  28.864 0.0000000000
97102  -30.259  -43.753  27.153 0.0000000000
32519  -30.615  -42.525  27.470 0.0000000000
35415  -36.380  -38.265  25.264 0.0000000000
36130  -34.918  -37.327  24.159 0.0000000000
42045  -51.468  -29.543  30.515 0.0000000000
42076  -50.669  -29.623  29.272 0.0000000000
42062  -52.266  -29.181  29.867 0.0000000000
107002  -52.589  -29.146  29.397 0.0000000000
42088  -53.244  -29.505  27.890 0.0000000000
44583  -54.336  -26.161  26.561 0.0000000000
43830  -54.125  -28.532  25.831 0.0000000000
102875  -54.561  -29.089  25.192 0.0000000000
42128  -55.185  -29.972  24.205 0.0000000000
42992  -55.155  -29.367  23.069 0.0000000000
43000  -53.888  -28.752  21.794 0.0000000000
91295  -55.300  -28.767  22.213 0.0000000000
90987  -55.294  -28.711  21.358 0.0000000000
43023  -55.674  -28.423  19.714 0.0000000000
46081  -55.604  -25.103  19.358 0.0000000000
45341  -56.251  -26.363  19.231 0.0000000000
45340  -55.885  -25.853  18.926 0.0000000000
24341  -24.805  -53.061  42.073 0.0000000000
25112  -23.565  -52.529  41.116 0.0000000000
25113  -24.439  -52.646  41.240 0.0000000000
25150  -24.032  -52.004  39.011 0.0000000000
25905  -23.678  -51.368  37.780 0.0000000000
89114  -26.323  -49.334  34.721 0.0000000000
27536  -25.219  -49.064  35.005 0.0000000000
28221  -24.677  -48.284  33.595 0.0000000000
28230  -23.271  -48.045  32.624 0.0000000000
28228  -21.671  -48.458  32.028 0.0000000000
26748  -22.169  -50.738  30.637 0.0000000000
99576  -22.286  -49.847  30.492 0.0000000000
88596  -30.406  -47.501  34.132 0.0000000000
27538  -31.248  -49.168  33.481 0.0000000000
28236  -31.812  -49.746  32.017 0.0000000000
26768  -31.688  -50.266  30.572 0.0000000000
26766  -30.064  -51.358  29.641 0.0000000000
36936  -38.650  -36.899  25.381 0.0000000000
37778  -39.300  -35.390  24.994 0.0000000000
36938  -40.174  -36.624  25.945 0.0000000000
36925  -41.052  -36.299  26.231 0.0000000000
37762  -42.285  -35.541  26.463 0.0000000000
36118  -43.019  -37.722  27.211 0.0000000000
36928  -43.287  -36.794  27.194 0.0000000000
89997  -43.804  -35.252  26.876 0.0000000000
37765  -45.142  -34.625  27.051 0.0000000000
38427  -46.164  -34.745  27.189 0.0000000000
38429  -47.329  -34.234  27.487 0.0000000000
30377  -41.266  -46.229  34.734 0.0000000000
29695  -39.351  -46.481  34.157 0.0000000000
30393  -39.579  -45.940  33.648 0.0000000000
31077  -39.077  -45.086  32.487 0.0000000000
31103  -38.181  -44.367  31.635 0.0000000000
96544  -40.287  -43.182  31.351 0.0000000000
102510  -39.006  -43.346  30.748 0.0000000000
31815  -37.573  -43.193  30.307 0.0000000000
32499  -36.571  -42.606  29.467 0.0000000000
33198  -36.105  -41.669  28.127 0.0000000000
33213  -34.794  -41.125  27.562 0.0000000000
33923  -33.420  -40.268  26.694 0.0000000000
33902  -35.442  -40.721  26.969 0.0000000000
33925  -35.974  -40.365  26.345 0.0000000000
34673  -37.272  -39.902  25.892 0.0000000000
33929  -39.347  -40.244  26.590 0.0000000000
34674  -38.119  -39.806  25.969 0.0000000000
34688  -37.540  -39.315  25.673 0.0000000000
35406  -37.981  -38.551  25.653 0.0000000000
36126  -38.321  -37.719  25.558 0.0000000000
45316  -55.605  -26.567  22.193 0.0000000000
46052  -54.432  -24.162  22.102 0.0000000000
46065  -55.446  -23.784  21.491 0.0000000000
46780  -55.857  -23.481  20.964 0.0000000000
46784  -55.653  -23.963  20.486 0.0000000000
46783  -54.958  -23.516  19.991 0.0000000000
24344  -29.520  -53.687  40.830 0.0000000000
25140  -27.434  -52.456  39.787 0.0000000000
25142  -29.667  -52.949  39.481 0.0000000000
25897  -28.348  -51.908  38.286 0.0000000000
25921  -27.887  -51.153  37.103 0.0000000000
25165  -30.740  -52.808  37.346 0.0000000000
25922  -28.856  -51.520  36.646 0.0000000000
26718  -27.833  -50.267  35.478 0.0000000000
27537  -27.484  -49.749  34.787 0.0000000000
28224  -27.128  -49.030  33.280 0.0000000000
92699  -26.442  -48.261  32.056 0.0000000000
38454  -39.470  -34.568  24.645 0.0000000000
39094  -39.656  -33.765  24.316 0.0000000000
39774  -41.652  -32.360  24.742 0.0000000000
42143  -47.630  -28.659  21.761 0.0000000000
42985  -48.234  -28.575  22.189 0.0000000000
28847  -34.506  -48.046  40.735 0.0000000000
28193  -32.764  -48.533  40.052 0.0000000000
28863  -33.107  -47.674  39.632 0.0000000000
29609  -32.729  -46.929  38.193 0.0000000000
29630  -31.343  -46.638  37.088 0.0000000000
29654  -35.174  -46.823  36.628 0.0000000000
29652  -32.151  -46.149  36.620 0.0000000000
29668  -30.788  -46.423  35.689 0.0000000000
30359  -30.639  -46.042  34.762 0.0000000000
29699  -29.862  -46.508  32.446 0.0000000000
29701  -29.702  -46.464  31.673 0.0000000000
30391  -38.239  -46.123  33.345 0.0000000000
30389  -36.280  -45.859  33.397 0.0000000000
30402  -34.823  -45.121  32.856 0.0000000000
98176  -34.088  -44.162  31.256 0.0000000000
31087  -33.682  -44.480  31.864 0.0000000000
104325  -32.913  -44.840  33.090 0.0000000000
31063  -30.599  -44.863  32.426 0.0000000000
30410  -29.649  -45.738  31.313 0.0000000000
34669  -32.728  -39.915  25.943 0.0000000000
33873  -46.022  -40.877  31.687 0.0000000000
88311  -46.349  -40.259  31.076 0.0000000000
24330  -26.060  -53.930  42.892 0.0000000000
23630  -29.042  -54.415  41.721 0.0000000000
23632  -30.385  -53.937  41.520 0.0000000000
24345  -31.738  -53.632  41.382 0.0000000000
26682  -34.034  -50.951  41.422 0.0000000000
27502  -34.283  -50.266  41.753 0.0000000000
28181  -34.620  -48.485  41.634 0.0000000000
28848  -34.989  -47.658  41.119 0.0000000000
28849  -35.474  -47.081  40.295 0.0000000000
28850  -36.291  -46.841  39.609 0.0000000000
90013  -37.075  -46.961  38.768 0.0000000000
28867  -37.699  -46.702  39.125 0.0000000000
105007  -37.758  -46.858  38.423 0.0000000000
28887  -39.228  -46.847  37.626 0.0000000000
28902  -39.637  -46.834  36.894 0.0000000000
29657  -40.821  -46.834  36.321 0.0000000000
29675  -41.158  -46.709  35.913 0.0000000000
30378  -41.966  -45.984  35.022 0.0000000000
31056  -43.102  -44.991  34.530 0.0000000000
33179  -45.748  -41.446  32.328 0.0000000000
104640  -46.981  -39.361  30.539 0.0000000000
93659  -47.703  -38.479  30.525 0.0000000000
36088  -47.858  -37.443  29.646 0.0000000000
36058  -49.534  -36.620  31.562 0.0000000000
36075  -49.274  -36.713  30.592 0.0000000000
36905  -48.726  -36.247  29.237 0.0000000000
106009  -48.861  -35.709  28.913 0.0000000000
93708  -48.836  -34.866  28.602 0.0000000000
39069  -48.136  -34.015  28.010 0.0000000000
39044  -50.401  -33.292  30.583 0.0000000000
89820  -48.926  -33.395  28.983 0.0000000000
39753  -47.682  -33.157  27.910 0.0000000000
40454  -47.118  -31.565  27.635 0.0000000000
41249  -47.473  -30.505  27.407 0.0000000000
42091  -47.792  -29.783  26.659 0.0000000000
88728  -49.985  -29.560  28.221 0.0000000000
42092  -48.808  -29.478  26.577 0.0000000000
42110  -48.566  -29.238  25.254 0.0000000000
42122  -48.780  -28.881  24.059 0.0000000000
42975  -48.994  -28.718  23.440 0.0000000000
42986  -49.054  -28.517  22.681 0.0000000000
42079  -53.564  -29.169  28.586 0.0000000000
42095  -53.340  -29.819  26.888 0.0000000000
42104  -54.189  -30.246  25.728 0.0000000000
42103  -53.654  -30.347  26.083 0.0000000000
106283  -52.413  -30.014  25.079 0.0000000000
42125  -52.145  -29.640  24.332 0.0000000000
42977  -50.563  -28.731  23.460 0.0000000000
43859  -49.990  -27.549  21.333 0.0000000000
43869  -50.576  -27.287  20.540 0.0000000000
104118  -51.148  -27.235  18.730 0.0000000000
90052  -51.753  -27.571  17.824 0.0000000000
43871  -53.210  -27.764  20.162 0.0000000000
43891  -53.125  -27.863  18.513 0.0000000000
43042  -52.245  -28.101  17.210 0.0000000000
43854  -56.522  -27.241  21.559 0.0000000000
43863  -56.721  -27.513  20.893 0.0000000000
43024  -56.264  -28.126  19.403 0.0000000000
97164  -56.374  -27.181  18.768 0.0000000000
43036  -56.816  -28.578  18.692 0.0000000000
42166  -55.795  -29.295  18.421 0.0000000000
25121  -22.456  -52.377  40.140 0.0000000000
25894  -25.694  -51.533  38.350 0.0000000000
25906  -24.630  -51.255  37.716 0.0000000000
25919  -23.407  -50.853  37.192 0.0000000000
27526  -23.570  -49.540  35.342 0.0000000000
26714  -22.876  -50.050  35.807 0.0000000000
26701  -22.203  -50.603  36.326 0.0000000000
26723  -20.590  -50.222  34.551 0.0000000000
27515  -31.736  -49.826  38.351 0.0000000000
27521  -31.503  -50.490  36.098 0.0000000000
26720  -31.689  -51.147  35.473 0.0000000000
26741  -31.678  -50.290  32.860 0.0000000000
25946  -30.830  -51.492  33.365 0.0000000000
25945  -30.145  -51.784  33.670 0.0000000000
27551  -28.484  -50.275  32.006 0.0000000000
28250  -27.280  -48.940  30.800 0.0000000000
28949  -25.484  -47.590  29.476 0.0000000000
26801  -28.898  -50.820  28.084 0.0000000000
26784  -28.128  -51.028  28.258 0.0000000000
27585  -27.514  -50.661  28.327 0.0000000000
28270  -26.322  -49.035  28.184 0.0000000000
28269  -25.490  -48.494  28.017 0.0000000000
28256  -24.268  -47.974  28.834 0.0000000000
33883  -44.689  -40.519  29.382 0.0000000000
33884  -45.343  -40.164  29.449 0.0000000000
33885  -45.857  -39.945  30.204 0.0000000000
33878  -44.831  -40.956  30.382 0.0000000000
33882  -43.860  -40.584  29.093 0.0000000000
27507  -33.464  -49.194  40.769 0.0000000000
37783  -37.848  -34.822  23.890 0.0000000000
39762  -46.492  -32.730  26.709 0.0000000000
39763  -47.146  -33.089  27.223 0.0000000000
28921  -39.380  -47.142  35.169 0.0000000000
29685  -39.153  -46.877  34.593 0.0000000000
33212  -33.564  -40.901  27.547 0.0000000000
33195  -33.074  -41.590  28.171 0.0000000000
36943  -37.410  -36.282  24.535 0.0000000000
37776  -36.969  -35.670  24.039 0.0000000000
44605  -53.892  -26.264  23.263 0.0000000000
43849  -54.430  -27.413  23.981 0.0000000000
44606  -55.117  -27.168  23.091 0.0000000000
44607  -55.854  -27.604  22.795 0.0000000000
24351  -27.505  -53.583  41.189 0.0000000000
25125  -26.824  -52.832  40.619 0.0000000000
25126  -27.992  -53.074  40.440 0.0000000000
28935  -24.987  -47.424  30.996 0.0000000000
28934  -24.145  -47.516  31.299 0.0000000000
28943  -24.341  -47.390  30.449 0.0000000000
28947  -23.785  -47.545  29.961 0.0000000000
106477  -24.021  -47.706  29.462 0.0000000000
28945  -30.740  -48.175  30.595 0.0000000000
28251  -31.798  -48.839  29.846 0.0000000000
28259  -31.973  -48.872  29.304 0.0000000000
104808  -41.514  -37.946  26.534 0.0000000000
35395  -41.848  -38.573  26.738 0.0000000000
36098  -46.396  -37.766  28.496 0.0000000000
36916  -46.657  -36.072  28.144 0.0000000000
31782  -41.912  -43.759  32.668 0.0000000000
32517  -39.374  -41.876  28.866 0.0000000000
33201  -38.969  -41.608  28.193 0.0000000000
33200  -37.967  -41.728  28.334 0.0000000000
33217  -38.542  -41.289  27.501 0.0000000000
33218  -39.436  -41.245  27.516 0.0000000000
91578  -41.464  -39.137  26.698 0.0000000000
34676  -40.702  -39.523  26.585 0.0000000000
24360  -31.587  -53.466  39.395 0.0000000000
25933  -30.621  -52.112  35.002 0.0000000000
25932  -29.874  -52.011  35.273 0.0000000000
26727  -29.745  -51.613  34.004 0.0000000000
37774  -41.869  -34.870  26.117 0.0000000000
38451  -42.243  -34.115  25.899 0.0000000000
40465  -43.612  -31.331  24.460 0.0000000000
42109  -46.795  -29.442  24.154 0.0000000000
88659  -47.256  -29.156  23.282 0.0000000000
104782  -47.449  -29.279  24.608 0.0000000000
90177  -36.249  -47.080  38.690 0.0000000000
28899  -36.225  -47.256  37.756 0.0000000000
30374  -34.136  -45.620  34.367 0.0000000000
30362  -33.661  -45.621  35.045 0.0000000000
90770  -33.292  -45.313  34.225 0.0000000000
30385  -31.622  -45.026  33.872 0.0000000000
30386  -32.595  -44.951  33.715 0.0000000000
31091  -37.533  -44.511  31.753 0.0000000000
31090  -36.898  -44.732  32.004 0.0000000000
95517  -30.503  -43.456  29.364 0.0000000000
31107  -30.009  -44.133  29.819 0.0000000000
31109  -29.583  -44.446  28.547 0.0000000000
34686  -35.861  -39.424  25.553 0.0000000000
35403  -35.265  -38.824  25.127 0.0000000000
38396  -50.654  -34.423  31.496 0.0000000000
41204  -50.708  -30.474  31.659 0.0000000000
41212  -50.366  -30.766  30.577 0.0000000000
41224  -49.109  -30.707  29.375 0.0000000000
41225  -49.971  -30.284  29.745 0.0000000000
104444  -51.281  -29.809  25.685 0.0000000000
42101  -52.006  -30.050  25.510 0.0000000000
92637  -54.051  -26.157  28.203 0.0000000000
96965  -54.011  -27.526  28.399 0.0000000000
42137  -53.621  -29.538  23.450 0.0000000000
42999  -52.951  -28.210  21.738 0.0000000000
88316  -54.551  -28.332  19.064 0.0000000000
46076  -56.312  -25.299  20.445 0.0000000000
45333  -56.531  -25.878  20.646 0.0000000000
94581  -23.484  -53.178  42.600 0.0000000000
25890  -22.030  -51.719  38.272 0.0000000000
25904  -22.307  -51.394  37.598 0.0000000000
88310  -21.215  -51.139  37.040 0.0000000000
25917  -21.874  -51.060  37.043 0.0000000000
26706  -27.099  -50.668  36.753 0.0000000000
26696  -26.125  -50.703  37.201 0.0000000000
26743  -20.617  -50.510  31.721 0.0000000000
28904  -30.640  -47.589  36.370 0.0000000000
28207  -30.730  -48.340  36.232 0.0000000000
25987  -29.674  -51.600  29.991 0.0000000000
25972  -29.833  -51.607  30.592 0.0000000000
25971  -29.154  -51.508  30.130 0.0000000000
26750  -27.948  -50.698  29.782 0.0000000000
26765  -28.496  -51.291  29.563 0.0000000000
34660  -43.181  -39.788  27.544 0.0000000000
34652  -45.395  -39.365  28.529 0.0000000000
32482  -43.790  -42.283  31.743 0.0000000000
32481  -42.686  -42.493  31.387 0.0000000000
32492  -43.435  -41.952  30.943 0.0000000000
33190  -42.588  -41.475  29.489 0.0000000000
89056  -41.837  -41.488  28.859 0.0000000000
33189  -41.107  -41.557  28.667 0.0000000000
33203  -41.453  -41.433  28.217 0.0000000000
33204  -42.041  -41.279  28.109 0.0000000000
96330  -43.181  -40.405  27.825 0.0000000000
33890  -42.675  -40.886  27.988 0.0000000000
34659  -42.323  -39.765  27.314 0.0000000000
43030  -47.252  -28.087  18.803 0.0000000000
43895  -49.154  -27.324  17.977 0.0000000000
104576  -49.882  -27.413  17.616 0.0000000000
25143  -33.150  -52.581  39.908 0.0000000000
25885  -33.275  -51.999  39.947 0.0000000000
26698  -32.259  -51.828  38.143 0.0000000000
26697  -32.090  -51.500  37.330 0.0000000000
26708  -31.828  -51.269  36.407 0.0000000000
38460  -38.320  -34.423  23.626 0.0000000000
39078  -43.844  -33.932  26.390 0.0000000000
39092  -45.001  -32.659  25.832 0.0000000000
39777  -43.929  -31.903  25.108 0.0000000000
40459  -44.765  -31.781  25.426 0.0000000000
40458  -46.331  -31.608  26.557 0.0000000000
40461  -45.944  -30.988  26.023 0.0000000000
41252  -46.546  -30.612  26.328 0.0000000000
28907  -37.460  -47.324  36.649 0.0000000000
29683  -37.466  -46.748  34.811 0.0000000000
105632  -36.963  -46.897  35.434 0.0000000000
32498  -35.722  -42.541  29.372 0.0000000000
31812  -35.155  -43.046  29.869 0.0000000000
32510  -32.637  -42.116  28.719 0.0000000000
32496  -33.249  -42.568  29.409 0.0000000000
103831  -31.759  -42.230  28.617 0.0000000000
32508  -30.673  -42.588  28.139 0.0000000000
32520  -30.927  -42.097  27.666 0.0000000000
35414  -35.531  -38.166  24.868 0.0000000000
36131  -36.021  -37.277  24.686 0.0000000000
42046  -51.942  -29.196  30.551 0.0000000000
42063  -52.978  -29.017  29.456 0.0000000000
42078  -53.041  -29.197  28.851 0.0000000000
45279  -54.148  -26.067  25.466 0.0000000000
45280  -54.763  -24.870  26.617 0.0000000000
44582  -53.972  -27.234  25.717 0.0000000000
43841  -53.935  -27.663  24.935 0.0000000000
42980  -55.582  -29.268  24.027 0.0000000000
43001  -54.742  -28.879  22.058 0.0000000000
42982  -56.236  -28.317  22.032 0.0000000000
43002  -55.835  -28.599  21.677 0.0000000000
43013  -55.903  -28.558  20.744 0.0000000000
46080  -54.612  -24.785  18.984 0.0000000000
25114  -25.211  -52.839  41.419 0.0000000000
92474  -25.591  -52.294  39.866 0.0000000000
25138  -24.743  -52.135  39.627 0.0000000000
25893  -24.276  -51.613  38.319 0.0000000000
28215  -25.451  -48.650  34.209 0.0000000000
28933  -23.438  -47.653  31.435 0.0000000000
28928  -22.938  -47.820  31.906 0.0000000000
28229  -22.417  -48.190  32.420 0.0000000000
28238  -21.977  -48.492  31.153 0.0000000000
27560  -21.787  -49.241  30.834 0.0000000000
27561  -22.286  -48.988  30.447 0.0000000000
26763  -23.118  -50.468  29.621 0.0000000000
27566  -22.866  -49.640  29.988 0.0000000000
95973  -30.537  -48.094  33.384 0.0000000000
28225  -31.212  -49.052  32.667 0.0000000000
27570  -31.789  -49.470  30.095 0.0000000000
27563  -31.895  -49.807  30.956 0.0000000000
26767  -31.022  -50.831  30.112 0.0000000000
26787  -30.710  -50.495  29.378 0.0000000000
36937  -39.392  -36.804  25.612 0.0000000000
36116  -41.696  -37.164  26.496 0.0000000000
36926  -41.966  -36.308  26.487 0.0000000000
37773  -41.556  -35.568  26.222 0.0000000000
35397  -43.575  -38.361  27.418 0.0000000000
103946  -44.091  -36.752  27.441 0.0000000000
36929  -43.758  -35.986  27.286 0.0000000000
37764  -44.480  -35.323  27.219 0.0000000000
38428  -47.034  -34.754  27.522 0.0000000000
89650  -47.729  -34.733  27.953 0.0000000000
29696  -40.221  -46.219  34.388 0.0000000000
104318  -40.223  -45.689  33.745 0.0000000000
97308  -39.657  -44.921  32.559 0.0000000000
31093  -39.238  -44.461  32.022 0.0000000000
31092  -38.626  -44.727  32.135 0.0000000000
31788  -38.774  -44.112  31.521 0.0000000000
32480  -41.776  -42.559  31.089 0.0000000000
31805  -41.061  -42.767  31.242 0.0000000000
106862  -40.534  -42.612  30.776 0.0000000000
32487  -38.873  -42.691  30.005 0.0000000000
31816  -38.278  -43.276  30.496 0.0000000000
31814  -36.842  -43.141  30.143 0.0000000000
32500  -37.384  -42.666  29.587 0.0000000000
33199  -37.003  -41.681  28.197 0.0000000000
32514  -36.358  -42.075  28.798 0.0000000000
33197  -35.154  -41.653  28.114 0.0000000000
33214  -35.770  -41.280  27.475 0.0000000000
33926  -36.847  -40.352  26.357 0.0000000000
34672  -36.408  -39.922  25.901 0.0000000000
33907  -39.833  -40.754  27.105 0.0000000000
34675  -38.846  -39.712  26.186 0.0000000000
34689  -38.425  -39.283  25.861 0.0000000000
35405  -37.185  -38.460  25.488 0.0000000000
36127  -39.077  -37.661  25.748 0.0000000000
46066  -56.037  -24.234  21.039 0.0000000000
47513  -55.578  -22.533  20.988 0.0000000000
46779  -55.543  -23.049  20.681 0.0000000000
106016  -30.166  -53.573  40.505 0.0000000000
24357  -29.122  -53.226  40.279 0.0000000000
104369  -29.822  -53.168  39.927 0.0000000000
25163  -29.268  -52.327  37.981 0.0000000000
25910  -28.581  -51.745  37.482 0.0000000000
25157  -31.872  -52.872  37.980 0.0000000000
24370  -31.282  -53.193  37.898 0.0000000000
25931  -29.243  -51.266  35.791 0.0000000000
25923  -29.691  -51.960  36.204 0.0000000000
26707  -28.172  -50.782  36.225 0.0000000000
27545  -27.879  -49.583  33.369 0.0000000000
106887  -27.540  -49.213  32.960 0.0000000000
28234  -27.175  -48.900  32.460 0.0000000000
105708  -39.816  -35.516  25.380 0.0000000000
38448  -39.999  -35.012  25.220 0.0000000000
39088  -40.962  -33.884  25.189 0.0000000000
41258  -44.866  -30.569  24.281 0.0000000000
41265  -45.335  -30.139  23.922 0.0000000000
89530  -46.259  -29.182  21.676 0.0000000000
42135  -47.650  -28.866  22.537 0.0000000000
101229  -47.084  -28.961  21.946 0.0000000000
28865  -34.931  -47.440  40.189 0.0000000000
28864  -34.134  -47.493  39.809 0.0000000000
28897  -34.401  -46.871  38.067 0.0000000000
28881  -33.497  -47.024  38.857 0.0000000000
28896  -31.960  -47.103  37.948 0.0000000000
29631  -32.382  -46.588  37.483 0.0000000000
29655  -36.117  -47.127  36.431 0.0000000000
30361  -32.681  -45.469  35.096 0.0000000000
30342  -33.136  -45.809  35.969 0.0000000000
30341  -31.987  -45.765  35.752 0.0000000000
29651  -31.284  -46.213  36.192 0.0000000000
30360  -31.203  -45.831  35.389 0.0000000000
29680  -30.397  -46.722  34.408 0.0000000000
30384  -30.451  -45.427  33.050 0.0000000000
29691  -30.312  -46.061  33.703 0.0000000000
30383  -30.080  -45.914  32.781 0.0000000000
30400  -29.800  -45.834  32.053 0.0000000000
30392  -38.981  -46.167  33.428 0.0000000000
29694  -38.669  -46.650  34.084 0.0000000000
31076  -36.303  -45.077  32.325 0.0000000000
88817  -36.505  -45.580  32.842 0.0000000000
30403  -35.764  -45.413  32.794 0.0000000000
30388  -35.335  -45.618  33.464 0.0000000000
31101  -34.880  -43.917  31.079 0.0000000000
94870  -32.811  -44.274  31.662 0.0000000000
102602  -32.669  -44.588  32.381 0.0000000000
31073  -31.480  -44.604  32.439 0.0000000000
31085  -30.866  -44.479  31.684 0.0000000000
30417  -29.506  -45.490  29.571 0.0000000000
31083  -29.795  -45.084  31.050 0.0000000000
30415  -29.557  -45.624  30.469 0.0000000000
29706  -29.712  -46.407  29.804 0.0000000000
105643  -34.337  -40.066  26.476 0.0000000000
102244  -33.713  -39.724  26.050 0.0000000000
24318  -25.520  -54.056  43.438 0.0000000000
23625  -29.919  -54.238  42.509 0.0000000000
102707  -33.916  -51.717  41.272 0.0000000000
29592  -37.142  -46.725  39.564 0.0000000000
29593  -38.336  -46.237  39.434 0.0000000000
103419  -38.288  -46.707  38.593 0.0000000000
28886  -38.328  -46.974  37.880 0.0000000000
29610  -38.873  -46.801  38.194 0.0000000000
90649  -40.525  -46.707  36.854 0.0000000000
28910  -40.055  -47.166  36.265 0.0000000000
107344  -41.158  -46.543  36.878 0.0000000000
29676  -41.923  -46.193  36.236 0.0000000000
29687  -41.589  -46.335  35.458 0.0000000000
29688  -42.481  -45.795  35.669 0.0000000000
31057  -43.776  -44.777  34.822 0.0000000000
31069  -43.553  -44.399  34.140 0.0000000000
33186  -45.158  -41.354  31.437 0.0000000000
34633  -47.032  -39.777  31.242 0.0000000000
34634  -47.582  -39.403  31.602 0.0000000000
35353  -48.304  -37.946  30.966 0.0000000000
35365  -48.064  -37.705  30.243 0.0000000000
36074  -48.661  -37.285  30.642 0.0000000000
37715  -50.414  -35.545  30.819 0.0000000000
99116  -50.175  -36.007  31.185 0.0000000000
36887  -49.979  -36.098  30.625 0.0000000000
36895  -49.455  -36.245  29.925 0.0000000000
36906  -49.343  -35.624  29.308 0.0000000000
38408  -49.943  -34.799  29.580 0.0000000000
37740  -49.234  -35.122  28.962 0.0000000000
104334  -48.882  -34.691  28.616 0.0000000000
38414  -48.447  -34.528  28.359 0.0000000000
40412  -50.585  -31.629  32.045 0.0000000000
95271  -50.691  -33.054  31.425 0.0000000000
39725  -49.124  -31.685  29.707 0.0000000000
94458  -49.149  -32.651  29.559 0.0000000000
39754  -48.212  -33.320  28.374 0.0000000000
39735  -47.607  -32.174  28.359 0.0000000000
41238  -47.660  -30.998  28.294 0.0000000000
105782  -48.174  -30.261  27.988 0.0000000000
41250  -48.408  -29.821  27.334 0.0000000000
42093  -49.821  -29.372  26.501 0.0000000000
101701  -48.300  -29.101  24.648 0.0000000000
42123  -49.773  -28.938  24.142 0.0000000000
42930  -54.003  -28.898  28.406 0.0000000000
42089  -53.751  -29.416  27.759 0.0000000000
42953  -54.173  -29.556  26.475 0.0000000000
93114  -54.127  -30.390  25.380 0.0000000000
42113  -53.112  -30.312  25.555 0.0000000000
43853  -51.363  -28.113  22.341 0.0000000000
42988  -50.896  -28.496  22.943 0.0000000000
42997  -50.408  -27.869  22.250 0.0000000000
43881  -51.263  -27.256  19.780 0.0000000000
43010  -53.561  -28.152  20.969 0.0000000000
43872  -54.016  -28.103  20.241 0.0000000000
43032  -53.637  -28.323  18.102 0.0000000000
43043  -52.759  -27.977  17.880 0.0000000000
45327  -55.976  -25.617  21.491 0.0000000000
44621  -56.300  -26.487  21.532 0.0000000000
44628  -56.626  -26.741  20.357 0.0000000000
43014  -56.375  -28.115  20.331 0.0000000000
44631  -56.108  -26.658  18.495 0.0000000000
43035  -56.123  -28.742  18.956 0.0000000000
25122  -23.215  -52.446  40.225 0.0000000000
88619  -22.720  -52.441  40.952 0.0000000000
89223  -21.235  -51.667  38.275 0.0000000000
25147  -21.687  -51.935  39.121 0.0000000000
25889  -20.368  -51.580  38.277 0.0000000000
25915  -19.750  -51.302  36.749 0.0000000000
25930  -19.788  -50.983  35.855 0.0000000000
25929  -19.559  -51.204  34.961 0.0000000000
25153  -27.999  -52.102  39.055 0.0000000000
25152  -26.916  -52.079  39.081 0.0000000000
25895  -26.619  -51.657  38.484 0.0000000000
26695  -25.114  -50.764  37.259 0.0000000000
25907  -25.491  -51.154  37.754 0.0000000000
26694  -24.244  -50.822  37.262 0.0000000000
26703  -23.940  -50.450  36.711 0.0000000000
27535  -24.254  -49.090  34.872 0.0000000000
92077  -24.610  -49.635  35.680 0.0000000000
27534  -23.368  -49.079  34.512 0.0000000000
97846  -21.912  -49.266  34.207 0.0000000000
27525  -22.564  -49.464  34.916 0.0000000000
26713  -22.034  -50.093  35.489 0.0000000000
103162  -21.524  -50.515  35.810 0.0000000000
26724  -21.261  -50.071  35.163 0.0000000000
25970  -22.746  -51.711  30.486 0.0000000000
28200  -32.335  -48.018  39.336 0.0000000000
27512  -31.928  -48.967  39.312 0.0000000000
91269  -31.478  -48.847  38.345 0.0000000000
27520  -31.149  -49.477  35.897 0.0000000000
103496  -31.441  -49.741  36.657 0.0000000000
26728  -31.748  -50.873  34.591 0.0000000000
28226  -31.622  -49.765  32.723 0.0000000000
27547  -31.655  -49.883  33.564 0.0000000000
25953  -31.150  -51.335  32.548 0.0000000000
25952  -30.192  -51.766  32.748 0.0000000000
26740  -29.600  -51.535  32.528 0.0000000000
26739  -29.024  -51.020  32.272 0.0000000000
90648  -27.435  -49.635  30.009 0.0000000000
100890  -27.133  -48.905  30.129 0.0000000000
28249  -26.732  -48.384  30.236 0.0000000000
28950  -26.342  -48.116  29.508 0.0000000000
26800  -28.013  -50.770  27.535 0.0000000000
105332  -26.096  -50.540  27.028 0.0000000000
105543  -26.916  -50.715  27.291 0.0000000000
27584  -26.780  -50.388  27.715 0.0000000000
27601  -25.818  -49.603  27.526 0.0000000000
27617  -23.640  -50.254  27.116 0.0000000000
102563  -25.159  -48.904  27.531 0.0000000000
28284  -24.667  -49.057  27.506 0.0000000000
28268  -24.839  -48.315  27.982 0.0000000000
28267  -24.122  -48.648  28.168 0.0000000000
33893  -45.060  -40.035  28.738 0.0000000000
32483  -44.429  -41.845  31.679 0.0000000000
33191  -43.284  -41.035  29.220 0.0000000000
90653  -47.014  -28.373  20.372 0.0000000000
43020  -47.361  -28.093  19.618 0.0000000000
43878  -48.915  -27.397  18.963 0.0000000000
43879  -49.445  -27.300  19.493 0.0000000000
27516  -32.248  -50.406  39.269 0.0000000000
38440  -45.801  -33.997  26.669 0.0000000000
106051  -45.818  -33.422  26.485 0.0000000000
28909  -39.182  -47.133  36.311 0.0000000000
28916  -37.854  -47.299  35.954 0.0000000000
28917  -38.739  -47.192  35.633 0.0000000000
97160  -38.231  -46.816  34.567 0.0000000000
32512  -34.582  -42.099  28.678 0.0000000000
96412  -34.125  -42.470  29.159 0.0000000000
33194  -32.030  -41.765  28.122 0.0000000000
33210  -31.416  -41.553  27.455 0.0000000000
33227  -31.122  -41.385  26.531 0.0000000000
36132  -37.013  -37.017  24.867 0.0000000000
44594  -53.775  -26.399  24.126 0.0000000000
42981  -55.784  -28.401  23.152 0.0000000000
42993  -55.692  -28.725  22.629 0.0000000000
96989  -25.933  -52.807  41.133 0.0000000000
25151  -25.819  -52.023  39.103 0.0000000000
28232  -25.675  -48.043  32.462 0.0000000000
88357  -24.985  -48.035  32.833 0.0000000000
28247  -22.502  -48.278  30.587 0.0000000000
28248  -23.088  -47.833  30.311 0.0000000000
27567  -23.216  -48.906  29.362 0.0000000000
27582  -23.195  -49.751  29.118 0.0000000000
28235  -31.186  -48.929  32.037 0.0000000000
28243  -31.376  -49.229  30.917 0.0000000000
28252  -31.794  -49.474  30.282 0.0000000000
35409  -40.196  -38.212  26.275 0.0000000000
36914  -43.885  -37.540  27.440 0.0000000000
36915  -45.699  -36.214  27.724 0.0000000000
31067  -41.707  -44.974  33.775 0.0000000000
31066  -40.743  -45.164  33.391 0.0000000000
31079  -41.317  -44.452  33.022 0.0000000000
32489  -40.255  -42.183  30.064 0.0000000000
32502  -39.526  -42.208  29.548 0.0000000000
96766  -38.909  -42.284  29.388 0.0000000000
96410  -37.867  -42.257  29.065 0.0000000000
33931  -40.998  -40.209  26.953 0.0000000000
33930  -40.211  -40.226  26.764 0.0000000000
24352  -31.048  -53.636  40.105 0.0000000000
24358  -30.341  -53.256  39.390 0.0000000000
24359  -30.760  -53.449  39.387 0.0000000000
24364  -30.539  -53.265  38.895 0.0000000000
25156  -30.585  -53.167  38.167 0.0000000000
101732  -31.402  -52.149  36.452 0.0000000000
25171  -30.899  -52.424  36.526 0.0000000000
26725  -28.546  -50.330  34.620 0.0000000000
27546  -28.596  -50.290  33.645 0.0000000000
97879  -28.569  -50.234  32.827 0.0000000000
89937  -41.023  -35.458  25.874 0.0000000000
38449  -40.814  -34.826  25.441 0.0000000000
39776  -43.148  -31.991  24.849 0.0000000000
39775  -42.447  -31.979  24.641 0.0000000000
42108  -45.911  -29.770  24.045 0.0000000000
28866  -35.504  -47.051  39.466 0.0000000000
29670  -34.865  -46.292  35.789 0.0000000000
30372  -31.301  -45.475  34.615 0.0000000000
30405  -37.786  -45.495  32.695 0.0000000000
30411  -37.476  -44.952  32.258 0.0000000000
31810  -32.488  -42.939  30.029 0.0000000000
31798  -32.917  -43.509  30.619 0.0000000000
31797  -31.875  -43.569  30.445 0.0000000000
31098  -31.364  -44.179  30.943 0.0000000000
31097  -30.287  -44.480  30.791 0.0000000000
106805  -35.748  -46.541  41.026 0.0000000000
29565  -36.329  -46.007  41.037 0.0000000000
29611  -39.640  -46.532  38.202 0.0000000000
30364  -43.338  -45.442  36.090 0.0000000000
35325  -48.114  -38.794  32.371 0.0000000000
35324  -48.006  -38.998  31.847 0.0000000000
90628  -48.412  -38.099  32.306 0.0000000000
36057  -48.905  -37.433  31.935 0.0000000000
37716  -50.495  -35.197  30.428 0.0000000000
37728  -50.542  -34.851  30.119 0.0000000000
39717  -50.457  -32.322  30.898 0.0000000000
40419  -50.560  -31.523  30.992 0.0000000000
40428  -49.955  -31.554  30.453 0.0000000000
40441  -48.260  -31.363  29.006 0.0000000000
42100  -50.275  -29.448  25.688 0.0000000000
92819  -50.536  -29.348  24.631 0.0000000000
42944  -54.180  -29.194  27.546 0.0000000000
42116  -54.925  -30.416  24.832 0.0000000000
42105  -54.748  -30.514  25.013 0.0000000000
42127  -54.537  -30.241  24.444 0.0000000000
42126  -53.249  -29.775  24.161 0.0000000000
42979  -52.431  -29.321  23.592 0.0000000000
43861  -51.964  -27.786  21.641 0.0000000000
91552  -52.224  -27.506  19.994 0.0000000000
102444  -54.612  -28.384  20.159 0.0000000000
43021  -54.300  -28.163  19.586 0.0000000000
46067  -56.239  -25.023  21.099 0.0000000000
104059  -56.428  -26.936  19.555 0.0000000000
43892  -56.917  -27.913  18.434 0.0000000000
103003  -22.245  -52.569  41.514 0.0000000000
25149  -23.307  -52.107  39.174 0.0000000000
25148  -22.620  -51.955  38.943 0.0000000000
25902  -20.628  -51.361  37.442 0.0000000000
26712  -20.717  -50.625  35.636 0.0000000000
25909  -27.475  -51.462  37.886 0.0000000000
26705  -25.486  -50.435  36.745 0.0000000000
91775  -22.712  -48.487  33.251 0.0000000000
106889  -20.757  -49.761  33.780 0.0000000000
26738  -20.160  -50.497  32.611 0.0000000000
101918  -21.017  -51.379  31.285 0.0000000000
25192  -21.746  -52.273  31.234 0.0000000000
28204  -31.166  -48.362  37.671 0.0000000000
25973  -31.017  -51.324  31.331 0.0000000000
25961  -31.554  -51.013  31.809 0.0000000000
25959  -30.068  -51.651  31.361 0.0000000000
26745  -28.857  -51.098  31.463 0.0000000000
26751  -28.558  -51.065  30.521 0.0000000000
27600  -25.186  -49.817  27.070 0.0000000000
35380  -43.385  -39.053  27.418 0.0000000000
106428  -44.059  -38.825  27.565 0.0000000000
34662  -44.821  -38.896  27.937 0.0000000000
35370  -47.376  -37.516  28.996 0.0000000000
31784  -43.489  -43.247  32.995 0.0000000000
31792  -42.646  -43.171  32.370 0.0000000000
32491  -42.666  -41.913  30.382 0.0000000000
32504  -41.102  -41.770  29.471 0.0000000000
107391  -40.825  -41.222  27.656 0.0000000000
33221  -42.085  -40.936  27.751 0.0000000000
33909  -41.670  -40.461  27.387 0.0000000000
43894  -48.477  -27.581  17.560 0.0000000000
25128  -33.427  -52.865  40.517 0.0000000000
24367  -32.318  -53.186  39.185 0.0000000000
91733  -32.620  -52.741  39.105 0.0000000000
25158  -32.188  -52.577  38.292 0.0000000000
26692  -32.641  -51.699  39.049 0.0000000000
25898  -32.452  -52.294  38.602 0.0000000000
25912  -31.859  -52.009  36.899 0.0000000000
38438  -43.432  -34.667  26.534 0.0000000000
38452  -43.024  -33.988  26.228 0.0000000000
39090  -43.463  -33.378  26.020 0.0000000000
39768  -43.473  -32.673  25.503 0.0000000000
40460  -45.420  -31.360  25.670 0.0000000000
28900  -37.062  -47.279  37.403 0.0000000000
28906  -36.630  -47.366  36.776 0.0000000000
29656  -36.788  -47.203  36.065 0.0000000000
29672  -37.414  -47.127  35.644 0.0000000000
29671  -36.332  -46.798  35.666 0.0000000000
29682  -35.621  -46.225  35.088 0.0000000000
30375  -34.983  -45.773  34.234 0.0000000000
97890  -34.234  -45.385  33.602 0.0000000000
31801  -36.368  -43.589  30.705 0.0000000000
31102  -35.882  -44.015  31.208 0.0000000000
104441  -34.726  -43.386  30.406 0.0000000000
103999  -33.373  -43.035  30.168 0.0000000000
31819  -30.322  -43.240  28.631 0.0000000000
104254  -29.864  -43.708  28.440 0.0000000000
31822  -30.181  -43.191  27.879 0.0000000000
91713  -30.344  -43.022  27.149 0.0000000000
31825  -30.577  -43.476  26.385 0.0000000000
32522  -30.556  -42.581  26.688 0.0000000000
41205  -51.258  -29.663  31.159 0.0000000000
42061  -50.819  -29.946  30.239 0.0000000000
100150  -51.495  -29.523  29.888 0.0000000000
42077  -52.013  -29.306  29.150 0.0000000000
42047  -52.650  -29.020  30.055 0.0000000000
42087  -52.414  -29.503  28.066 0.0000000000
42094  -52.614  -29.746  26.982 0.0000000000
44568  -54.328  -26.406  27.383 0.0000000000
44567  -54.284  -27.364  26.726 0.0000000000
42971  -55.163  -30.089  24.693 0.0000000000
42991  -54.278  -29.307  22.757 0.0000000000
43012  -55.200  -28.585  20.428 0.0000000000
45335  -56.192  -25.534  19.679 0.0000000000
24340  -23.904  -52.891  41.965 0.0000000000
25123  -24.125  -52.434  40.371 0.0000000000
25124  -25.132  -52.500  40.556 0.0000000000
25137  -23.693  -52.290  39.629 0.0000000000
25892  -23.443  -51.782  38.564 0.0000000000
96493  -22.961  -51.269  37.548 0.0000000000
27528  -26.819  -49.885  35.553 0.0000000000
27527  -25.767  -49.640  35.656 0.0000000000
102058  -24.775  -48.601  34.422 0.0000000000
28214  -24.002  -48.689  34.067 0.0000000000
28231  -24.189  -48.002  32.739 0.0000000000
28220  -23.681  -48.339  33.344 0.0000000000
91985  -21.506  -49.862  30.906 0.0000000000
26749  -22.826  -50.649  30.203 0.0000000000
28920  -30.490  -47.501  34.815 0.0000000000
102874  -30.744  -48.208  35.003 0.0000000000
28216  -30.805  -48.424  34.273 0.0000000000
28244  -31.872  -49.787  31.495 0.0000000000
27557  -31.937  -49.960  31.529 0.0000000000
26746  -31.860  -50.218  31.659 0.0000000000
26752  -31.093  -51.037  30.789 0.0000000000
25988  -30.376  -51.458  30.333 0.0000000000
25986  -29.111  -51.458  29.366 0.0000000000
36944  -38.272  -36.251  24.831 0.0000000000
97800  -38.641  -35.666  24.691 0.0000000000
36945  -38.997  -36.172  25.103 0.0000000000
101478  -39.649  -36.004  25.493 0.0000000000
36927  -42.712  -36.240  26.770 0.0000000000
37763  -43.109  -35.531  26.717 0.0000000000
37750  -45.443  -35.400  27.418 0.0000000000
38441  -46.669  -34.208  27.118 0.0000000000
106921  -46.795  -34.002  27.079 0.0000000000
39068  -47.582  -33.826  27.575 0.0000000000
29686  -40.740  -46.702  35.157 0.0000000000
30406  -39.305  -45.602  32.961 0.0000000000
30407  -39.979  -45.419  33.100 0.0000000000
31803  -37.687  -43.835  31.121 0.0000000000
31790  -40.820  -43.327  31.800 0.0000000000
31789  -39.484  -43.639  31.451 0.0000000000
31804  -39.815  -42.895  30.771 0.0000000000
101235  -38.364  -43.776  31.165 0.0000000000
31802  -37.061  -43.594  30.743 0.0000000000
32513  -35.468  -42.083  28.714 0.0000000000
33901  -34.491  -40.508  27.008 0.0000000000
33924  -35.130  -40.185  26.473 0.0000000000
33903  -36.335  -40.826  26.911 0.0000000000
34671  -35.567  -39.826  25.938 0.0000000000
34687  -36.675  -39.477  25.641 0.0000000000
33906  -39.002  -40.780  26.948 0.0000000000
33928  -38.566  -40.253  26.438 0.0000000000
104098  -36.779  -38.977  25.476 0.0000000000
36125  -37.538  -37.730  25.376 0.0000000000
35407  -38.763  -38.534  25.832 0.0000000000
45315  -54.667  -25.364  21.940 0.0000000000
45326  -55.664  -24.637  21.424 0.0000000000
46070  -56.086  -24.505  20.853 0.0000000000
107245  -55.608  -22.775  21.137 0.0000000000
46074  -55.236  -24.336  19.727 0.0000000000
46073  -54.340  -23.939  19.246 0.0000000000
46782  -54.039  -23.173  19.517 0.0000000000
25141  -28.571  -52.665  39.649 0.0000000000
25154  -29.045  -52.431  38.844 0.0000000000
24366  -31.738  -53.226  38.589 0.0000000000
25170  -30.206  -52.358  36.770 0.0000000000
25911  -29.460  -52.107  37.103 0.0000000000
88468  -27.207  -50.367  36.089 0.0000000000
28223  -26.336  -48.924  33.737 0.0000000000
27544  -27.175  -49.405  33.997 0.0000000000
28233  -26.423  -48.497  32.916 0.0000000000
28240  -25.763  -47.751  31.555 0.0000000000
90837  -31.979  -48.431  28.686 0.0000000000
39098  -39.244  -33.487  23.434 0.0000000000
39766  -41.787  -33.348  25.407 0.0000000000
39096  -41.035  -33.036  25.020 0.0000000000
39773  -40.750  -32.516  24.429 0.0000000000
42142  -46.998  -28.723  21.280 0.0000000000
43007  -47.677  -28.428  21.014 0.0000000000
99414  -48.116  -28.448  21.534 0.0000000000
42995  -48.702  -28.340  21.735 0.0000000000
28194  -33.684  -48.189  40.438 0.0000000000
28880  -32.539  -47.394  38.792 0.0000000000
29629  -30.768  -47.152  36.788 0.0000000000
29633  -35.098  -46.904  37.414 0.0000000000
89387  -34.220  -46.665  37.214 0.0000000000
29653  -34.119  -46.255  36.389 0.0000000000
91044  -33.210  -46.334  36.932 0.0000000000
100370  -30.853  -46.655  36.408 0.0000000000
29650  -30.622  -47.021  36.064 0.0000000000
29667  -30.531  -46.846  35.259 0.0000000000
28925  -30.163  -46.962  33.644 0.0000000000
101273  -30.075  -46.485  33.105 0.0000000000
28924  -30.048  -47.238  32.867 0.0000000000
28937  -29.933  -47.284  32.060 0.0000000000
98280  -29.990  -47.260  31.182 0.0000000000
106969  -31.056  -48.040  29.807 0.0000000000
29693  -37.820  -46.523  33.982 0.0000000000
30390  -37.235  -45.924  33.271 0.0000000000
102033  -35.377  -44.396  31.563 0.0000000000
31088  -34.631  -44.458  31.678 0.0000000000
31100  -33.320  -43.985  31.215 0.0000000000
101751  -34.453  -44.744  32.266 0.0000000000
31074  -33.754  -44.845  32.806 0.0000000000
31065  -32.067  -44.800  33.113 0.0000000000
31084  -30.142  -44.870  31.697 0.0000000000
103208  -29.854  -45.329  31.695 0.0000000000
29704  -29.642  -46.431  30.792 0.0000000000
28951  -30.141  -47.260  30.260 0.0000000000
35413  -34.627  -38.150  24.498 0.0000000000
33879  -45.597  -40.666  30.808 0.0000000000
33874  -46.689  -40.435  31.871 0.0000000000
33875  -47.216  -39.993  32.097 0.0000000000
24329  -25.204  -53.536  42.804 0.0000000000
23622  -26.916  -54.375  43.122 0.0000000000
24331  -26.676  -53.950  42.260 0.0000000000
105277  -27.251  -53.954  41.814 0.0000000000
24343  -28.023  -54.217  41.786 0.0000000000
23631  -29.878  -53.897  41.210 0.0000000000
23636  -30.430  -53.630  40.628 0.0000000000
23633  -31.078  -53.749  41.306 0.0000000000
23637  -31.056  -53.711  41.029 0.0000000000
24353  -31.511  -53.625  40.755 0.0000000000
96300  -32.255  -53.561  40.767 0.0000000000
24354  -32.877  -53.360  40.467 0.0000000000
24346  -33.512  -53.138  40.967 0.0000000000
25872  -33.838  -52.366  41.064 0.0000000000
92891  -33.894  -51.652  41.186 0.0000000000
95166  -34.162  -50.834  41.253 0.0000000000
27508  -34.093  -49.883  41.490 0.0000000000
29577  -35.967  -46.639  40.504 0.0000000000
28885  -37.503  -47.032  37.972 0.0000000000
91600  -38.748  -47.030  37.076 0.0000000000
29674  -40.247  -47.113  35.616 0.0000000000
29658  -41.499  -46.432  36.577 0.0000000000
30395  -41.816  -45.610  34.466 0.0000000000
30396  -42.546  -45.532  34.850 0.0000000000
102952  -42.397  -45.138  34.291 0.0000000000
31068  -42.719  -44.539  33.806 0.0000000000
31776  -43.295  -43.947  33.562 0.0000000000
31070  -44.187  -44.086  34.423 0.0000000000
92992  -43.942  -43.688  33.710 0.0000000000
32474  -44.060  -42.599  32.571 0.0000000000
34646  -46.499  -39.305  29.842 0.0000000000
35352  -47.944  -38.768  31.243 0.0000000000
99999  -47.148  -38.900  30.127 0.0000000000
34647  -46.820  -38.791  29.422 0.0000000000
35364  -47.370  -38.221  29.647 0.0000000000
36867  -49.247  -36.751  32.259 0.0000000000
36868  -50.057  -35.954  31.717 0.0000000000
36089  -48.590  -36.901  29.968 0.0000000000
101007  -48.065  -36.883  29.372 0.0000000000
95477  -47.875  -36.522  28.880 0.0000000000
37738  -48.353  -35.783  28.708 0.0000000000
37752  -48.053  -35.210  28.355 0.0000000000
37739  -48.768  -35.259  28.675 0.0000000000
37753  -48.328  -34.768  28.349 0.0000000000
38430  -47.942  -34.366  28.005 0.0000000000
39039  -50.691  -33.648  31.801 0.0000000000
91969  -50.706  -34.066  30.999 0.0000000000
39048  -50.406  -34.277  30.042 0.0000000000
39737  -49.640  -33.408  29.781 0.0000000000
39055  -48.656  -34.180  28.460 0.0000000000
99196  -47.215  -32.483  27.541 0.0000000000
41253  -47.121  -30.336  26.660 0.0000000000
42098  -47.110  -29.695  25.990 0.0000000000
89464  -49.413  -29.518  27.327 0.0000000000
88340  -48.116  -29.324  25.945 0.0000000000
96533  -47.680  -29.310  25.266 0.0000000000
104039  -48.396  -28.719  22.823 0.0000000000
42102  -52.812  -30.263  26.164 0.0000000000
43817  -54.370  -28.517  27.101 0.0000000000
42112  -51.464  -29.714  24.836 0.0000000000
42124  -50.794  -29.225  24.085 0.0000000000
42978  -51.407  -29.070  23.583 0.0000000000
42987  -50.021  -28.353  22.866 0.0000000000
42996  -49.501  -28.026  22.041 0.0000000000
43009  -49.101  -27.861  21.081 0.0000000000
43868  -49.639  -27.404  20.345 0.0000000000
43880  -50.285  -27.134  19.572 0.0000000000
43896  -50.712  -27.387  17.792 0.0000000000
43883  -53.695  -27.863  19.622 0.0000000000
43882  -52.958  -27.567  19.263 0.0000000000
43890  -52.281  -27.501  18.528 0.0000000000
104971  -56.141  -27.151  22.075 0.0000000000
43855  -56.546  -27.832  21.606 0.0000000000
43884  -56.414  -27.766  19.056 0.0000000000
24339  -22.958  -52.735  41.921 0.0000000000
25914  -18.934  -51.522  36.964 0.0000000000
103354  -24.990  -51.497  38.127 0.0000000000
26716  -24.454  -50.094  36.324 0.0000000000
26715  -23.753  -49.993  36.131 0.0000000000
26702  -23.120  -50.480  36.570 0.0000000000
26722  -19.873  -50.780  34.242 0.0000000000
26744  -21.300  -50.637  31.073 0.0000000000
92211  -31.373  -49.340  37.511 0.0000000000
27518  -31.911  -50.470  37.115 0.0000000000
104166  -31.370  -51.639  34.956 0.0000000000
105104  -31.081  -48.875  34.781 0.0000000000
27529  -31.425  -49.498  34.946 0.0000000000
27539  -31.740  -50.070  34.374 0.0000000000
25954  -31.734  -50.598  32.289 0.0000000000
25947  -31.560  -50.937  33.116 0.0000000000
25941  -31.432  -51.234  33.965 0.0000000000
25940  -30.700  -51.726  34.194 0.0000000000
26733  -29.685  -51.553  33.304 0.0000000000
26732  -29.122  -50.987  33.057 0.0000000000
27556  -28.366  -50.413  31.257 0.0000000000
27555  -27.742  -49.512  31.642 0.0000000000
28242  -27.026  -48.695  31.647 0.0000000000
28936  -25.875  -47.658  30.449 0.0000000000
27587  -31.555  -49.513  29.022 0.0000000000
27586  -30.207  -50.131  28.632 0.0000000000
26786  -29.546  -51.084  28.925 0.0000000000
26785  -28.747  -51.245  28.668 0.0000000000
26783  -27.484  -50.780  27.672 0.0000000000
26764  -27.951  -51.086  28.956 0.0000000000
27568  -27.018  -49.635  28.591 0.0000000000
101805  -26.609  -48.646  28.863 0.0000000000
28257  -25.916  -48.169  28.736 0.0000000000
28948  -24.562  -47.472  29.526 0.0000000000
89639  -23.715  -48.535  28.905 0.0000000000
27583  -23.537  -49.213  28.625 0.0000000000
25106  -33.588  -52.634  41.450 0.0000000000
25127  -32.891  -53.068  39.842 0.0000000000
25166  -31.911  -52.431  37.624 0.0000000000
26734  -31.693  -50.533  33.732 0.0000000000
26753  -31.637  -50.583  31.243 0.0000000000
26814  -27.376  -50.723  27.196 0.0000000000
27532  -21.243  -49.647  34.347 0.0000000000
28239  -22.307  -48.074  31.750 0.0000000000
28241  -26.567  -48.147  31.156 0.0000000000
28895  -31.206  -47.436  37.558 0.0000000000
28955  -25.119  -47.793  28.621 0.0000000000
31818  -29.821  -44.025  27.831 0.0000000000
33880  -46.576  -39.708  30.594 0.0000000000
34643  -47.459  -39.165  30.875 0.0000000000
38401  -50.623  -34.745  30.792 0.0000000000
38415  -49.313  -34.914  29.009 0.0000000000
103112  -31.420  -49.366  34.238 0.0000000000
104845  -49.659  -36.528  31.056 0.0000000000
105148  -29.943  -51.802  32.069 0.0000000000
105900  -43.203  -36.151  27.040 0.0000000000
106867  -54.083  -28.352  28.458 0.0000000000
