#!ascii label  , from subject OASIS_0001 vox2ras=TkReg
1539
35957  -38.740  -37.234  41.892 0.0000000000
47446  -49.309  -21.987  28.240 0.0000000000
47354  -39.211  -22.139  38.042 0.0000000000
88573  -6.404  -40.698  43.951 0.0000000000
36681  -24.700  -36.735  45.978 0.0000000000
106368  -9.701  -35.757  46.435 0.0000000000
35169  -13.805  -38.646  51.998 0.0000000000
48159  -44.241  -20.487  33.099 0.0000000000
38983  -3.511  -33.035  40.577 0.0000000000
30910  -6.499  -43.218  52.547 0.0000000000
39004  -39.338  -33.471  37.025 0.0000000000
35956  -33.589  -36.919  41.200 0.0000000000
36685  -31.719  -35.730  45.148 0.0000000000
49720  -51.362  -19.037  26.332 0.0000000000
48138  -42.018  -20.647  36.132 0.0000000000
88621  -22.192  -41.677  41.580 0.0000000000
39614  -5.121  -32.811  46.300 0.0000000000
34528  -12.378  -39.217  43.642 0.0000000000
105051  -9.828  -36.981  39.113 0.0000000000
32363  -8.124  -42.243  39.705 0.0000000000
28752  -15.664  -46.792  53.038 0.0000000000
30891  -10.797  -44.262  55.240 0.0000000000
45181  -38.794  -26.147  39.136 0.0000000000
38950  -29.794  -33.350  47.563 0.0000000000
37552  -26.763  -34.742  43.057 0.0000000000
36637  -12.803  -36.237  48.708 0.0000000000
88740  -10.934  -39.350  48.653 0.0000000000
47394  -46.369  -21.377  30.626 0.0000000000
29484  -18.226  -45.832  49.830 0.0000000000
92186  -20.894  -43.654  46.561 0.0000000000
37549  -5.800  -35.520  43.073 0.0000000000
94305  -5.492  -35.726  37.070 0.0000000000
34415  -14.349  -40.244  56.332 0.0000000000
33697  -8.610  -39.865  53.500 0.0000000000
33734  -4.951  -41.183  48.804 0.0000000000
36757  -40.166  -35.929  40.633 0.0000000000
92835  -38.386  -37.321  39.687 0.0000000000
36775  -39.821  -35.763  39.014 0.0000000000
88736  -36.108  -38.239  42.259 0.0000000000
35261  -35.667  -38.024  39.656 0.0000000000
35217  -35.224  -37.473  43.899 0.0000000000
48232  -50.486  -21.319  27.416 0.0000000000
47443  -46.435  -22.203  27.329 0.0000000000
48242  -47.224  -20.742  26.615 0.0000000000
49717  -48.973  -19.449  25.830 0.0000000000
48128  -40.312  -21.140  36.754 0.0000000000
45936  -37.188  -24.355  37.021 0.0000000000
47372  -37.944  -22.166  35.652 0.0000000000
89130  -39.088  -21.203  35.113 0.0000000000
34524  -9.114  -39.741  44.013 0.0000000000
33773  -10.048  -39.944  41.770 0.0000000000
33067  -7.574  -41.293  42.036 0.0000000000
32361  -6.373  -43.053  40.558 0.0000000000
33065  -5.395  -42.439  42.257 0.0000000000
28772  -14.862  -46.583  50.605 0.0000000000
29438  -12.546  -46.870  53.160 0.0000000000
43679  -39.544  -27.496  39.414 0.0000000000
98175  -39.310  -31.505  37.793 0.0000000000
41179  -38.273  -31.815  36.144 0.0000000000
41989  -39.059  -29.507  38.052 0.0000000000
43693  -38.224  -27.374  37.742 0.0000000000
38944  -32.193  -32.764  48.455 0.0000000000
36729  -30.440  -35.516  42.666 0.0000000000
36700  -29.749  -35.304  43.957 0.0000000000
51992  -50.839  -16.544  24.170 0.0000000000
52795  -51.536  -15.278  23.396 0.0000000000
106156  -14.251  -37.300  50.474 0.0000000000
34489  -13.163  -39.092  48.657 0.0000000000
89031  -11.878  -38.958  50.707 0.0000000000
48172  -45.427  -20.874  32.215 0.0000000000
48168  -41.878  -20.773  32.091 0.0000000000
97254  -43.207  -21.277  31.067 0.0000000000
94957  -44.393  -21.605  30.026 0.0000000000
29450  -19.407  -45.361  52.277 0.0000000000
88508  -21.219  -44.292  50.703 0.0000000000
107180  -7.354  -36.609  47.927 0.0000000000
36674  -5.682  -35.784  45.875 0.0000000000
36693  -8.572  -35.915  44.549 0.0000000000
102037  -7.298  -38.741  37.771 0.0000000000
36766  -7.714  -36.027  37.919 0.0000000000
35271  -5.203  -38.353  36.812 0.0000000000
33003  -15.069  -41.017  55.893 0.0000000000
107258  -8.742  -43.453  54.397 0.0000000000
32996  -9.026  -41.859  55.041 0.0000000000
33689  -7.861  -41.602  53.474 0.0000000000
34454  -6.905  -40.575  51.872 0.0000000000
33027  -5.183  -41.817  51.709 0.0000000000
38993  -40.647  -33.753  38.332 0.0000000000
37512  -33.305  -34.764  46.551 0.0000000000
36688  -34.434  -36.329  45.766 0.0000000000
35941  -32.321  -36.635  43.138 0.0000000000
50469  -52.169  -17.685  26.300 0.0000000000
91171  -49.911  -17.352  24.966 0.0000000000
96672  -42.744  -20.361  34.334 0.0000000000
48156  -40.591  -20.556  33.438 0.0000000000
97936  -23.001  -37.361  43.444 0.0000000000
33763  -23.012  -39.472  44.648 0.0000000000
39623  -3.499  -33.001  43.462 0.0000000000
36697  -12.514  -36.517  44.982 0.0000000000
36709  -11.001  -36.131  42.977 0.0000000000
35240  -12.102  -38.135  41.322 0.0000000000
34545  -9.535  -39.504  38.827 0.0000000000
33791  -6.768  -40.769  37.744 0.0000000000
102806  -15.267  -45.055  54.658 0.0000000000
31561  -12.770  -43.972  55.316 0.0000000000
29418  -13.095  -45.953  54.833 0.0000000000
30201  -10.393  -45.527  54.604 0.0000000000
90877  -38.197  -23.774  38.406 0.0000000000
44469  -37.470  -26.308  37.334 0.0000000000
38270  -27.003  -34.494  46.902 0.0000000000
97523  -31.033  -34.655  46.170 0.0000000000
105700  -28.484  -34.976  45.143 0.0000000000
37540  -25.547  -34.973  44.363 0.0000000000
36621  -8.731  -36.411  48.988 0.0000000000
37486  -10.969  -35.267  50.466 0.0000000000
36650  -11.691  -36.500  47.800 0.0000000000
35910  -13.348  -37.916  46.725 0.0000000000
34507  -11.313  -39.462  46.335 0.0000000000
34504  -8.651  -39.578  46.234 0.0000000000
47417  -48.031  -21.938  29.618 0.0000000000
46704  -45.056  -22.504  28.313 0.0000000000
30202  -17.478  -44.996  53.598 0.0000000000
28768  -17.273  -46.534  51.700 0.0000000000
28789  -15.881  -45.920  49.423 0.0000000000
100853  -23.246  -40.861  45.942 0.0000000000
31607  -23.640  -42.293  47.643 0.0000000000
30935  -22.634  -43.596  49.099 0.0000000000
30246  -19.752  -45.072  48.209 0.0000000000
30257  -16.250  -44.476  47.325 0.0000000000
38260  -4.441  -34.678  47.980 0.0000000000
37525  -3.987  -34.817  44.993 0.0000000000
37572  -5.069  -34.589  41.391 0.0000000000
36735  -8.989  -36.151  40.912 0.0000000000
98722  -6.758  -35.405  40.041 0.0000000000
38315  -4.886  -34.245  38.488 0.0000000000
34429  -13.688  -39.337  54.902 0.0000000000
32993  -11.919  -41.697  55.601 0.0000000000
34420  -11.428  -39.805  55.519 0.0000000000
34435  -11.304  -38.922  53.337 0.0000000000
34466  -9.237  -39.123  50.853 0.0000000000
102460  -7.830  -39.634  48.766 0.0000000000
100617  -5.631  -41.464  46.629 0.0000000000
30928  -4.226  -44.372  50.143 0.0000000000
31598  -4.252  -43.299  48.998 0.0000000000
95086  -4.491  -42.135  44.066 0.0000000000
35958  -39.335  -36.914  41.530 0.0000000000
36730  -39.026  -36.655  42.767 0.0000000000
35965  -38.751  -37.345  41.134 0.0000000000
36756  -39.601  -36.452  40.320 0.0000000000
94884  -37.434  -38.205  41.992 0.0000000000
35245  -37.408  -37.961  41.156 0.0000000000
35948  -37.979  -37.473  43.336 0.0000000000
104694  -36.593  -38.092  42.907 0.0000000000
48224  -50.011  -21.840  27.756 0.0000000000
47444  -47.251  -22.212  27.612 0.0000000000
47454  -46.996  -21.893  27.082 0.0000000000
47456  -48.561  -21.559  27.407 0.0000000000
48244  -48.926  -20.743  26.658 0.0000000000
48115  -39.881  -21.620  37.522 0.0000000000
88924  -41.153  -21.313  38.379 0.0000000000
48105  -40.179  -21.793  38.475 0.0000000000
47363  -37.688  -22.711  36.255 0.0000000000
47365  -38.818  -22.054  37.232 0.0000000000
48127  -39.277  -21.584  36.592 0.0000000000
88259  -8.115  -39.864  43.661 0.0000000000
88579  -8.112  -40.033  42.884 0.0000000000
33771  -7.469  -40.739  42.745 0.0000000000
94986  -6.207  -42.002  42.198 0.0000000000
33062  -5.819  -41.935  43.019 0.0000000000
29481  -14.368  -45.848  49.502 0.0000000000
29468  -13.129  -46.431  50.363 0.0000000000
41148  -40.074  -30.411  38.842 0.0000000000
41164  -39.041  -30.962  37.756 0.0000000000
42848  -39.403  -29.193  38.478 0.0000000000
101433  -39.126  -28.393  38.392 0.0000000000
51993  -51.702  -16.239  24.471 0.0000000000
52789  -51.258  -15.993  23.652 0.0000000000
53537  -52.586  -14.082  25.388 0.0000000000
35178  -14.213  -38.224  51.546 0.0000000000
34469  -13.419  -38.812  50.313 0.0000000000
34459  -13.025  -38.809  51.649 0.0000000000
88635  -45.084  -20.855  33.088 0.0000000000
48160  -46.058  -20.600  32.951 0.0000000000
48169  -42.650  -20.738  32.482 0.0000000000
48183  -42.567  -21.100  31.627 0.0000000000
48170  -43.362  -21.026  31.934 0.0000000000
48184  -43.986  -21.188  31.308 0.0000000000
30921  -21.569  -43.760  51.390 0.0000000000
30927  -22.319  -43.509  51.049 0.0000000000
37509  -25.853  -35.948  48.129 0.0000000000
35907  -25.341  -37.601  47.711 0.0000000000
40325  -3.585  -30.931  41.174 0.0000000000
88735  -9.012  -35.764  46.852 0.0000000000
89275  -7.897  -35.761  45.822 0.0000000000
36677  -9.310  -35.729  45.054 0.0000000000
34548  -5.841  -39.458  37.383 0.0000000000
35272  -5.875  -38.798  37.404 0.0000000000
34558  -4.468  -39.691  36.508 0.0000000000
33004  -15.877  -40.963  55.671 0.0000000000
33007  -14.509  -41.628  55.079 0.0000000000
30904  -7.882  -43.097  53.813 0.0000000000
32292  -7.847  -42.123  54.050 0.0000000000
32290  -7.156  -42.134  52.856 0.0000000000
33019  -5.733  -41.859  51.844 0.0000000000
32302  -5.412  -42.330  52.000 0.0000000000
37605  -40.318  -34.884  39.519 0.0000000000
38320  -40.353  -34.200  38.352 0.0000000000
38989  -40.862  -33.415  39.037 0.0000000000
40356  -40.765  -32.063  38.673 0.0000000000
97259  -34.494  -37.680  42.671 0.0000000000
35216  -34.404  -37.200  43.715 0.0000000000
35233  -33.272  -37.079  42.013 0.0000000000
35954  -31.841  -36.388  42.057 0.0000000000
50468  -51.760  -18.313  26.216 0.0000000000
49718  -49.576  -19.670  26.085 0.0000000000
49732  -49.622  -18.932  25.697 0.0000000000
50467  -51.100  -18.430  25.766 0.0000000000
102203  -50.785  -17.664  25.220 0.0000000000
48149  -42.318  -20.470  35.166 0.0000000000
48885  -43.422  -20.188  35.837 0.0000000000
48879  -42.538  -20.542  36.529 0.0000000000
89393  -40.016  -20.714  35.216 0.0000000000
93511  -39.369  -20.772  34.434 0.0000000000
48148  -40.830  -20.603  35.122 0.0000000000
95336  -42.060  -20.431  34.338 0.0000000000
39617  -5.354  -31.968  45.834 0.0000000000
39620  -4.179  -31.996  44.758 0.0000000000
38963  -3.873  -32.962  45.080 0.0000000000
106010  -13.167  -37.949  43.618 0.0000000000
35937  -12.445  -37.361  42.488 0.0000000000
35230  -12.481  -38.786  42.796 0.0000000000
33779  -9.108  -41.081  40.588 0.0000000000
33781  -10.074  -40.135  40.710 0.0000000000
33783  -9.009  -41.041  39.659 0.0000000000
33787  -8.486  -40.660  38.770 0.0000000000
33085  -8.005  -41.240  38.691 0.0000000000
32371  -7.535  -42.765  39.117 0.0000000000
29429  -15.133  -46.254  54.207 0.0000000000
29420  -14.248  -45.788  55.046 0.0000000000
29427  -14.035  -46.360  54.554 0.0000000000
101165  -11.038  -46.906  52.293 0.0000000000
29437  -11.127  -46.516  53.774 0.0000000000
29435  -9.533  -45.839  53.589 0.0000000000
30207  -8.887  -45.227  53.529 0.0000000000
45921  -38.330  -24.514  38.959 0.0000000000
44454  -38.392  -26.416  38.312 0.0000000000
44470  -37.802  -26.947  37.484 0.0000000000
44462  -37.763  -25.764  37.866 0.0000000000
45927  -37.873  -24.732  38.244 0.0000000000
100154  -29.110  -33.453  48.463 0.0000000000
38266  -28.507  -34.106  49.071 0.0000000000
38949  -29.121  -33.667  47.494 0.0000000000
96411  -33.002  -35.529  46.059 0.0000000000
103534  -32.553  -34.934  46.321 0.0000000000
36668  -31.383  -35.419  45.433 0.0000000000
37553  -27.877  -34.734  43.353 0.0000000000
101967  -29.168  -35.105  44.528 0.0000000000
101752  -27.993  -34.807  44.219 0.0000000000
37531  -27.285  -34.950  45.057 0.0000000000
37551  -25.640  -34.880  43.483 0.0000000000
36726  -23.856  -35.443  42.707 0.0000000000
98902  -12.735  -35.793  50.006 0.0000000000
36611  -11.767  -35.437  50.020 0.0000000000
36624  -11.449  -35.641  49.080 0.0000000000
36636  -12.042  -35.993  48.480 0.0000000000
36664  -12.672  -37.048  47.220 0.0000000000
36652  -13.180  -37.204  47.754 0.0000000000
34477  -11.697  -39.330  49.017 0.0000000000
34500  -12.368  -39.416  47.807 0.0000000000
88738  -10.960  -39.450  47.782 0.0000000000
34506  -10.302  -39.468  46.436 0.0000000000
34498  -9.577  -39.455  47.840 0.0000000000
47404  -46.792  -21.843  30.089 0.0000000000
48199  -48.501  -21.575  30.751 0.0000000000
88461  -47.501  -20.984  31.759 0.0000000000
97205  -45.370  -21.898  29.910 0.0000000000
46694  -44.915  -22.533  28.983 0.0000000000
47415  -46.155  -22.131  29.556 0.0000000000
46696  -46.411  -22.223  28.984 0.0000000000
30908  -18.181  -44.759  53.389 0.0000000000
28777  -19.144  -45.947  50.670 0.0000000000
28763  -18.433  -45.916  51.717 0.0000000000
28784  -17.879  -46.181  50.386 0.0000000000
29482  -16.438  -46.306  49.836 0.0000000000
29500  -16.677  -45.581  49.249 0.0000000000
33063  -22.539  -40.728  43.556 0.0000000000
33764  -23.286  -39.794  45.382 0.0000000000
32341  -22.576  -41.347  44.129 0.0000000000
30966  -21.306  -43.455  45.561 0.0000000000
30967  -22.491  -42.663  45.449 0.0000000000
30954  -21.776  -43.187  47.027 0.0000000000
30938  -22.713  -43.569  48.590 0.0000000000
30944  -21.405  -43.737  48.233 0.0000000000
30248  -21.122  -44.385  48.935 0.0000000000
30942  -19.707  -43.983  47.333 0.0000000000
30949  -17.410  -43.838  46.477 0.0000000000
37498  -4.417  -35.628  48.617 0.0000000000
37528  -5.615  -35.453  44.780 0.0000000000
37527  -4.819  -35.374  45.274 0.0000000000
37548  -4.920  -35.423  43.606 0.0000000000
38294  -4.008  -35.340  43.631 0.0000000000
37558  -5.293  -35.409  42.777 0.0000000000
36737  -10.661  -36.473  41.039 0.0000000000
36722  -9.424  -36.440  42.450 0.0000000000
36748  -9.922  -36.267  40.432 0.0000000000
37608  -6.902  -35.805  37.758 0.0000000000
37597  -7.264  -35.560  38.453 0.0000000000
37596  -6.420  -35.357  38.279 0.0000000000
103856  -5.274  -34.498  39.534 0.0000000000
37595  -5.519  -35.032  37.984 0.0000000000
38321  -3.832  -33.739  36.721 0.0000000000
34422  -13.466  -39.833  55.803 0.0000000000
30887  -11.793  -43.919  55.502 0.0000000000
97989  -12.365  -43.075  55.552 0.0000000000
107354  -11.338  -42.711  55.577 0.0000000000
99307  -8.950  -40.868  54.182 0.0000000000
33677  -10.428  -40.838  55.702 0.0000000000
34419  -10.171  -39.485  55.079 0.0000000000
34427  -10.938  -39.262  54.233 0.0000000000
34434  -10.457  -39.097  53.276 0.0000000000
88747  -10.369  -38.911  51.625 0.0000000000
34444  -9.141  -39.384  52.614 0.0000000000
102010  -5.475  -40.513  49.930 0.0000000000
34474  -7.106  -39.725  49.965 0.0000000000
33744  -6.207  -39.965  48.581 0.0000000000
33748  -6.336  -40.002  47.603 0.0000000000
33747  -5.707  -40.959  47.427 0.0000000000
93317  -3.788  -45.388  49.423 0.0000000000
94567  -4.216  -43.639  49.752 0.0000000000
37594  -40.714  -34.885  40.333 0.0000000000
35983  -37.521  -37.433  38.718 0.0000000000
36773  -38.840  -36.594  38.135 0.0000000000
35985  -38.797  -36.768  39.015 0.0000000000
36765  -39.971  -35.955  39.811 0.0000000000
92247  -34.815  -37.990  41.593 0.0000000000
35252  -35.812  -38.086  40.375 0.0000000000
35270  -36.987  -37.792  39.296 0.0000000000
35236  -35.576  -38.158  42.683 0.0000000000
48933  -50.836  -20.581  27.064 0.0000000000
48241  -46.454  -21.029  26.510 0.0000000000
48941  -46.970  -20.315  26.072 0.0000000000
48955  -47.531  -19.697  25.712 0.0000000000
48942  -47.816  -20.231  26.140 0.0000000000
48944  -49.420  -20.285  26.369 0.0000000000
88668  -41.105  -20.819  36.865 0.0000000000
48130  -42.006  -20.794  37.144 0.0000000000
48129  -41.592  -20.897  37.356 0.0000000000
48108  -42.083  -21.117  38.840 0.0000000000
45935  -36.623  -24.876  36.731 0.0000000000
46659  -36.789  -23.987  36.359 0.0000000000
47370  -36.843  -22.937  35.310 0.0000000000
47382  -37.367  -22.301  34.988 0.0000000000
90894  -37.318  -21.915  34.247 0.0000000000
48134  -38.760  -21.674  35.733 0.0000000000
48135  -39.702  -21.025  35.960 0.0000000000
95712  -11.025  -39.785  43.990 0.0000000000
34526  -10.806  -39.845  43.090 0.0000000000
34525  -9.773  -39.795  43.215 0.0000000000
33772  -9.240  -40.203  41.998 0.0000000000
33071  -8.441  -41.454  41.299 0.0000000000
32362  -7.410  -42.751  40.155 0.0000000000
32352  -7.066  -42.422  41.064 0.0000000000
32351  -5.955  -42.522  41.480 0.0000000000
101503  -14.752  -47.146  52.062 0.0000000000
28750  -13.882  -46.995  52.940 0.0000000000
28765  -13.940  -47.065  51.836 0.0000000000
44455  -38.941  -26.950  38.823 0.0000000000
40377  -39.209  -32.361  36.930 0.0000000000
39678  -38.885  -32.428  36.613 0.0000000000
40366  -39.054  -31.755  37.189 0.0000000000
42001  -38.480  -30.726  37.329 0.0000000000
41993  -38.026  -29.809  37.118 0.0000000000
42846  -38.351  -28.221  37.683 0.0000000000
42847  -38.674  -27.911  38.062 0.0000000000
38943  -31.082  -32.779  48.373 0.0000000000
35927  -30.730  -35.815  43.491 0.0000000000
36702  -30.679  -35.611  44.478 0.0000000000
89193  -30.131  -35.332  43.192 0.0000000000
36714  -28.671  -34.709  42.951 0.0000000000
52793  -49.820  -15.965  23.362 0.0000000000
52794  -50.675  -15.601  23.081 0.0000000000
53539  -51.233  -14.865  22.787 0.0000000000
99491  -51.365  -14.053  22.863 0.0000000000
35890  -14.130  -37.330  49.903 0.0000000000
35895  -13.930  -37.479  49.052 0.0000000000
35183  -13.850  -38.216  49.675 0.0000000000
34478  -12.495  -39.206  49.274 0.0000000000
34467  -11.787  -39.010  49.824 0.0000000000
48186  -45.879  -21.040  31.367 0.0000000000
48161  -47.163  -20.510  32.897 0.0000000000
48195  -41.513  -21.331  30.359 0.0000000000
48209  -42.335  -21.486  29.740 0.0000000000
47413  -43.024  -21.935  29.178 0.0000000000
48197  -43.837  -21.427  30.438 0.0000000000
47402  -44.926  -21.605  30.300 0.0000000000
30914  -19.487  -44.796  52.618 0.0000000000
30915  -20.442  -44.539  52.116 0.0000000000
95074  -19.945  -45.247  51.200 0.0000000000
93426  -19.470  -45.522  50.377 0.0000000000
31624  -20.657  -42.953  43.507 0.0000000000
30964  -19.039  -43.439  45.401 0.0000000000
36632  -6.127  -37.019  48.211 0.0000000000
36644  -4.690  -36.260  48.260 0.0000000000
36658  -6.370  -36.092  46.697 0.0000000000
36675  -6.471  -35.653  45.140 0.0000000000
93610  -7.192  -36.044  43.276 0.0000000000
35264  -8.807  -38.281  38.233 0.0000000000
36768  -9.300  -36.679  38.804 0.0000000000
35274  -7.839  -38.019  37.729 0.0000000000
105192  -6.429  -37.072  37.270 0.0000000000
36776  -5.136  -36.412  36.730 0.0000000000
34431  -17.294  -39.890  55.534 0.0000000000
33682  -15.804  -40.541  56.607 0.0000000000
33000  -14.992  -40.650  56.457 0.0000000000
30889  -9.183  -43.525  54.766 0.0000000000
31560  -9.673  -43.095  55.334 0.0000000000
31563  -8.617  -42.642  54.646 0.0000000000
33684  -8.381  -41.909  54.400 0.0000000000
100531  -7.931  -41.105  53.329 0.0000000000
34442  -7.515  -40.398  52.647 0.0000000000
33706  -6.871  -41.161  52.136 0.0000000000
33717  -5.656  -41.219  51.566 0.0000000000
102412  -4.730  -41.312  50.544 0.0000000000
38348  -39.350  -33.977  36.978 0.0000000000
36783  -39.342  -35.884  37.823 0.0000000000
90765  -39.736  -34.388  37.942 0.0000000000
38998  -39.536  -33.432  37.499 0.0000000000
39656  -39.922  -32.651  38.194 0.0000000000
40345  -40.443  -31.162  38.758 0.0000000000
36686  -32.635  -36.095  45.191 0.0000000000
35932  -34.606  -37.267  44.637 0.0000000000
35931  -33.769  -36.869  44.315 0.0000000000
35929  -32.257  -36.459  43.932 0.0000000000
35946  -31.458  -36.179  42.857 0.0000000000
50487  -48.362  -17.565  24.570 0.0000000000
103567  -50.494  -16.986  24.726 0.0000000000
51196  -51.248  -16.892  24.951 0.0000000000
48150  -43.584  -20.218  33.851 0.0000000000
48898  -45.191  -20.139  34.572 0.0000000000
48897  -44.132  -20.308  34.814 0.0000000000
48154  -38.741  -20.878  33.760 0.0000000000
48167  -40.952  -20.590  32.427 0.0000000000
48158  -42.710  -20.429  33.455 0.0000000000
35926  -23.795  -37.356  44.958 0.0000000000
35210  -24.140  -38.020  45.697 0.0000000000
35222  -22.854  -38.343  43.681 0.0000000000
34533  -22.557  -39.720  42.664 0.0000000000
94195  -3.612  -31.663  42.676 0.0000000000
88623  -3.552  -31.835  41.940 0.0000000000
36678  -11.071  -36.002  45.587 0.0000000000
36695  -10.420  -35.975  44.704 0.0000000000
90251  -11.286  -36.022  43.830 0.0000000000
36724  -11.553  -36.682  42.294 0.0000000000
35247  -11.143  -37.833  40.175 0.0000000000
34534  -11.567  -39.016  41.404 0.0000000000
34541  -10.623  -39.059  39.916 0.0000000000
35256  -10.174  -38.112  39.065 0.0000000000
104982  -8.895  -39.068  38.452 0.0000000000
31564  -13.995  -43.882  54.571 0.0000000000
30899  -14.455  -44.909  55.081 0.0000000000
30188  -13.690  -45.544  55.168 0.0000000000
30186  -11.914  -45.126  55.324 0.0000000000
106326  -12.803  -46.628  53.849 0.0000000000
29416  -11.130  -45.697  54.725 0.0000000000
30193  -10.771  -45.268  54.882 0.0000000000
30191  -9.412  -44.379  54.357 0.0000000000
101473  -8.701  -43.920  53.829 0.0000000000
101666  -7.711  -44.116  53.101 0.0000000000
47353  -38.746  -22.885  38.454 0.0000000000
47346  -40.140  -22.254  39.388 0.0000000000
47344  -39.343  -22.869  39.337 0.0000000000
40392  -37.922  -32.143  35.512 0.0000000000
45196  -36.767  -25.818  36.891 0.0000000000
105200  -37.832  -24.004  37.849 0.0000000000
37511  -27.176  -34.785  47.971 0.0000000000
37517  -25.771  -35.686  47.056 0.0000000000
38953  -32.671  -33.300  47.659 0.0000000000
38274  -32.002  -33.689  46.967 0.0000000000
38284  -30.392  -34.198  46.424 0.0000000000
100168  -29.986  -35.106  44.782 0.0000000000
37533  -29.854  -34.900  45.305 0.0000000000
38958  -29.650  -33.777  46.836 0.0000000000
38282  -27.797  -34.336  46.317 0.0000000000
37530  -26.278  -34.871  45.540 0.0000000000
37529  -25.021  -35.892  45.730 0.0000000000
36713  -23.987  -35.795  43.653 0.0000000000
55001  -51.038  -12.701  22.426 0.0000000000
55002  -50.966  -12.171  22.989 0.0000000000
55702  -50.862  -11.216  22.559 0.0000000000
89009  -7.972  -36.520  48.691 0.0000000000
36648  -9.124  -35.989  47.587 0.0000000000
36622  -9.880  -35.811  49.611 0.0000000000
91920  -10.320  -36.334  48.278 0.0000000000
36662  -10.679  -35.984  46.546 0.0000000000
36663  -11.724  -36.221  46.196 0.0000000000
35913  -13.121  -37.172  45.421 0.0000000000
35208  -13.151  -38.787  45.062 0.0000000000
35201  -13.287  -38.783  47.182 0.0000000000
34509  -12.815  -39.161  46.630 0.0000000000
92193  -11.987  -39.512  44.842 0.0000000000
91551  -10.136  -39.492  45.395 0.0000000000
100231  -9.184  -39.575  45.440 0.0000000000
33757  -7.425  -39.937  45.176 0.0000000000
96678  -48.145  -21.997  29.120 0.0000000000
47429  -43.638  -22.336  28.650 0.0000000000
47430  -44.352  -22.508  28.451 0.0000000000
46721  -44.862  -22.281  27.663 0.0000000000
46714  -45.755  -22.330  27.741 0.0000000000
46716  -47.101  -22.399  28.134 0.0000000000
30902  -17.093  -44.770  53.873 0.0000000000
29430  -16.522  -46.050  53.686 0.0000000000
29433  -18.595  -45.336  53.029 0.0000000000
28755  -17.416  -46.199  52.508 0.0000000000
100232  -16.318  -46.743  52.688 0.0000000000
28781  -15.062  -46.239  49.991 0.0000000000
95885  -24.244  -38.709  46.092 0.0000000000
34510  -24.173  -39.596  46.855 0.0000000000
33051  -24.237  -40.720  47.575 0.0000000000
31617  -22.638  -41.969  44.641 0.0000000000
94907  -23.827  -41.650  47.166 0.0000000000
33047  -24.195  -41.349  47.800 0.0000000000
32331  -24.150  -42.169  48.613 0.0000000000
31600  -23.677  -42.781  49.410 0.0000000000
31596  -22.905  -43.095  50.212 0.0000000000
30230  -21.538  -43.940  49.988 0.0000000000
29504  -20.366  -45.037  49.477 0.0000000000
29519  -19.114  -45.347  48.865 0.0000000000
30941  -18.808  -44.128  47.034 0.0000000000
30259  -18.212  -44.521  47.582 0.0000000000
29517  -17.166  -45.036  48.669 0.0000000000
29516  -16.368  -44.952  48.507 0.0000000000
38947  -4.578  -33.892  47.534 0.0000000000
37504  -4.499  -35.358  47.677 0.0000000000
38280  -4.144  -34.549  46.075 0.0000000000
38279  -3.894  -34.046  45.243 0.0000000000
38968  -3.474  -33.934  43.879 0.0000000000
38970  -3.848  -33.936  42.525 0.0000000000
98405  -3.844  -34.086  40.690 0.0000000000
36708  -9.524  -36.372  43.374 0.0000000000
36706  -8.032  -36.499  43.183 0.0000000000
36720  -7.472  -36.339  42.467 0.0000000000
37575  -8.255  -35.842  39.606 0.0000000000
36746  -7.395  -35.845  40.515 0.0000000000
37566  -6.271  -35.674  41.546 0.0000000000
92763  -5.696  -35.265  41.021 0.0000000000
103167  -4.274  -34.327  40.586 0.0000000000
90584  -3.745  -33.814  39.870 0.0000000000
38988  -3.225  -32.972  38.039 0.0000000000
90887  -13.530  -42.587  54.968 0.0000000000
32283  -13.440  -41.638  55.298 0.0000000000
33674  -13.248  -40.698  55.483 0.0000000000
32991  -10.550  -41.913  55.683 0.0000000000
91285  -11.063  -41.249  55.737 0.0000000000
34414  -12.735  -40.447  55.861 0.0000000000
93881  -12.613  -39.355  55.038 0.0000000000
34436  -12.025  -38.834  53.415 0.0000000000
34446  -12.381  -38.740  52.184 0.0000000000
88670  -11.711  -38.823  51.996 0.0000000000
102141  -10.907  -38.832  50.903 0.0000000000
88743  -9.942  -38.841  49.775 0.0000000000
90594  -8.283  -39.428  51.008 0.0000000000
101327  -8.628  -39.376  49.703 0.0000000000
89649  -9.436  -39.424  48.550 0.0000000000
100229  -8.403  -39.595  47.369 0.0000000000
33749  -7.151  -40.054  46.765 0.0000000000
88908  -6.383  -40.619  44.940 0.0000000000
96210  -6.250  -43.773  52.106 0.0000000000
30216  -5.076  -44.632  50.582 0.0000000000
31585  -5.275  -43.278  51.660 0.0000000000
32321  -4.473  -42.533  50.802 0.0000000000
32320  -4.350  -42.139  50.063 0.0000000000
33042  -4.366  -42.116  48.736 0.0000000000
99153  -4.611  -42.735  48.279 0.0000000000
33046  -5.355  -42.026  47.722 0.0000000000
33050  -5.362  -42.158  46.859 0.0000000000
33760  -5.227  -41.802  45.159 0.0000000000
33057  -4.887  -41.572  44.306 0.0000000000
33060  -4.388  -42.350  43.418 0.0000000000
32348  -3.770  -43.188  42.215 0.0000000000
35950  -39.338  -36.810  42.162 0.0000000000
35246  -38.112  -37.806  41.550 0.0000000000
35949  -38.673  -37.152  42.730 0.0000000000
35239  -38.070  -37.738  42.364 0.0000000000
48218  -50.167  -21.830  28.585 0.0000000000
47445  -48.351  -22.033  27.801 0.0000000000
47455  -47.772  -21.663  27.342 0.0000000000
47457  -49.118  -21.758  27.651 0.0000000000
90023  -40.555  -21.534  37.977 0.0000000000
101694  -38.596  -22.627  37.679 0.0000000000
46661  -38.120  -22.858  37.018 0.0000000000
33762  -7.266  -40.139  44.221 0.0000000000
33766  -7.307  -40.319  43.386 0.0000000000
33770  -6.586  -41.064  43.252 0.0000000000
29480  -13.245  -46.023  49.459 0.0000000000
41985  -39.771  -29.851  38.833 0.0000000000
35177  -13.653  -38.791  51.152 0.0000000000
48151  -44.658  -20.291  33.822 0.0000000000
94832  -43.475  -20.553  32.774 0.0000000000
48171  -44.354  -20.860  32.227 0.0000000000
31584  -22.902  -42.700  52.700 0.0000000000
30922  -22.079  -43.374  51.319 0.0000000000
31591  -22.810  -43.001  51.534 0.0000000000
36655  -25.410  -36.557  47.563 0.0000000000
107081  -24.944  -36.926  47.277 0.0000000000
35911  -24.629  -37.366  46.816 0.0000000000
39634  -3.422  -32.121  41.158 0.0000000000
39642  -3.364  -31.699  40.389 0.0000000000
89410  -8.943  -35.640  45.935 0.0000000000
34547  -5.213  -39.219  36.794 0.0000000000
32293  -14.402  -42.493  54.297 0.0000000000
31574  -7.224  -42.735  53.062 0.0000000000
100920  -6.328  -42.379  52.360 0.0000000000
31586  -5.607  -42.697  52.147 0.0000000000
38313  -40.660  -34.276  39.588 0.0000000000
96999  -40.596  -34.002  38.728 0.0000000000
105232  -40.782  -33.832  39.329 0.0000000000
104043  -34.483  -37.701  42.154 0.0000000000
35234  -33.924  -37.353  42.369 0.0000000000
49719  -50.511  -19.208  26.007 0.0000000000
93720  -41.570  -20.579  35.428 0.0000000000
39609  -5.651  -32.236  46.682 0.0000000000
39616  -4.684  -32.467  45.454 0.0000000000
35221  -12.894  -38.608  43.575 0.0000000000
33074  -8.628  -41.684  40.219 0.0000000000
33078  -8.445  -41.527  39.292 0.0000000000
33077  -7.952  -42.011  38.785 0.0000000000
29428  -14.449  -46.309  54.428 0.0000000000
28748  -15.068  -46.561  53.789 0.0000000000
91658  -10.801  -46.600  53.007 0.0000000000
45188  -38.288  -25.500  38.621 0.0000000000
45175  -38.718  -25.178  39.492 0.0000000000
38359  -39.111  -33.507  36.628 0.0000000000
38942  -30.026  -33.022  48.355 0.0000000000
36669  -32.239  -35.720  45.529 0.0000000000
103299  -26.309  -34.833  43.817 0.0000000000
89390  -25.834  -34.747  42.562 0.0000000000
89043  -12.410  -35.783  49.247 0.0000000000
36651  -12.587  -36.637  47.972 0.0000000000
36638  -13.386  -36.858  48.500 0.0000000000
34487  -11.713  -39.470  48.169 0.0000000000
88863  -10.182  -39.390  47.397 0.0000000000
88739  -10.187  -39.351  48.216 0.0000000000
47395  -47.432  -21.274  30.817 0.0000000000
47403  -45.941  -21.926  30.019 0.0000000000
29469  -18.676  -46.000  50.316 0.0000000000
28776  -18.440  -46.239  50.851 0.0000000000
29483  -17.275  -46.054  49.825 0.0000000000
98530  -22.434  -41.464  42.803 0.0000000000
30965  -20.534  -43.446  45.474 0.0000000000
30953  -21.461  -43.443  46.561 0.0000000000
93690  -21.976  -43.434  47.651 0.0000000000
88377  -21.349  -43.510  47.331 0.0000000000
30943  -20.583  -43.779  47.714 0.0000000000
30952  -20.159  -43.679  46.596 0.0000000000
107013  -4.273  -35.995  49.169 0.0000000000
37539  -5.554  -35.510  43.874 0.0000000000
37538  -4.746  -35.338  44.317 0.0000000000
37559  -6.096  -35.608  42.292 0.0000000000
36749  -10.600  -36.730  40.256 0.0000000000
36759  -9.796  -36.559  39.502 0.0000000000
37607  -6.020  -35.578  37.604 0.0000000000
37606  -5.149  -35.152  37.131 0.0000000000
96880  -15.661  -40.326  56.841 0.0000000000
30892  -11.518  -44.470  55.409 0.0000000000
31557  -11.594  -43.108  55.574 0.0000000000
30886  -11.265  -43.714  55.442 0.0000000000
33691  -8.728  -40.343  53.970 0.0000000000
33692  -9.301  -40.118  54.663 0.0000000000
101222  -9.207  -39.811  53.963 0.0000000000
88920  -9.905  -39.383  54.173 0.0000000000
34433  -9.578  -39.396  53.284 0.0000000000
33736  -6.259  -40.118  49.527 0.0000000000
33735  -5.487  -40.562  49.135 0.0000000000
33743  -5.543  -40.608  48.208 0.0000000000
29488  -3.430  -46.965  49.120 0.0000000000
30228  -3.694  -46.309  49.514 0.0000000000
37581  -40.679  -35.388  40.888 0.0000000000
101442  -37.754  -37.608  39.470 0.0000000000
35984  -38.192  -37.262  38.888 0.0000000000
37593  -40.339  -35.458  40.158 0.0000000000
89055  -35.406  -38.169  41.912 0.0000000000
35243  -35.252  -38.104  40.963 0.0000000000
88653  -35.976  -38.027  41.334 0.0000000000
35254  -37.357  -37.867  40.164 0.0000000000
101721  -36.678  -38.224  42.421 0.0000000000
35237  -36.148  -38.274  42.868 0.0000000000
48934  -51.607  -20.216  27.489 0.0000000000
48928  -51.334  -20.967  27.792 0.0000000000
47442  -45.592  -22.081  27.336 0.0000000000
47468  -46.279  -21.811  26.871 0.0000000000
48229  -47.472  -21.191  27.042 0.0000000000
48228  -46.844  -21.387  26.850 0.0000000000
48243  -48.064  -20.651  26.656 0.0000000000
48932  -49.867  -20.749  26.803 0.0000000000
48945  -50.232  -20.064  26.433 0.0000000000
48107  -41.734  -21.250  39.061 0.0000000000
90407  -41.813  -21.159  38.406 0.0000000000
46670  -37.054  -23.203  36.007 0.0000000000
47371  -37.374  -22.651  35.648 0.0000000000
47383  -38.185  -21.679  34.884 0.0000000000
48136  -40.789  -20.737  36.021 0.0000000000
90497  -10.149  -39.808  43.927 0.0000000000
33775  -8.418  -40.621  42.203 0.0000000000
106576  -8.784  -39.970  42.530 0.0000000000
33070  -7.602  -41.873  41.430 0.0000000000
32350  -4.786  -42.868  41.489 0.0000000000
28766  -14.754  -46.942  51.382 0.0000000000
28771  -13.967  -46.790  50.890 0.0000000000
40367  -39.441  -32.174  37.528 0.0000000000
41994  -38.998  -30.224  37.920 0.0000000000
104426  -38.662  -29.887  37.703 0.0000000000
42852  -38.548  -29.114  37.639 0.0000000000
43686  -39.080  -27.698  38.579 0.0000000000
39604  -31.435  -32.377  49.011 0.0000000000
35945  -30.740  -35.660  42.978 0.0000000000
100914  -30.368  -35.555  43.375 0.0000000000
51204  -50.022  -16.747  24.214 0.0000000000
52000  -49.448  -16.475  23.764 0.0000000000
52001  -50.305  -16.236  23.672 0.0000000000
52803  -50.500  -14.987  22.726 0.0000000000
53540  -51.692  -14.507  23.447 0.0000000000
35184  -14.112  -38.089  50.566 0.0000000000
91910  -12.851  -39.010  50.877 0.0000000000
34468  -12.590  -39.000  50.088 0.0000000000
48173  -46.361  -20.784  32.225 0.0000000000
89381  -41.223  -20.791  31.649 0.0000000000
48182  -41.765  -21.125  31.250 0.0000000000
88926  -42.400  -21.315  30.713 0.0000000000
48196  -43.115  -21.444  30.064 0.0000000000
48185  -44.925  -21.111  31.222 0.0000000000
47393  -45.578  -21.487  30.536 0.0000000000
31582  -20.945  -43.417  51.744 0.0000000000
30221  -21.198  -44.217  51.246 0.0000000000
30215  -20.546  -44.745  51.682 0.0000000000
29471  -20.461  -44.723  50.686 0.0000000000
106340  -20.158  -44.949  50.888 0.0000000000
93478  -19.962  -44.965  50.389 0.0000000000
30974  -20.234  -43.087  44.488 0.0000000000
98329  -19.081  -42.528  43.904 0.0000000000
36646  -6.369  -36.617  47.400 0.0000000000
36692  -7.559  -35.797  44.959 0.0000000000
88412  -6.856  -35.828  45.836 0.0000000000
36691  -6.664  -35.683  44.197 0.0000000000
96676  -7.817  -36.071  43.968 0.0000000000
35263  -7.966  -39.047  38.080 0.0000000000
98674  -6.058  -37.949  37.388 0.0000000000
35986  -5.577  -37.244  37.033 0.0000000000
91148  -4.488  -38.224  36.479 0.0000000000
30897  -9.037  -43.713  54.428 0.0000000000
100556  -8.756  -43.227  54.601 0.0000000000
30896  -8.496  -43.023  54.499 0.0000000000
33005  -7.827  -41.907  53.746 0.0000000000
32287  -8.183  -42.155  54.307 0.0000000000
33006  -8.178  -41.740  54.012 0.0000000000
102732  -8.168  -41.465  53.780 0.0000000000
33707  -7.611  -40.880  52.802 0.0000000000
33695  -7.376  -41.449  52.696 0.0000000000
33704  -5.572  -41.730  51.835 0.0000000000
33705  -5.920  -41.575  51.863 0.0000000000
33716  -5.168  -41.455  51.372 0.0000000000
33726  -5.390  -40.895  50.785 0.0000000000
37638  -38.946  -34.501  36.550 0.0000000000
37625  -39.360  -34.903  37.046 0.0000000000
36774  -39.413  -36.203  38.535 0.0000000000
36784  -39.621  -35.383  38.311 0.0000000000
38328  -39.969  -33.911  38.088 0.0000000000
38337  -39.508  -33.956  37.486 0.0000000000
38992  -39.975  -33.373  38.142 0.0000000000
39667  -39.512  -32.875  37.463 0.0000000000
35260  -34.983  -37.790  39.510 0.0000000000
36670  -33.822  -35.923  45.940 0.0000000000
36687  -33.654  -36.370  45.345 0.0000000000
35933  -35.431  -37.513  44.762 0.0000000000
35942  -33.296  -36.871  43.550 0.0000000000
35930  -32.946  -36.580  44.277 0.0000000000
35940  -31.450  -36.230  43.637 0.0000000000
36743  -31.415  -35.925  41.684 0.0000000000
51193  -52.433  -17.033  26.065 0.0000000000
48956  -48.275  -19.614  25.770 0.0000000000
90800  -47.921  -19.121  25.439 0.0000000000
49731  -48.690  -18.800  25.470 0.0000000000
50478  -49.444  -18.098  25.283 0.0000000000
50477  -48.728  -17.999  25.044 0.0000000000
51195  -49.129  -17.437  24.701 0.0000000000
51203  -49.459  -16.928  24.328 0.0000000000
51192  -51.712  -17.565  25.662 0.0000000000
51989  -52.173  -16.654  25.307 0.0000000000
48896  -43.144  -20.394  34.967 0.0000000000
48880  -43.198  -20.327  36.805 0.0000000000
48119  -42.343  -20.874  37.909 0.0000000000
48131  -42.530  -20.695  37.261 0.0000000000
102154  -38.658  -21.129  34.442 0.0000000000
48147  -37.999  -21.308  33.983 0.0000000000
93984  -40.268  -20.562  34.374 0.0000000000
35214  -23.343  -37.812  44.363 0.0000000000
40305  -4.718  -31.588  44.480 0.0000000000
38965  -3.644  -32.660  44.211 0.0000000000
91602  -3.988  -31.676  43.976 0.0000000000
39624  -3.564  -32.011  43.386 0.0000000000
39627  -3.558  -32.730  42.684 0.0000000000
36696  -11.592  -36.131  44.769 0.0000000000
36711  -12.247  -36.535  44.055 0.0000000000
35944  -12.528  -38.030  42.103 0.0000000000
35951  -11.949  -37.378  41.568 0.0000000000
35960  -11.630  -37.579  40.791 0.0000000000
34531  -10.887  -39.677  42.057 0.0000000000
33777  -10.771  -39.634  41.113 0.0000000000
34536  -10.075  -39.825  39.649 0.0000000000
34537  -10.514  -39.574  40.392 0.0000000000
34540  -10.215  -38.945  39.162 0.0000000000
34544  -8.676  -39.782  38.548 0.0000000000
33786  -7.565  -40.568  38.215 0.0000000000
34543  -7.712  -39.789  38.146 0.0000000000
31667  -6.749  -43.358  39.612 0.0000000000
31565  -14.940  -44.726  54.768 0.0000000000
30900  -14.987  -44.949  54.927 0.0000000000
29415  -13.881  -45.953  55.070 0.0000000000
30189  -14.254  -45.656  55.097 0.0000000000
29414  -13.421  -45.770  55.035 0.0000000000
30187  -12.793  -45.305  55.211 0.0000000000
30195  -12.496  -45.575  55.002 0.0000000000
100946  -13.322  -46.806  53.434 0.0000000000
29424  -10.691  -46.087  54.310 0.0000000000
29425  -11.586  -46.177  54.326 0.0000000000
30192  -10.036  -44.908  54.658 0.0000000000
30200  -9.690  -45.145  54.386 0.0000000000
30206  -8.338  -44.810  53.270 0.0000000000
30913  -8.743  -44.477  53.681 0.0000000000
30912  -8.257  -44.088  53.501 0.0000000000
46642  -38.659  -23.569  39.186 0.0000000000
40376  -38.755  -31.944  36.608 0.0000000000
40384  -38.410  -32.069  36.144 0.0000000000
95943  -37.421  -26.955  37.200 0.0000000000
46649  -38.213  -23.294  37.725 0.0000000000
38265  -27.884  -34.455  48.498 0.0000000000
37510  -26.436  -35.174  47.508 0.0000000000
38285  -31.797  -34.617  46.369 0.0000000000
38273  -31.166  -33.867  46.830 0.0000000000
36701  -30.217  -35.593  43.953 0.0000000000
36683  -30.355  -35.352  44.613 0.0000000000
36682  -29.695  -35.259  44.343 0.0000000000
37532  -28.464  -35.040  44.728 0.0000000000
91620  -29.172  -35.089  44.832 0.0000000000
38289  -28.736  -34.567  45.638 0.0000000000
38283  -29.627  -34.395  46.115 0.0000000000
38957  -28.705  -34.032  46.784 0.0000000000
38288  -27.884  -34.715  45.448 0.0000000000
92764  -25.538  -35.137  45.239 0.0000000000
90738  -25.617  -35.452  46.125 0.0000000000
36680  -24.836  -35.534  44.970 0.0000000000
36698  -24.048  -36.187  44.766 0.0000000000
37550  -24.742  -35.304  44.078 0.0000000000
54282  -51.025  -13.510  22.271 0.0000000000
54278  -51.259  -13.175  23.067 0.0000000000
55701  -50.869  -11.889  22.189 0.0000000000
36620  -8.148  -36.511  49.517 0.0000000000
36633  -8.796  -36.308  48.232 0.0000000000
37485  -10.189  -35.546  50.411 0.0000000000
36635  -11.141  -36.132  48.368 0.0000000000
36623  -10.519  -35.878  48.958 0.0000000000
36649  -10.727  -36.359  47.596 0.0000000000
90435  -11.548  -36.465  47.032 0.0000000000
36665  -13.087  -37.421  47.116 0.0000000000
35909  -13.002  -37.173  46.401 0.0000000000
35914  -13.511  -37.797  45.895 0.0000000000
35213  -13.509  -37.970  45.080 0.0000000000
35209  -13.419  -38.431  45.608 0.0000000000
35190  -13.664  -38.430  48.849 0.0000000000
35901  -13.661  -37.753  48.244 0.0000000000
35195  -13.479  -38.662  48.042 0.0000000000
34499  -11.887  -39.464  47.151 0.0000000000
34508  -12.237  -39.366  46.115 0.0000000000
34515  -11.672  -39.522  45.530 0.0000000000
89562  -11.140  -39.636  44.886 0.0000000000
105307  -10.906  -39.524  45.717 0.0000000000
34514  -9.487  -39.511  46.105 0.0000000000
34513  -8.350  -39.697  45.394 0.0000000000
47418  -48.798  -21.918  29.576 0.0000000000
47406  -48.660  -21.808  30.037 0.0000000000
47401  -43.895  -21.882  29.496 0.0000000000
47414  -44.342  -22.347  28.996 0.0000000000
46713  -44.295  -22.510  27.877 0.0000000000
47416  -47.086  -22.061  29.587 0.0000000000
46706  -46.656  -22.390  28.374 0.0000000000
46697  -47.305  -22.156  28.900 0.0000000000
106538  -16.716  -45.631  53.755 0.0000000000
29431  -17.155  -45.574  53.491 0.0000000000
30209  -19.703  -45.141  52.391 0.0000000000
30205  -19.113  -45.164  52.840 0.0000000000
91471  -18.794  -45.486  52.559 0.0000000000
28762  -17.702  -46.263  51.983 0.0000000000
28761  -16.960  -46.554  52.329 0.0000000000
28754  -16.712  -46.532  52.821 0.0000000000
28760  -16.380  -46.769  51.996 0.0000000000
88864  -16.053  -46.855  51.288 0.0000000000
28782  -15.722  -46.387  49.868 0.0000000000
28788  -15.195  -45.877  49.528 0.0000000000
29499  -15.336  -45.474  48.851 0.0000000000
90130  -23.867  -38.705  45.655 0.0000000000
93438  -23.567  -39.330  45.522 0.0000000000
33059  -23.292  -40.263  45.594 0.0000000000
33759  -23.863  -39.950  46.018 0.0000000000
33054  -23.674  -40.441  46.272 0.0000000000
33754  -24.201  -40.096  47.269 0.0000000000
93223  -23.999  -40.444  46.879 0.0000000000
31616  -22.205  -42.354  43.658 0.0000000000
31606  -22.959  -42.522  47.493 0.0000000000
31609  -22.835  -42.133  46.643 0.0000000000
31610  -23.351  -42.031  47.092 0.0000000000
32334  -24.096  -41.804  47.736 0.0000000000
103903  -24.148  -41.892  48.062 0.0000000000
31604  -23.943  -42.579  48.209 0.0000000000
30933  -23.181  -43.231  49.249 0.0000000000
31599  -23.003  -43.112  49.716 0.0000000000
98525  -22.509  -43.460  49.580 0.0000000000
30231  -21.996  -43.597  49.873 0.0000000000
30236  -21.923  -43.811  49.487 0.0000000000
30247  -20.588  -44.715  48.561 0.0000000000
30234  -20.827  -44.749  49.113 0.0000000000
30233  -20.178  -45.272  48.813 0.0000000000
30963  -18.297  -43.346  45.217 0.0000000000
30951  -19.346  -43.800  46.362 0.0000000000
30950  -18.373  -43.725  46.168 0.0000000000
30271  -16.530  -44.054  46.712 0.0000000000
30258  -17.222  -44.410  47.330 0.0000000000
30244  -17.611  -44.819  48.098 0.0000000000
30243  -16.757  -44.712  47.965 0.0000000000
99706  -4.475  -34.664  48.657 0.0000000000
38935  -4.664  -33.893  48.386 0.0000000000
38948  -5.113  -33.174  48.114 0.0000000000
36657  -5.564  -35.952  46.974 0.0000000000
37505  -4.940  -35.700  47.374 0.0000000000
37516  -4.830  -35.540  46.331 0.0000000000
37537  -4.329  -35.178  44.651 0.0000000000
37526  -4.312  -35.151  45.677 0.0000000000
104925  -3.756  -34.337  44.834 0.0000000000
38291  -3.710  -34.574  44.425 0.0000000000
37564  -4.945  -35.005  42.348 0.0000000000
38299  -4.187  -35.007  42.819 0.0000000000
90572  -4.431  -34.355  42.007 0.0000000000
38978  -3.799  -33.326  41.636 0.0000000000
38305  -4.165  -34.427  41.112 0.0000000000
99409  -10.360  -36.050  43.655 0.0000000000
36694  -9.477  -36.130  44.209 0.0000000000
107122  -10.201  -36.230  42.922 0.0000000000
106345  -8.838  -36.431  41.767 0.0000000000
36721  -8.359  -36.553  42.421 0.0000000000
36734  -7.842  -36.252  41.519 0.0000000000
36767  -8.483  -36.379  38.368 0.0000000000
36758  -8.991  -36.076  38.989 0.0000000000
37598  -8.086  -35.809  38.701 0.0000000000
37585  -7.451  -35.482  39.348 0.0000000000
36733  -6.959  -35.881  41.306 0.0000000000
37574  -6.438  -35.661  40.786 0.0000000000
91390  -6.007  -34.962  40.056 0.0000000000
38309  -4.453  -34.209  39.696 0.0000000000
38308  -3.785  -33.800  38.809 0.0000000000
38314  -3.736  -33.861  37.771 0.0000000000
104206  -13.748  -39.050  54.034 0.0000000000
31562  -13.465  -43.994  54.918 0.0000000000
99866  -12.137  -42.001  55.581 0.0000000000
32282  -12.725  -42.107  55.433 0.0000000000
32994  -12.625  -41.374  55.446 0.0000000000
32995  -13.409  -41.200  55.404 0.0000000000
32285  -9.242  -42.400  55.200 0.0000000000
32278  -10.068  -42.399  55.587 0.0000000000
32997  -9.745  -41.875  55.485 0.0000000000
33687  -10.606  -39.869  55.559 0.0000000000
34412  -11.232  -40.579  55.811 0.0000000000
33678  -11.955  -40.910  55.743 0.0000000000
34413  -11.918  -40.339  55.888 0.0000000000
34421  -12.282  -39.806  55.625 0.0000000000
34428  -11.676  -39.325  55.069 0.0000000000
89447  -11.906  -39.169  54.115 0.0000000000
89351  -12.564  -38.698  52.999 0.0000000000
88749  -11.783  -38.745  52.724 0.0000000000
103770  -9.642  -39.071  51.395 0.0000000000
88746  -10.071  -38.905  50.944 0.0000000000
88745  -10.468  -38.738  50.324 0.0000000000
106762  -9.782  -38.856  50.399 0.0000000000
34455  -7.777  -39.977  51.885 0.0000000000
34464  -7.154  -39.837  51.008 0.0000000000
34475  -7.908  -39.576  49.423 0.0000000000
34465  -7.973  -39.464  50.240 0.0000000000
34476  -9.319  -39.280  49.328 0.0000000000
34486  -8.596  -39.530  48.841 0.0000000000
34497  -8.895  -39.585  47.970 0.0000000000
34485  -8.099  -39.593  48.122 0.0000000000
33752  -6.256  -40.737  46.718 0.0000000000
88368  -6.842  -40.401  45.920 0.0000000000
33756  -5.995  -41.164  45.882 0.0000000000
30217  -5.858  -44.611  51.092 0.0000000000
107221  -3.819  -45.045  50.075 0.0000000000
94246  -4.137  -45.043  50.230 0.0000000000
30923  -4.815  -43.940  50.804 0.0000000000
99849  -4.754  -43.008  51.333 0.0000000000
31595  -4.437  -43.372  50.474 0.0000000000
31594  -4.275  -42.783  50.089 0.0000000000
32324  -4.244  -42.594  49.490 0.0000000000
33039  -4.227  -41.968  49.354 0.0000000000
32327  -4.330  -42.475  48.875 0.0000000000
33045  -4.939  -42.484  48.117 0.0000000000
94970  -5.105  -42.658  47.283 0.0000000000
33049  -4.894  -42.656  46.364 0.0000000000
103914  -4.885  -42.560  45.561 0.0000000000
33056  -4.953  -42.307  44.983 0.0000000000
33061  -4.858  -41.844  43.629 0.0000000000
36744  -39.726  -36.498  41.152 0.0000000000
36745  -40.237  -35.942  41.358 0.0000000000
92965  -39.876  -36.535  41.862 0.0000000000
36731  -39.727  -36.347  42.361 0.0000000000
35973  -38.069  -37.630  40.098 0.0000000000
35974  -39.061  -36.966  39.974 0.0000000000
35966  -39.219  -37.013  40.861 0.0000000000
35244  -36.775  -38.218  41.696 0.0000000000
35255  -38.083  -37.687  40.732 0.0000000000
35228  -37.103  -37.763  43.497 0.0000000000
35238  -37.269  -37.942  42.702 0.0000000000
35943  -38.625  -37.055  43.695 0.0000000000
48225  -50.924  -21.533  28.126 0.0000000000
48230  -48.328  -21.127  27.096 0.0000000000
48231  -49.327  -21.334  27.209 0.0000000000
48116  -40.929  -21.183  37.545 0.0000000000
46660  -37.429  -23.459  36.659 0.0000000000
47364  -38.394  -22.140  36.410 0.0000000000
33767  -8.862  -39.716  43.099 0.0000000000
33066  -6.769  -41.448  42.528 0.0000000000
28780  -14.140  -46.182  50.151 0.0000000000
29479  -12.276  -46.364  49.760 0.0000000000
41160  -39.643  -30.937  38.293 0.0000000000
41990  -39.442  -30.114  38.298 0.0000000000
98948  -38.886  -28.729  38.015 0.0000000000
42839  -39.614  -28.386  39.114 0.0000000000
38945  -33.072  -32.875  48.603 0.0000000000
99013  -29.999  -35.278  42.601 0.0000000000
52790  -51.985  -15.592  24.127 0.0000000000
53535  -53.196  -14.662  26.057 0.0000000000
35885  -14.300  -37.239  51.119 0.0000000000
48904  -45.667  -20.411  33.709 0.0000000000
30916  -21.313  -43.524  51.627 0.0000000000
31590  -22.038  -43.082  51.630 0.0000000000
30926  -21.832  -43.841  51.152 0.0000000000
105512  -26.373  -36.579  48.849 0.0000000000
40316  -3.750  -31.022  42.182 0.0000000000
41082  -4.202  -30.600  41.568 0.0000000000
36647  -8.273  -35.972  47.536 0.0000000000
91181  -7.317  -36.038  47.106 0.0000000000
36660  -8.134  -35.764  46.599 0.0000000000
35273  -6.799  -39.160  37.743 0.0000000000
93005  -6.754  -38.418  37.588 0.0000000000
35282  -4.596  -38.934  36.515 0.0000000000
33008  -15.000  -41.569  54.853 0.0000000000
30905  -8.470  -43.474  54.097 0.0000000000
31567  -7.998  -42.735  54.103 0.0000000000
32291  -7.740  -42.389  53.753 0.0000000000
33011  -7.205  -41.870  52.752 0.0000000000
33010  -6.312  -42.126  52.193 0.0000000000
32294  -5.537  -42.036  51.923 0.0000000000
37604  -39.944  -34.840  38.798 0.0000000000
101304  -40.329  -34.384  38.838 0.0000000000
39657  -40.665  -33.025  38.498 0.0000000000
39654  -41.076  -32.657  39.018 0.0000000000
35269  -36.198  -37.883  39.132 0.0000000000
35225  -34.924  -37.801  43.110 0.0000000000
35224  -34.037  -37.389  43.022 0.0000000000
35223  -33.200  -37.040  42.688 0.0000000000
35947  -32.467  -36.718  42.388 0.0000000000
50479  -50.270  -18.324  25.471 0.0000000000
48884  -42.623  -20.430  35.738 0.0000000000
95463  -41.209  -20.479  34.347 0.0000000000
35231  -22.661  -37.932  42.671 0.0000000000
40300  -4.998  -31.764  45.137 0.0000000000
35925  -13.028  -37.357  44.389 0.0000000000
35938  -12.744  -37.293  43.382 0.0000000000
99722  -12.990  -37.993  42.867 0.0000000000
35229  -12.140  -38.645  41.987 0.0000000000
33776  -9.582  -40.302  41.356 0.0000000000
105991  -9.484  -40.570  40.845 0.0000000000
33780  -9.564  -40.556  40.064 0.0000000000
33784  -9.317  -40.321  39.169 0.0000000000
33084  -7.449  -41.447  38.171 0.0000000000
32384  -7.230  -42.468  38.072 0.0000000000
29421  -15.355  -45.646  54.433 0.0000000000
30196  -14.577  -45.457  54.935 0.0000000000
92444  -14.498  -45.915  54.737 0.0000000000
29419  -14.105  -46.038  54.911 0.0000000000
95049  -13.619  -46.199  54.692 0.0000000000
29446  -11.651  -46.838  52.903 0.0000000000
91510  -12.044  -46.590  53.785 0.0000000000
29436  -10.318  -46.295  53.817 0.0000000000
29423  -9.928  -45.888  54.225 0.0000000000
30208  -9.394  -45.449  53.999 0.0000000000
45913  -38.750  -24.265  39.816 0.0000000000
41171  -38.335  -31.444  36.591 0.0000000000
44463  -38.045  -26.677  37.775 0.0000000000
38272  -28.448  -33.872  47.947 0.0000000000
38271  -27.812  -34.272  47.385 0.0000000000
37520  -31.980  -35.338  45.881 0.0000000000
36667  -31.197  -35.127  45.732 0.0000000000
36699  -28.984  -34.866  43.745 0.0000000000
37542  -29.150  -35.057  44.306 0.0000000000
37541  -26.541  -34.841  44.565 0.0000000000
88429  -24.735  -35.025  43.131 0.0000000000
53542  -49.049  -14.703  22.609 0.0000000000
37492  -10.779  -35.483  49.729 0.0000000000
104913  -12.157  -36.751  47.335 0.0000000000
34488  -12.422  -39.368  48.481 0.0000000000
34501  -13.006  -39.177  47.904 0.0000000000
88737  -10.918  -39.418  47.029 0.0000000000
34505  -9.247  -39.485  47.027 0.0000000000
47405  -47.808  -21.816  30.074 0.0000000000
48188  -48.276  -21.195  31.680 0.0000000000
91296  -44.791  -22.090  29.551 0.0000000000
93131  -45.438  -22.220  29.476 0.0000000000
46695  -45.563  -22.376  28.979 0.0000000000
30203  -18.165  -44.995  53.408 0.0000000000
89827  -19.453  -45.487  51.752 0.0000000000
29449  -18.838  -45.561  52.027 0.0000000000
28770  -18.812  -46.094  51.212 0.0000000000
28769  -18.068  -46.266  51.407 0.0000000000
28775  -17.589  -46.437  50.997 0.0000000000
28774  -16.750  -46.662  51.142 0.0000000000
28783  -16.996  -46.461  50.408 0.0000000000
33769  -22.624  -39.875  43.693 0.0000000000
33058  -22.804  -40.088  44.680 0.0000000000
100873  -22.815  -40.745  44.923 0.0000000000
89819  -21.753  -43.022  44.498 0.0000000000
92774  -21.991  -43.265  45.949 0.0000000000
30955  -22.258  -42.691  47.072 0.0000000000
31603  -23.287  -43.115  48.048 0.0000000000
30945  -22.629  -43.301  47.946 0.0000000000
90049  -22.170  -43.761  48.423 0.0000000000
30937  -22.190  -43.919  48.995 0.0000000000
30235  -21.431  -44.189  49.287 0.0000000000
30249  -21.610  -44.061  48.809 0.0000000000
30262  -20.864  -44.016  48.561 0.0000000000
30261  -20.178  -44.351  47.987 0.0000000000
30962  -17.620  -43.462  45.541 0.0000000000
37547  -4.302  -35.437  43.980 0.0000000000
37546  -3.956  -35.275  44.244 0.0000000000
37557  -4.562  -35.377  43.268 0.0000000000
36723  -10.540  -36.384  42.111 0.0000000000
36736  -9.810  -36.239  41.407 0.0000000000
37584  -6.680  -35.152  39.114 0.0000000000
37583  -5.842  -34.813  38.869 0.0000000000
38322  -4.625  -34.429  37.358 0.0000000000
30888  -12.249  -44.105  55.454 0.0000000000
104185  -12.240  -43.655  55.509 0.0000000000
31558  -11.990  -43.423  55.582 0.0000000000
32281  -12.022  -42.656  55.614 0.0000000000
32280  -11.597  -42.336  55.624 0.0000000000
98117  -8.649  -41.684  54.524 0.0000000000
33676  -9.670  -41.282  55.416 0.0000000000
33685  -9.178  -41.105  54.846 0.0000000000
33686  -9.769  -40.223  55.442 0.0000000000
93390  -10.937  -39.460  55.158 0.0000000000
103757  -10.978  -38.895  52.384 0.0000000000
34445  -10.030  -39.084  52.489 0.0000000000
88748  -9.627  -39.169  51.937 0.0000000000
33727  -6.221  -40.246  50.457 0.0000000000
34484  -7.137  -39.799  49.097 0.0000000000
34495  -7.190  -39.653  48.265 0.0000000000
30222  -3.748  -45.624  49.913 0.0000000000
30931  -3.845  -44.812  49.850 0.0000000000
98003  -4.004  -44.338  49.238 0.0000000000
97467  -4.094  -43.932  48.543 0.0000000000
35996  -37.286  -37.049  38.033 0.0000000000
107088  -38.470  -36.628  37.888 0.0000000000
88927  -38.125  -36.958  38.224 0.0000000000
107092  -38.482  -36.916  38.509 0.0000000000
36764  -39.519  -36.387  39.408 0.0000000000
101379  -40.056  -35.413  39.450 0.0000000000
35242  -34.152  -37.388  41.529 0.0000000000
89605  -34.623  -37.784  40.616 0.0000000000
35251  -35.152  -37.975  40.146 0.0000000000
35253  -36.645  -38.001  40.729 0.0000000000
35262  -36.426  -38.057  39.840 0.0000000000
88321  -36.737  -37.509  38.569 0.0000000000
35218  -35.893  -37.676  44.136 0.0000000000
35227  -36.329  -37.947  43.495 0.0000000000
35226  -35.663  -38.001  43.346 0.0000000000
35235  -34.960  -38.020  42.404 0.0000000000
49711  -51.083  -19.799  26.670 0.0000000000
49712  -51.686  -19.415  27.136 0.0000000000
48940  -45.783  -20.726  26.107 0.0000000000
104823  -46.401  -20.563  26.111 0.0000000000
48943  -48.699  -20.127  26.175 0.0000000000
48137  -41.557  -20.719  36.522 0.0000000000
48118  -41.981  -21.047  38.030 0.0000000000
48117  -41.603  -21.139  37.920 0.0000000000
46669  -36.428  -23.633  35.653 0.0000000000
47381  -36.609  -22.568  34.448 0.0000000000
39608  -5.227  -33.018  47.212 0.0000000000
34521  -11.830  -39.559  44.175 0.0000000000
34527  -11.733  -39.544  43.349 0.0000000000
34530  -10.204  -39.842  42.550 0.0000000000
33768  -9.467  -39.886  42.550 0.0000000000
88322  -9.105  -40.752  41.440 0.0000000000
33073  -7.972  -42.176  40.684 0.0000000000
33069  -6.822  -41.873  41.838 0.0000000000
32360  -5.114  -43.173  40.760 0.0000000000
28759  -15.120  -47.049  52.448 0.0000000000
28751  -14.758  -46.865  53.074 0.0000000000
28758  -14.372  -47.099  52.440 0.0000000000
28757  -13.642  -47.107  52.447 0.0000000000
28764  -13.055  -47.099  52.099 0.0000000000
29467  -12.980  -47.042  51.190 0.0000000000
29456  -12.410  -47.108  51.786 0.0000000000
29447  -12.387  -47.042  52.425 0.0000000000
29455  -11.668  -47.036  51.887 0.0000000000
44447  -39.479  -26.663  39.680 0.0000000000
39679  -39.291  -32.928  36.983 0.0000000000
39687  -39.002  -32.941  36.665 0.0000000000
106130  -38.722  -31.491  37.113 0.0000000000
41170  -37.836  -30.766  36.583 0.0000000000
42851  -37.893  -28.697  37.202 0.0000000000
43694  -38.567  -27.155  38.134 0.0000000000
38951  -30.683  -33.226  47.599 0.0000000000
35928  -30.843  -35.981  44.096 0.0000000000
35917  -31.270  -35.800  44.663 0.0000000000
36716  -30.098  -35.425  43.703 0.0000000000
36728  -29.548  -34.948  42.812 0.0000000000
36715  -29.664  -35.086  43.490 0.0000000000
95405  -27.609  -34.711  42.711 0.0000000000
37560  -26.938  -34.691  42.397 0.0000000000
52802  -49.674  -15.326  23.049 0.0000000000
53543  -49.901  -14.530  22.565 0.0000000000
53544  -50.862  -14.373  22.424 0.0000000000
53536  -52.100  -14.236  24.375 0.0000000000
36613  -13.380  -36.105  50.515 0.0000000000
36625  -13.486  -36.472  49.500 0.0000000000
34479  -13.261  -38.918  49.486 0.0000000000
88742  -10.883  -38.962  49.557 0.0000000000
48187  -46.732  -20.933  31.457 0.0000000000
48198  -44.401  -21.372  30.668 0.0000000000
31581  -19.870  -43.552  52.309 0.0000000000
94136  -19.714  -45.261  52.264 0.0000000000
30920  -20.809  -44.362  51.626 0.0000000000
30210  -20.263  -45.053  52.070 0.0000000000
30214  -20.097  -45.243  51.919 0.0000000000
29457  -19.317  -45.728  51.174 0.0000000000
29485  -19.067  -45.828  49.988 0.0000000000
31638  -21.838  -41.915  41.388 0.0000000000
31637  -21.484  -42.292  41.670 0.0000000000
31625  -21.917  -42.150  42.229 0.0000000000
31636  -21.124  -42.750  42.611 0.0000000000
105721  -21.252  -42.982  43.586 0.0000000000
30975  -21.000  -43.332  44.465 0.0000000000
93693  -19.845  -43.421  45.576 0.0000000000
31615  -18.699  -42.924  44.554 0.0000000000
36631  -5.009  -37.121  48.631 0.0000000000
36630  -4.414  -36.586  49.146 0.0000000000
36645  -5.438  -36.576  47.725 0.0000000000
36659  -7.324  -35.872  46.409 0.0000000000
105580  -6.375  -35.679  43.382 0.0000000000
35967  -9.620  -37.546  38.751 0.0000000000
35975  -8.715  -37.265  38.206 0.0000000000
35988  -7.921  -36.868  37.674 0.0000000000
35987  -7.077  -37.462  37.426 0.0000000000
36778  -7.121  -36.502  37.465 0.0000000000
36777  -6.162  -36.249  37.256 0.0000000000
37620  -4.645  -35.562  36.513 0.0000000000
33688  -16.571  -40.240  56.202 0.0000000000
34425  -17.086  -39.655  56.566 0.0000000000
33683  -16.537  -40.052  56.959 0.0000000000
33681  -14.783  -40.422  56.406 0.0000000000
30890  -9.943  -43.943  55.044 0.0000000000
31555  -10.556  -43.489  55.379 0.0000000000
31559  -9.065  -42.888  54.995 0.0000000000
32284  -8.921  -42.334  54.979 0.0000000000
100352  -8.366  -42.399  54.469 0.0000000000
32288  -8.481  -42.151  54.562 0.0000000000
33001  -8.555  -41.979  54.652 0.0000000000
101013  -8.409  -41.570  54.120 0.0000000000
33690  -8.371  -40.901  53.719 0.0000000000
106430  -8.347  -40.313  53.611 0.0000000000
34443  -8.187  -39.831  52.743 0.0000000000
33696  -8.015  -40.372  53.313 0.0000000000
33694  -6.481  -41.752  52.106 0.0000000000
33718  -6.197  -41.103  51.881 0.0000000000
100679  -6.165  -40.618  51.390 0.0000000000
33725  -4.673  -40.952  49.767 0.0000000000
38347  -39.127  -34.017  36.500 0.0000000000
36782  -38.805  -36.230  37.600 0.0000000000
36796  -39.172  -35.543  37.361 0.0000000000
37614  -39.815  -34.635  38.257 0.0000000000
37613  -39.554  -35.051  37.655 0.0000000000
37626  -39.475  -34.467  37.323 0.0000000000
40355  -39.809  -31.766  38.257 0.0000000000
37521  -33.926  -35.441  46.432 0.0000000000
96786  -33.081  -35.950  45.591 0.0000000000
35921  -34.432  -36.925  45.309 0.0000000000
35920  -33.937  -36.834  44.900 0.0000000000
35919  -33.185  -36.515  44.806 0.0000000000
35918  -32.181  -36.191  44.667 0.0000000000
99971  -31.533  -36.171  44.243 0.0000000000
35953  -31.085  -35.780  42.398 0.0000000000
50486  -47.563  -17.712  24.477 0.0000000000
48157  -41.756  -20.539  33.229 0.0000000000
35915  -24.191  -37.019  45.546 0.0000000000
35916  -24.447  -37.522  46.017 0.0000000000
35215  -23.718  -38.142  45.105 0.0000000000
34523  -23.303  -38.731  44.724 0.0000000000
35232  -22.678  -38.889  42.796 0.0000000000
34529  -22.753  -39.172  43.727 0.0000000000
33774  -22.525  -40.395  42.747 0.0000000000
33068  -22.484  -41.104  42.059 0.0000000000
31655  -21.434  -41.977  40.898 0.0000000000
88778  -10.009  -35.849  45.708 0.0000000000
36710  -11.906  -36.572  43.147 0.0000000000
36738  -11.272  -36.682  41.555 0.0000000000
36750  -11.316  -36.929  40.847 0.0000000000
35968  -10.435  -37.348  39.529 0.0000000000
34532  -11.648  -39.342  42.441 0.0000000000
34538  -11.102  -39.077  40.576 0.0000000000
35248  -11.560  -38.345  40.686 0.0000000000
105252  -11.074  -38.519  40.191 0.0000000000
35257  -10.683  -38.277  39.615 0.0000000000
35265  -9.580  -38.600  38.667 0.0000000000
34549  -6.742  -39.889  37.738 0.0000000000
30895  -13.865  -44.785  55.311 0.0000000000
30190  -14.510  -45.341  55.091 0.0000000000
30894  -12.924  -44.843  55.314 0.0000000000
30893  -12.178  -44.656  55.429 0.0000000000
28747  -14.176  -46.651  53.903 0.0000000000
29439  -13.485  -46.486  54.247 0.0000000000
29426  -12.702  -46.276  54.381 0.0000000000
29417  -12.088  -45.802  54.729 0.0000000000
30194  -11.557  -45.424  55.032 0.0000000000
30185  -11.122  -44.983  55.253 0.0000000000
30184  -10.364  -44.669  54.885 0.0000000000
30898  -9.582  -44.219  54.608 0.0000000000
94396  -8.970  -43.902  54.080 0.0000000000
30199  -9.203  -44.735  53.987 0.0000000000
106730  -8.174  -43.564  53.728 0.0000000000
30911  -7.582  -43.568  53.211 0.0000000000
47345  -39.483  -22.339  38.746 0.0000000000
45903  -39.222  -23.493  40.039 0.0000000000
39686  -38.508  -32.434  36.152 0.0000000000
40383  -37.851  -31.880  35.591 0.0000000000
103669  -37.473  -24.695  37.633 0.0000000000
46648  -37.707  -23.751  37.289 0.0000000000
37503  -27.388  -35.202  49.044 0.0000000000
37502  -26.681  -35.594  48.521 0.0000000000
36666  -24.972  -36.288  46.708 0.0000000000
38275  -32.645  -34.112  46.763 0.0000000000
38952  -31.684  -33.195  47.649 0.0000000000
38959  -30.337  -33.571  46.976 0.0000000000
36684  -30.988  -35.450  45.013 0.0000000000
37534  -30.659  -35.207  45.266 0.0000000000
37519  -30.495  -34.847  45.790 0.0000000000
38281  -27.005  -34.537  45.927 0.0000000000
37518  -26.313  -34.964  46.483 0.0000000000
104187  -24.550  -36.272  45.419 0.0000000000
35939  -23.543  -36.823  44.066 0.0000000000
36712  -23.332  -36.366  43.104 0.0000000000
55004  -50.773  -12.671  21.822 0.0000000000
95017  -51.005  -10.828  21.834 0.0000000000
36661  -9.843  -35.892  47.174 0.0000000000
93687  -9.000  -36.234  49.600 0.0000000000
88274  -9.567  -36.242  48.789 0.0000000000
36634  -9.755  -36.383  47.958 0.0000000000
102102  -11.942  -36.180  45.481 0.0000000000
102474  -12.316  -36.686  46.668 0.0000000000
36679  -12.518  -36.554  45.848 0.0000000000
35212  -13.207  -38.412  44.320 0.0000000000
34522  -12.630  -39.160  44.394 0.0000000000
35906  -13.433  -37.952  47.487 0.0000000000
107358  -12.725  -39.272  47.315 0.0000000000
35205  -13.340  -38.557  46.301 0.0000000000
35204  -12.991  -39.030  45.818 0.0000000000
34516  -12.483  -39.293  45.281 0.0000000000
34520  -10.405  -39.627  44.573 0.0000000000
34519  -9.643  -39.585  44.686 0.0000000000
34518  -8.902  -39.685  44.828 0.0000000000
33758  -8.195  -39.783  44.561 0.0000000000
47432  -48.645  -22.013  28.746 0.0000000000
47433  -49.363  -21.890  29.148 0.0000000000
48106  -40.940  -21.562  39.304 0.0000000000
96288  -42.967  -22.194  28.577 0.0000000000
47428  -43.179  -22.414  28.116 0.0000000000
46703  -43.762  -22.555  28.004 0.0000000000
46712  -43.803  -22.469  27.500 0.0000000000
46720  -44.159  -22.384  27.439 0.0000000000
46715  -46.539  -22.424  27.824 0.0000000000
46705  -45.960  -22.396  28.334 0.0000000000
47431  -47.801  -22.207  28.353 0.0000000000
100514  -16.199  -44.891  54.254 0.0000000000
29422  -16.290  -45.664  54.030 0.0000000000
95236  -15.869  -46.106  54.054 0.0000000000
28749  -15.856  -46.480  53.609 0.0000000000
30909  -19.018  -45.106  53.175 0.0000000000
30204  -18.756  -45.084  53.179 0.0000000000
29432  -17.871  -45.363  53.269 0.0000000000
29448  -18.208  -45.801  52.268 0.0000000000
88250  -17.981  -45.703  52.825 0.0000000000
106535  -17.548  -45.688  53.183 0.0000000000
29441  -17.116  -46.093  53.119 0.0000000000
28753  -16.218  -46.630  53.108 0.0000000000
101158  -15.795  -46.917  52.449 0.0000000000
28767  -15.471  -47.005  51.868 0.0000000000
28773  -15.477  -46.809  50.951 0.0000000000
90751  -16.135  -46.684  50.467 0.0000000000
103623  -15.481  -46.579  50.304 0.0000000000
35211  -24.402  -38.223  46.392 0.0000000000
35206  -24.315  -39.008  46.886 0.0000000000
34517  -24.106  -39.333  46.172 0.0000000000
90433  -24.966  -39.048  47.835 0.0000000000
33745  -24.807  -40.114  48.460 0.0000000000
105749  -22.458  -41.830  43.494 0.0000000000
32338  -22.874  -41.373  45.371 0.0000000000
32336  -23.254  -41.562  46.428 0.0000000000
88361  -23.728  -41.001  46.723 0.0000000000
99081  -24.097  -41.185  47.383 0.0000000000
33048  -24.418  -40.755  48.078 0.0000000000
33044  -24.586  -40.819  48.825 0.0000000000
32329  -24.441  -41.623  49.111 0.0000000000
31602  -23.964  -42.938  48.861 0.0000000000
99325  -23.508  -42.670  49.872 0.0000000000
30930  -22.357  -43.492  50.545 0.0000000000
30227  -21.810  -43.780  50.333 0.0000000000
105995  -21.416  -44.123  50.301 0.0000000000
101575  -20.926  -44.582  49.506 0.0000000000
29487  -20.525  -44.658  49.943 0.0000000000
29486  -19.773  -45.121  49.972 0.0000000000
29503  -19.656  -45.402  49.487 0.0000000000
90553  -18.944  -45.595  49.623 0.0000000000
30260  -19.210  -44.536  47.697 0.0000000000
30940  -18.011  -44.168  46.922 0.0000000000
30245  -18.633  -44.971  48.182 0.0000000000
29518  -18.059  -45.139  48.742 0.0000000000
29502  -18.387  -45.468  49.271 0.0000000000
29501  -17.607  -45.494  49.279 0.0000000000
88304  -15.974  -45.332  48.889 0.0000000000
30242  -15.951  -44.653  47.786 0.0000000000
29515  -15.597  -44.981  48.281 0.0000000000
93213  -4.791  -33.576  46.725 0.0000000000
37515  -4.329  -35.213  46.706 0.0000000000
38267  -4.259  -34.626  47.104 0.0000000000
94193  -4.231  -34.121  46.735 0.0000000000
38956  -4.418  -33.592  45.902 0.0000000000
38962  -3.633  -33.736  44.652 0.0000000000
38293  -3.704  -34.889  43.906 0.0000000000
38298  -3.712  -34.634  43.319 0.0000000000
38969  -3.521  -33.732  43.172 0.0000000000
95234  -8.699  -36.415  43.776 0.0000000000
36707  -8.814  -36.540  43.063 0.0000000000
36705  -6.670  -35.837  42.670 0.0000000000
36747  -9.086  -36.119  39.949 0.0000000000
89194  -8.296  -36.005  40.534 0.0000000000
36719  -6.909  -35.940  41.938 0.0000000000
37565  -5.589  -35.246  41.900 0.0000000000
37573  -5.125  -34.613  40.432 0.0000000000
38985  -3.364  -32.620  39.702 0.0000000000
103845  -3.433  -33.192  39.027 0.0000000000
38987  -3.558  -32.263  37.103 0.0000000000
38991  -3.600  -33.090  37.157 0.0000000000
34448  -14.047  -38.753  52.836 0.0000000000
32289  -13.957  -42.471  54.654 0.0000000000
33002  -14.166  -41.273  55.494 0.0000000000
32286  -13.032  -42.681  55.345 0.0000000000
98770  -13.710  -41.802  55.213 0.0000000000
32999  -14.389  -40.771  55.702 0.0000000000
33675  -14.137  -40.517  55.671 0.0000000000
33680  -14.114  -40.200  55.920 0.0000000000
100956  -10.479  -42.878  55.558 0.0000000000
32279  -10.936  -42.421  55.633 0.0000000000
32992  -11.255  -41.882  55.682 0.0000000000
32998  -10.387  -41.506  55.665 0.0000000000
33671  -10.956  -41.600  55.688 0.0000000000
33672  -11.582  -41.458  55.657 0.0000000000
33673  -12.415  -41.154  55.558 0.0000000000
33679  -13.057  -40.635  55.635 0.0000000000
100435  -13.623  -40.360  55.800 0.0000000000
89583  -12.866  -39.059  53.927 0.0000000000
34437  -13.483  -38.828  53.294 0.0000000000
34447  -13.195  -38.701  52.485 0.0000000000
34458  -12.208  -38.903  51.439 0.0000000000
34457  -11.345  -38.858  51.482 0.0000000000
103588  -11.207  -38.795  50.274 0.0000000000
88741  -10.112  -39.167  49.028 0.0000000000
34456  -8.873  -39.448  51.746 0.0000000000
102052  -8.687  -39.280  50.368 0.0000000000
88744  -9.250  -39.098  50.068 0.0000000000
107408  -8.572  -39.570  46.848 0.0000000000
34496  -7.552  -39.708  47.486 0.0000000000
34503  -8.025  -39.703  46.784 0.0000000000
34512  -7.755  -39.870  46.051 0.0000000000
30918  -7.069  -44.031  52.595 0.0000000000
30223  -4.475  -45.370  50.252 0.0000000000
30924  -5.654  -43.981  51.469 0.0000000000
30917  -5.785  -43.388  52.064 0.0000000000
100187  -5.191  -42.695  51.806 0.0000000000
32312  -4.978  -42.285  51.671 0.0000000000
33033  -4.640  -41.792  50.913 0.0000000000
99692  -4.399  -41.569  49.931 0.0000000000
33040  -4.356  -41.584  49.191 0.0000000000
98203  -4.372  -43.256  48.177 0.0000000000
33043  -4.770  -41.858  48.420 0.0000000000
33742  -5.359  -41.484  48.009 0.0000000000
33746  -5.468  -41.761  47.196 0.0000000000
33053  -5.149  -42.173  46.024 0.0000000000
33755  -5.441  -41.750  45.905 0.0000000000
90040  -5.639  -41.326  45.267 0.0000000000
33761  -5.588  -41.156  44.504 0.0000000000
33765  -5.577  -41.265  43.754 0.0000000000
32349  -4.036  -43.207  41.737 0.0000000000
29440  -16.444  -46.420  53.245 0.0000000000
29442  -19.166  -45.286  52.652 0.0000000000
29458  -20.566  -44.706  51.292 0.0000000000
29470  -19.603  -45.449  50.736 0.0000000000
30197  -16.109  -45.153  54.201 0.0000000000
30198  -16.804  -45.254  53.796 0.0000000000
30226  -21.054  -44.429  50.236 0.0000000000
30229  -21.265  -44.274  49.751 0.0000000000
30929  -21.828  -43.910  50.845 0.0000000000
30932  -22.403  -43.397  50.039 0.0000000000
31556  -11.077  -43.039  55.529 0.0000000000
31601  -23.322  -43.268  48.677 0.0000000000
32325  -24.146  -42.213  50.099 0.0000000000
32328  -24.194  -42.295  49.212 0.0000000000
32332  -24.289  -41.435  48.350 0.0000000000
33751  -5.380  -41.981  46.523 0.0000000000
33753  -24.035  -39.882  46.599 0.0000000000
35959  -11.069  -37.234  40.338 0.0000000000
36676  -8.487  -35.697  45.253 0.0000000000
38926  -4.635  -34.107  49.030 0.0000000000
90436  -38.614  -37.385  40.449 0.0000000000
99140  -5.876  -36.471  47.176 0.0000000000
101078  -27.108  -34.775  43.756 0.0000000000
101309  -39.340  -34.346  36.962 0.0000000000
101387  -5.642  -42.209  52.003 0.0000000000
103565  -13.740  -46.271  54.956 0.0000000000
104119  -18.974  -45.732  51.568 0.0000000000
105392  -8.145  -36.342  48.082 0.0000000000
105768  -18.822  -45.801  49.984 0.0000000000
105792  -20.508  -44.640  50.306 0.0000000000
106355  -22.837  -41.881  45.810 0.0000000000
107040  -20.078  -43.152  45.041 0.0000000000
