#!ascii label  , from subject OASIS_0001 vox2ras=TkReg
805
35363  -38.170  -38.101  29.629 0.0000000000
31765  -23.003  -43.282  34.105 0.0000000000
35320  -28.987  -38.853  32.697 0.0000000000
51218  -43.830  -17.071  20.818 0.0000000000
100143  -47.751  -12.872  17.611 0.0000000000
31669  -17.674  -42.506  40.173 0.0000000000
49734  -41.531  -19.650  23.038 0.0000000000
37737  -40.350  -34.528  28.571 0.0000000000
34638  -33.504  -39.048  30.589 0.0000000000
31736  -19.579  -43.613  36.722 0.0000000000
28843  -19.039  -47.950  39.890 0.0000000000
93457  -34.137  -35.531  28.753 0.0000000000
39064  -36.023  -34.001  27.698 0.0000000000
34595  -26.066  -39.441  33.464 0.0000000000
37691  -30.925  -35.159  30.930 0.0000000000
45296  -38.596  -25.671  23.031 0.0000000000
94086  -42.142  -23.964  21.272 0.0000000000
92701  -45.060  -21.977  19.649 0.0000000000
28805  -12.035  -46.773  43.486 0.0000000000
29522  -8.642  -46.946  46.692 0.0000000000
40450  -35.681  -30.836  27.750 0.0000000000
42933  -34.303  -28.273  27.470 0.0000000000
44574  -36.223  -26.845  25.299 0.0000000000
28829  -15.471  -47.368  41.357 0.0000000000
30337  -22.885  -45.991  35.844 0.0000000000
31039  -24.638  -44.787  34.827 0.0000000000
35346  -35.698  -38.772  30.030 0.0000000000
33112  -22.689  -41.081  36.726 0.0000000000
31751  -21.279  -43.325  35.242 0.0000000000
29644  -20.761  -46.338  36.468 0.0000000000
37694  -34.192  -34.782  31.247 0.0000000000
37706  -32.224  -35.391  30.033 0.0000000000
46746  -38.279  -23.400  23.190 0.0000000000
46045  -40.483  -24.732  21.862 0.0000000000
47491  -39.903  -22.310  21.979 0.0000000000
107199  -42.917  -20.855  20.726 0.0000000000
49753  -44.455  -19.694  19.736 0.0000000000
48990  -46.466  -20.649  19.044 0.0000000000
50511  -45.549  -18.251  19.346 0.0000000000
51231  -46.906  -17.262  18.748 0.0000000000
40414  -35.034  -32.018  30.719 0.0000000000
89063  -35.438  -31.871  28.140 0.0000000000
89706  -33.840  -30.788  30.595 0.0000000000
93069  -32.591  -27.222  29.143 0.0000000000
45249  -33.373  -25.611  28.062 0.0000000000
92734  -35.462  -27.628  26.446 0.0000000000
46000  -34.516  -25.116  26.668 0.0000000000
46002  -35.689  -24.053  25.853 0.0000000000
90590  -27.260  -38.450  33.617 0.0000000000
30994  -14.326  -44.497  41.565 0.0000000000
106998  -15.816  -45.765  40.191 0.0000000000
27402  -8.385  -49.146  48.744 0.0000000000
28092  -6.589  -48.667  49.177 0.0000000000
48259  -40.613  -20.597  24.057 0.0000000000
39734  -40.586  -32.436  28.582 0.0000000000
35331  -31.201  -38.772  30.854 0.0000000000
31706  -18.335  -43.248  38.593 0.0000000000
30315  -17.329  -45.339  38.664 0.0000000000
103735  -18.794  -46.136  37.707 0.0000000000
55718  -49.187  -11.793  16.268 0.0000000000
36095  -35.366  -37.193  28.562 0.0000000000
37748  -36.949  -35.576  27.877 0.0000000000
37733  -35.241  -35.329  27.891 0.0000000000
33830  -23.284  -40.228  34.837 0.0000000000
33161  -24.572  -41.510  33.255 0.0000000000
35301  -24.091  -38.132  34.079 0.0000000000
36841  -25.323  -36.275  33.583 0.0000000000
36858  -27.367  -36.077  32.261 0.0000000000
38384  -29.163  -34.449  32.272 0.0000000000
36873  -29.090  -36.611  31.077 0.0000000000
36077  -31.427  -36.846  29.752 0.0000000000
36080  -33.851  -37.471  29.110 0.0000000000
43835  -39.397  -28.065  24.405 0.0000000000
92185  -41.520  -21.871  21.350 0.0000000000
106506  -43.795  -23.188  20.569 0.0000000000
52828  -47.897  -16.038  17.832 0.0000000000
28801  -9.942  -46.897  45.070 0.0000000000
28102  -10.180  -49.011  46.998 0.0000000000
38425  -38.320  -34.205  27.602 0.0000000000
39750  -38.306  -32.162  27.158 0.0000000000
40438  -38.569  -30.844  27.833 0.0000000000
42902  -32.449  -29.006  30.094 0.0000000000
42071  -34.867  -29.434  27.989 0.0000000000
42057  -36.854  -28.579  28.867 0.0000000000
43777  -37.230  -27.715  28.632 0.0000000000
43795  -37.510  -27.687  27.243 0.0000000000
43824  -38.215  -28.142  25.167 0.0000000000
44586  -37.560  -26.700  24.273 0.0000000000
46736  -37.364  -23.585  24.256 0.0000000000
32454  -26.510  -42.390  34.132 0.0000000000
30957  -12.786  -44.975  43.867 0.0000000000
28819  -13.585  -47.196  42.366 0.0000000000
93561  -17.336  -47.451  40.298 0.0000000000
27394  -4.426  -49.431  49.375 0.0000000000
31037  -22.800  -44.773  34.709 0.0000000000
30357  -24.262  -45.398  35.342 0.0000000000
31054  -24.114  -44.195  34.244 0.0000000000
35347  -36.706  -38.743  29.906 0.0000000000
32431  -22.193  -42.269  35.406 0.0000000000
32415  -22.062  -42.058  36.504 0.0000000000
31051  -21.790  -43.754  34.721 0.0000000000
31036  -21.905  -44.641  34.917 0.0000000000
106404  -38.887  -22.048  23.776 0.0000000000
46756  -38.873  -23.176  22.595 0.0000000000
47483  -39.352  -21.589  23.609 0.0000000000
51213  -43.299  -17.445  21.537 0.0000000000
50497  -43.016  -18.257  21.257 0.0000000000
95997  -43.474  -17.818  20.827 0.0000000000
50510  -44.939  -19.019  19.558 0.0000000000
92730  -44.356  -17.138  20.211 0.0000000000
52026  -44.826  -16.741  19.862 0.0000000000
40406  -34.534  -31.361  30.885 0.0000000000
45245  -33.134  -25.412  29.113 0.0000000000
45255  -33.918  -25.636  27.189 0.0000000000
45990  -34.115  -24.257  28.196 0.0000000000
103690  -35.438  -23.250  27.201 0.0000000000
35319  -28.317  -38.654  33.313 0.0000000000
35311  -27.914  -39.245  33.889 0.0000000000
34597  -28.629  -39.566  33.631 0.0000000000
31001  -15.296  -44.158  40.614 0.0000000000
31002  -15.900  -44.306  40.103 0.0000000000
53576  -48.488  -14.092  16.897 0.0000000000
27401  -7.630  -48.914  49.243 0.0000000000
37726  -41.487  -35.571  29.391 0.0000000000
39053  -40.423  -33.657  28.446 0.0000000000
35332  -32.055  -38.767  30.650 0.0000000000
34625  -33.499  -39.624  31.201 0.0000000000
32400  -21.270  -42.108  37.845 0.0000000000
31709  -20.604  -42.478  37.997 0.0000000000
31690  -19.984  -42.856  39.180 0.0000000000
31722  -19.195  -43.338  37.445 0.0000000000
30323  -18.401  -45.350  37.724 0.0000000000
31023  -19.163  -44.386  36.847 0.0000000000
29623  -21.974  -47.090  36.909 0.0000000000
104590  -20.732  -47.266  37.490 0.0000000000
36898  -34.546  -36.379  28.439 0.0000000000
36911  -35.150  -35.952  27.976 0.0000000000
37732  -34.663  -35.774  28.330 0.0000000000
98251  -23.436  -38.521  35.464 0.0000000000
35300  -23.632  -38.770  34.558 0.0000000000
36017  -23.892  -36.986  35.215 0.0000000000
37644  -25.022  -34.897  34.490 0.0000000000
38371  -26.370  -34.461  33.664 0.0000000000
36857  -26.674  -35.869  32.730 0.0000000000
38381  -26.860  -34.785  32.988 0.0000000000
37676  -31.673  -34.761  32.602 0.0000000000
38385  -29.999  -34.461  32.022 0.0000000000
38392  -29.305  -34.991  31.634 0.0000000000
104024  -30.225  -35.701  30.933 0.0000000000
36068  -30.321  -37.357  30.412 0.0000000000
37704  -30.777  -35.996  30.483 0.0000000000
37731  -32.986  -36.073  28.982 0.0000000000
36891  -32.448  -36.411  29.264 0.0000000000
36093  -33.750  -36.764  28.784 0.0000000000
36094  -34.547  -37.025  28.566 0.0000000000
44588  -39.100  -27.396  23.727 0.0000000000
43836  -40.878  -27.629  24.041 0.0000000000
43844  -39.738  -26.678  23.126 0.0000000000
46057  -41.269  -24.359  21.535 0.0000000000
46046  -41.314  -25.180  21.880 0.0000000000
48961  -41.150  -20.179  23.525 0.0000000000
48266  -40.836  -20.897  22.193 0.0000000000
48975  -41.491  -20.489  21.720 0.0000000000
106694  -44.008  -21.079  20.209 0.0000000000
48279  -43.459  -21.486  20.497 0.0000000000
47506  -44.613  -22.727  19.996 0.0000000000
46774  -44.648  -23.527  20.269 0.0000000000
52034  -47.460  -16.617  18.257 0.0000000000
52827  -46.557  -15.469  18.587 0.0000000000
94236  -46.914  -14.928  18.362 0.0000000000
30274  -11.225  -45.711  44.100 0.0000000000
30273  -10.700  -45.858  44.519 0.0000000000
104805  -10.881  -47.069  44.170 0.0000000000
27421  -11.554  -49.565  46.725 0.0000000000
26602  -10.715  -50.146  48.887 0.0000000000
38424  -36.671  -34.883  27.647 0.0000000000
103415  -37.576  -34.981  27.739 0.0000000000
91808  -37.238  -34.162  27.455 0.0000000000
40451  -35.926  -31.631  27.612 0.0000000000
39749  -37.368  -32.431  27.037 0.0000000000
40452  -36.769  -31.629  27.207 0.0000000000
40453  -38.780  -31.588  27.501 0.0000000000
41247  -37.046  -30.904  27.434 0.0000000000
95357  -32.557  -28.136  30.539 0.0000000000
42932  -33.561  -28.088  27.700 0.0000000000
95591  -33.079  -28.728  28.520 0.0000000000
42924  -34.700  -28.782  27.861 0.0000000000
42072  -36.285  -28.973  28.432 0.0000000000
42925  -35.657  -28.622  27.992 0.0000000000
103756  -37.231  -28.114  29.081 0.0000000000
42935  -35.968  -27.922  27.965 0.0000000000
43822  -35.905  -27.272  25.971 0.0000000000
43807  -36.284  -27.712  26.463 0.0000000000
89612  -36.655  -27.539  25.710 0.0000000000
43809  -37.914  -27.998  26.056 0.0000000000
43823  -37.445  -27.796  25.473 0.0000000000
43834  -37.813  -27.624  24.678 0.0000000000
44585  -36.737  -26.244  24.662 0.0000000000
46719  -36.030  -22.999  26.348 0.0000000000
46735  -36.693  -23.955  24.714 0.0000000000
46726  -37.100  -22.871  25.059 0.0000000000
33844  -25.137  -40.755  33.121 0.0000000000
32469  -25.748  -42.340  33.607 0.0000000000
91219  -26.046  -40.840  33.460 0.0000000000
29558  -14.472  -46.263  41.304 0.0000000000
29557  -13.884  -46.097  41.643 0.0000000000
28820  -14.755  -47.535  41.789 0.0000000000
29589  -18.071  -46.714  38.804 0.0000000000
28841  -16.936  -46.764  39.844 0.0000000000
28842  -18.166  -47.744  40.109 0.0000000000
29624  -22.873  -47.082  36.936 0.0000000000
29648  -24.252  -46.486  36.521 0.0000000000
30339  -24.831  -45.837  36.121 0.0000000000
30340  -26.197  -45.232  36.383 0.0000000000
34639  -34.393  -39.188  30.514 0.0000000000
98870  -34.051  -39.550  30.990 0.0000000000
33098  -22.515  -41.138  37.728 0.0000000000
94790  -21.496  -42.269  36.784 0.0000000000
31737  -20.245  -43.449  36.270 0.0000000000
31028  -19.789  -44.499  36.280 0.0000000000
30353  -20.920  -45.284  35.656 0.0000000000
30336  -22.004  -45.980  35.856 0.0000000000
91900  -33.969  -35.125  29.492 0.0000000000
37723  -34.558  -34.949  29.111 0.0000000000
37677  -32.396  -34.940  31.880 0.0000000000
37692  -31.818  -35.061  30.762 0.0000000000
37707  -33.132  -35.152  29.851 0.0000000000
46031  -38.363  -24.437  23.055 0.0000000000
45308  -39.819  -25.333  22.288 0.0000000000
46044  -39.291  -23.977  22.285 0.0000000000
97330  -40.006  -23.955  21.822 0.0000000000
46758  -40.419  -23.163  21.662 0.0000000000
49746  -42.112  -19.620  21.495 0.0000000000
49747  -42.804  -19.084  20.944 0.0000000000
49752  -43.550  -19.591  20.269 0.0000000000
48982  -44.154  -20.428  20.004 0.0000000000
48287  -46.063  -21.187  19.204 0.0000000000
49759  -45.236  -19.793  19.387 0.0000000000
105477  -45.605  -19.191  19.294 0.0000000000
50518  -46.590  -18.194  18.945 0.0000000000
51225  -46.108  -17.499  19.104 0.0000000000
52027  -45.402  -16.260  19.502 0.0000000000
28116  -13.104  -48.464  44.139 0.0000000000
28115  -12.171  -47.939  44.409 0.0000000000
28111  -12.782  -48.948  44.888 0.0000000000
39046  -35.603  -33.011  28.706 0.0000000000
39051  -35.988  -33.161  27.791 0.0000000000
39720  -35.381  -32.378  29.044 0.0000000000
40424  -35.116  -31.661  28.823 0.0000000000
40436  -34.626  -30.952  28.558 0.0000000000
102448  -32.509  -27.427  30.072 0.0000000000
88278  -33.039  -25.703  30.085 0.0000000000
44549  -32.936  -26.425  28.465 0.0000000000
43792  -33.910  -27.509  27.158 0.0000000000
43793  -34.822  -27.964  26.833 0.0000000000
44556  -34.118  -26.562  26.782 0.0000000000
45265  -34.382  -25.904  26.509 0.0000000000
45266  -34.950  -25.630  26.032 0.0000000000
45274  -35.917  -25.728  25.184 0.0000000000
46001  -35.093  -24.637  26.230 0.0000000000
106089  -26.872  -39.094  33.716 0.0000000000
33845  -26.641  -40.237  33.738 0.0000000000
35310  -27.422  -39.355  33.875 0.0000000000
30302  -14.793  -44.775  40.958 0.0000000000
29574  -15.525  -46.070  40.504 0.0000000000
28100  -8.209  -48.412  47.220 0.0000000000
29521  -7.980  -47.042  47.130 0.0000000000
28099  -7.502  -48.093  47.431 0.0000000000
95909  -7.099  -48.344  48.214 0.0000000000
28786  -5.509  -47.639  49.005 0.0000000000
39722  -40.898  -31.759  28.896 0.0000000000
35321  -29.646  -39.062  32.128 0.0000000000
34606  -29.423  -39.637  32.801 0.0000000000
31689  -19.199  -42.586  39.421 0.0000000000
31688  -18.143  -42.733  39.443 0.0000000000
31010  -17.074  -44.309  38.921 0.0000000000
31014  -17.620  -44.320  38.416 0.0000000000
29603  -18.292  -46.173  38.181 0.0000000000
28871  -19.025  -46.999  38.320 0.0000000000
29643  -20.058  -46.075  36.703 0.0000000000
29604  -19.997  -47.197  37.782 0.0000000000
28185  -19.952  -48.157  39.594 0.0000000000
55018  -48.211  -12.611  17.066 0.0000000000
36083  -37.061  -37.473  28.926 0.0000000000
36097  -37.638  -36.882  28.660 0.0000000000
36096  -36.760  -36.845  28.402 0.0000000000
37747  -36.140  -35.522  27.762 0.0000000000
38412  -35.363  -34.567  27.919 0.0000000000
37709  -35.109  -34.438  30.152 0.0000000000
38405  -35.430  -33.659  29.589 0.0000000000
39050  -35.540  -33.739  28.285 0.0000000000
39721  -35.484  -32.903  29.932 0.0000000000
105479  -23.250  -41.661  34.245 0.0000000000
31773  -23.702  -42.699  33.771 0.0000000000
33842  -23.678  -40.452  34.075 0.0000000000
34593  -24.178  -39.724  33.657 0.0000000000
35308  -24.603  -38.402  33.542 0.0000000000
36819  -24.299  -36.358  34.688 0.0000000000
36840  -24.693  -36.687  33.927 0.0000000000
36046  -25.365  -37.819  33.356 0.0000000000
36047  -26.405  -37.612  33.327 0.0000000000
36054  -27.515  -36.981  32.573 0.0000000000
36055  -28.133  -37.279  32.053 0.0000000000
38373  -28.152  -34.104  33.288 0.0000000000
37674  -27.872  -35.323  32.063 0.0000000000
99503  -28.736  -36.116  31.311 0.0000000000
36061  -28.752  -37.415  31.493 0.0000000000
35339  -29.938  -38.035  30.896 0.0000000000
35341  -31.542  -38.175  30.224 0.0000000000
35342  -32.301  -38.251  30.072 0.0000000000
36890  -31.825  -36.543  29.590 0.0000000000
36078  -31.975  -37.095  29.466 0.0000000000
35343  -33.109  -38.345  29.891 0.0000000000
35359  -34.391  -38.124  29.536 0.0000000000
36082  -35.689  -37.781  29.120 0.0000000000
100274  -22.960  -40.447  36.363 0.0000000000
44598  -40.575  -26.323  22.740 0.0000000000
48264  -39.768  -21.571  22.644 0.0000000000
47498  -40.666  -22.410  21.615 0.0000000000
47499  -41.350  -22.542  21.373 0.0000000000
48272  -41.881  -21.333  21.309 0.0000000000
47500  -42.171  -22.239  21.135 0.0000000000
46767  -42.765  -23.119  21.036 0.0000000000
46768  -44.363  -24.220  20.698 0.0000000000
52836  -48.252  -15.444  17.385 0.0000000000
53575  -47.854  -14.367  17.422 0.0000000000
54307  -47.523  -13.487  17.847 0.0000000000
30250  -9.719  -46.050  45.710 0.0000000000
28796  -9.297  -47.298  46.056 0.0000000000
28109  -10.986  -48.279  45.523 0.0000000000
28108  -10.134  -48.136  45.833 0.0000000000
28101  -9.377  -48.669  46.785 0.0000000000
27409  -9.545  -49.254  47.567 0.0000000000
92640  -38.178  -36.221  28.379 0.0000000000
37735  -38.579  -35.320  28.110 0.0000000000
38413  -39.350  -34.548  28.073 0.0000000000
89559  -36.744  -33.390  27.377 0.0000000000
39066  -38.533  -33.299  27.412 0.0000000000
39052  -39.780  -33.319  28.070 0.0000000000
39733  -39.775  -32.520  28.076 0.0000000000
40439  -39.343  -31.192  28.064 0.0000000000
41237  -39.139  -30.469  28.478 0.0000000000
41207  -33.311  -30.474  29.971 0.0000000000
41218  -33.462  -30.105  29.249 0.0000000000
42901  -32.496  -28.170  29.615 0.0000000000
103913  -33.417  -29.352  28.784 0.0000000000
41234  -34.990  -30.453  27.942 0.0000000000
41235  -36.553  -30.176  27.854 0.0000000000
106717  -38.439  -30.209  28.380 0.0000000000
43794  -35.868  -28.016  27.120 0.0000000000
94120  -37.772  -27.445  28.423 0.0000000000
103163  -38.919  -28.363  24.886 0.0000000000
44587  -38.320  -27.123  23.926 0.0000000000
45284  -38.068  -26.188  23.554 0.0000000000
46018  -36.582  -25.123  24.553 0.0000000000
46019  -37.219  -24.587  24.029 0.0000000000
45295  -37.972  -25.115  23.436 0.0000000000
46737  -37.882  -23.288  23.873 0.0000000000
47461  -38.569  -22.028  24.927 0.0000000000
93820  -24.601  -43.586  33.972 0.0000000000
103684  -26.125  -43.901  34.970 0.0000000000
33144  -27.065  -41.523  34.609 0.0000000000
29538  -12.214  -46.175  43.285 0.0000000000
30983  -13.689  -44.882  42.137 0.0000000000
29546  -12.778  -46.150  42.746 0.0000000000
28806  -12.606  -46.794  43.103 0.0000000000
28124  -13.504  -48.133  43.412 0.0000000000
29587  -16.621  -46.101  39.585 0.0000000000
29575  -16.187  -46.333  40.132 0.0000000000
28830  -16.318  -47.527  41.147 0.0000000000
27388  -6.543  -49.298  51.353 0.0000000000
28086  -5.151  -49.574  49.837 0.0000000000
28090  -4.711  -48.548  49.450 0.0000000000
36085  -38.633  -37.613  29.352 0.0000000000
31052  -22.470  -44.049  34.390 0.0000000000
31053  -23.230  -44.115  34.204 0.0000000000
35362  -37.336  -38.111  29.445 0.0000000000
32451  -22.514  -42.661  34.541 0.0000000000
31752  -21.827  -42.937  34.932 0.0000000000
31764  -22.307  -43.376  34.496 0.0000000000
47474  -39.073  -21.768  24.378 0.0000000000
50504  -44.100  -17.898  20.272 0.0000000000
35328  -28.539  -38.094  32.330 0.0000000000
31650  -17.222  -42.593  41.033 0.0000000000
89816  -16.579  -43.276  40.214 0.0000000000
54308  -47.984  -13.421  17.201 0.0000000000
88362  -41.253  -34.717  29.149 0.0000000000
38406  -41.122  -33.894  28.883 0.0000000000
34637  -32.736  -38.765  30.427 0.0000000000
34624  -32.726  -39.332  31.122 0.0000000000
31723  -19.939  -42.871  37.172 0.0000000000
31708  -19.896  -42.800  38.181 0.0000000000
36016  -23.539  -37.655  35.817 0.0000000000
101997  -26.330  -34.032  34.471 0.0000000000
38370  -25.681  -34.473  34.323 0.0000000000
37662  -26.424  -35.299  33.104 0.0000000000
38372  -27.274  -34.206  33.448 0.0000000000
37675  -30.779  -34.634  31.750 0.0000000000
37663  -30.800  -34.576  32.869 0.0000000000
37690  -30.093  -35.094  31.394 0.0000000000
37722  -33.385  -35.638  29.081 0.0000000000
36897  -33.773  -36.137  28.723 0.0000000000
44597  -38.813  -26.549  23.256 0.0000000000
45297  -39.290  -25.906  22.724 0.0000000000
93503  -41.920  -24.783  21.555 0.0000000000
48968  -41.123  -20.218  22.542 0.0000000000
49738  -41.580  -19.754  22.170 0.0000000000
101396  -44.614  -21.163  19.817 0.0000000000
48280  -44.281  -21.779  20.127 0.0000000000
97883  -46.301  -14.839  18.812 0.0000000000
29537  -11.545  -46.305  43.684 0.0000000000
29534  -10.868  -46.483  44.117 0.0000000000
28803  -11.451  -47.101  43.860 0.0000000000
89244  -36.507  -34.265  27.601 0.0000000000
40437  -35.258  -31.220  27.952 0.0000000000
41246  -36.351  -30.991  27.539 0.0000000000
42923  -33.761  -28.684  28.100 0.0000000000
42934  -35.236  -28.350  27.449 0.0000000000
44573  -35.439  -26.417  25.733 0.0000000000
44575  -37.035  -27.217  24.980 0.0000000000
34594  -24.969  -39.799  33.203 0.0000000000
101462  -25.701  -40.178  33.338 0.0000000000
104045  -14.799  -46.944  41.393 0.0000000000
28138  -14.738  -48.231  42.380 0.0000000000
91846  -15.320  -47.990  41.881 0.0000000000
28854  -18.526  -47.435  39.266 0.0000000000
92146  -9.060  -46.474  46.832 0.0000000000
37724  -39.929  -36.065  29.132 0.0000000000
29647  -23.342  -46.588  36.372 0.0000000000
29625  -23.769  -46.975  37.051 0.0000000000
30358  -25.144  -45.213  35.473 0.0000000000
101465  -25.560  -45.451  36.082 0.0000000000
31030  -25.867  -44.938  35.737 0.0000000000
35345  -34.833  -38.674  30.065 0.0000000000
34640  -35.255  -39.319  30.515 0.0000000000
33799  -22.733  -40.418  37.234 0.0000000000
33097  -22.286  -41.605  37.160 0.0000000000
32414  -21.577  -42.585  35.762 0.0000000000
31738  -20.977  -42.953  36.044 0.0000000000
31750  -20.795  -43.801  35.522 0.0000000000
31029  -20.452  -44.566  35.775 0.0000000000
31035  -21.138  -44.695  35.330 0.0000000000
30355  -22.385  -45.428  35.248 0.0000000000
29646  -22.438  -46.614  36.315 0.0000000000
92361  -33.896  -34.894  30.266 0.0000000000
37708  -34.527  -34.796  30.205 0.0000000000
36874  -33.690  -34.912  32.052 0.0000000000
37693  -33.448  -34.859  30.989 0.0000000000
46043  -38.704  -23.982  22.667 0.0000000000
47490  -39.248  -22.315  22.605 0.0000000000
46757  -39.583  -23.139  22.124 0.0000000000
50496  -42.452  -18.693  21.698 0.0000000000
50503  -43.447  -18.551  20.533 0.0000000000
48983  -44.880  -20.476  19.549 0.0000000000
103659  -44.703  -18.322  19.769 0.0000000000
51224  -45.436  -17.166  19.411 0.0000000000
39712  -35.298  -32.475  30.366 0.0000000000
104308  -35.128  -32.044  29.708 0.0000000000
40423  -34.621  -31.491  29.690 0.0000000000
41208  -34.022  -30.968  30.058 0.0000000000
44555  -33.444  -26.550  27.513 0.0000000000
45992  -34.272  -24.665  27.388 0.0000000000
34585  -28.138  -40.143  34.316 0.0000000000
102924  -15.438  -45.150  40.392 0.0000000000
30303  -14.929  -45.676  40.918 0.0000000000
27408  -8.693  -48.978  47.829 0.0000000000
28096  -7.902  -48.651  47.929 0.0000000000
28094  -6.009  -48.185  48.747 0.0000000000
90518  -41.677  -33.211  29.210 0.0000000000
39723  -41.357  -32.401  29.025 0.0000000000
35330  -30.229  -38.817  31.333 0.0000000000
34607  -30.326  -39.630  32.165 0.0000000000
34622  -30.930  -39.347  31.512 0.0000000000
31707  -19.203  -42.954  38.441 0.0000000000
31705  -17.610  -43.478  38.885 0.0000000000
30334  -20.344  -45.504  36.124 0.0000000000
28857  -21.456  -48.054  38.470 0.0000000000
28872  -20.707  -47.694  38.140 0.0000000000
89712  -19.912  -47.737  38.608 0.0000000000
100244  -36.214  -37.365  28.703 0.0000000000
36900  -35.923  -36.701  28.264 0.0000000000
104416  -35.580  -35.558  27.808 0.0000000000
38423  -35.868  -34.882  27.703 0.0000000000
39041  -35.627  -33.292  30.659 0.0000000000
33143  -23.292  -41.097  34.528 0.0000000000
34583  -23.612  -39.581  34.312 0.0000000000
35307  -24.040  -38.938  33.852 0.0000000000
97795  -24.588  -39.135  33.459 0.0000000000
36820  -24.824  -35.784  34.222 0.0000000000
98284  -25.109  -37.029  33.435 0.0000000000
96703  -25.819  -36.905  33.282 0.0000000000
36843  -26.704  -36.671  32.924 0.0000000000
36859  -27.901  -36.576  31.954 0.0000000000
38375  -30.016  -34.278  33.063 0.0000000000
38357  -30.058  -33.868  34.163 0.0000000000
90528  -29.069  -33.593  34.201 0.0000000000
38374  -29.103  -34.166  33.197 0.0000000000
38383  -28.306  -34.555  32.438 0.0000000000
37689  -29.413  -35.795  31.154 0.0000000000
37688  -28.675  -35.546  31.551 0.0000000000
36872  -28.435  -36.662  31.531 0.0000000000
36062  -29.470  -37.382  30.928 0.0000000000
36882  -30.819  -36.737  30.139 0.0000000000
36069  -31.217  -37.403  29.952 0.0000000000
35356  -31.889  -37.696  29.810 0.0000000000
37705  -31.522  -35.700  30.342 0.0000000000
37720  -31.966  -35.974  29.678 0.0000000000
36079  -32.920  -37.088  29.118 0.0000000000
35357  -32.533  -37.690  29.589 0.0000000000
35358  -33.185  -37.731  29.431 0.0000000000
100561  -33.672  -38.063  29.574 0.0000000000
36081  -34.834  -37.610  29.066 0.0000000000
35361  -36.501  -37.974  29.277 0.0000000000
34559  -23.215  -39.186  36.056 0.0000000000
97885  -22.983  -39.780  36.663 0.0000000000
33810  -23.160  -39.998  35.742 0.0000000000
33124  -23.006  -40.925  35.579 0.0000000000
42955  -39.644  -28.516  25.087 0.0000000000
43845  -40.637  -26.972  23.362 0.0000000000
101079  -39.985  -25.988  22.586 0.0000000000
91208  -40.612  -25.627  22.230 0.0000000000
48258  -40.022  -20.980  23.396 0.0000000000
92765  -41.196  -21.362  21.630 0.0000000000
48271  -40.450  -21.619  21.952 0.0000000000
94919  -41.016  -21.945  21.515 0.0000000000
48976  -42.267  -20.643  21.164 0.0000000000
47501  -43.134  -22.306  20.796 0.0000000000
88207  -43.288  -24.015  21.013 0.0000000000
46775  -45.332  -24.073  20.306 0.0000000000
52035  -48.311  -16.902  17.919 0.0000000000
53567  -46.766  -14.227  18.649 0.0000000000
52835  -47.543  -15.127  17.885 0.0000000000
53568  -47.281  -14.264  18.108 0.0000000000
29533  -10.318  -46.372  44.737 0.0000000000
30264  -10.308  -45.744  45.120 0.0000000000
29530  -9.879  -46.338  45.200 0.0000000000
29529  -9.491  -46.758  45.651 0.0000000000
28797  -9.711  -47.424  45.621 0.0000000000
28110  -11.892  -48.541  45.198 0.0000000000
28114  -11.118  -47.620  44.654 0.0000000000
28106  -11.784  -48.954  46.067 0.0000000000
27420  -10.877  -49.430  47.006 0.0000000000
28105  -10.798  -48.863  46.354 0.0000000000
90371  -9.914  -48.582  46.384 0.0000000000
27398  -9.984  -49.810  49.062 0.0000000000
36901  -37.283  -36.245  28.197 0.0000000000
39732  -35.693  -32.427  27.909 0.0000000000
39748  -36.398  -32.440  27.405 0.0000000000
104196  -38.106  -32.781  27.122 0.0000000000
38426  -39.185  -33.727  27.768 0.0000000000
39067  -39.197  -32.978  27.639 0.0000000000
39751  -39.053  -32.283  27.514 0.0000000000
42888  -32.752  -28.971  31.088 0.0000000000
42041  -32.825  -29.765  30.465 0.0000000000
42056  -32.875  -29.676  29.592 0.0000000000
105783  -34.195  -29.211  28.281 0.0000000000
41233  -34.176  -30.041  28.576 0.0000000000
89497  -35.662  -29.909  27.857 0.0000000000
42073  -37.010  -29.341  28.593 0.0000000000
42074  -37.914  -29.537  28.807 0.0000000000
43806  -34.656  -27.206  26.516 0.0000000000
88343  -36.637  -27.811  27.026 0.0000000000
106920  -38.440  -27.975  26.723 0.0000000000
43825  -38.916  -28.280  25.795 0.0000000000
88380  -38.598  -27.916  24.413 0.0000000000
45283  -37.338  -25.669  24.029 0.0000000000
46009  -35.446  -25.057  25.625 0.0000000000
46010  -36.029  -24.541  25.161 0.0000000000
46030  -37.786  -24.083  23.570 0.0000000000
47472  -37.796  -22.702  24.514 0.0000000000
32467  -24.159  -42.185  33.466 0.0000000000
31774  -24.319  -42.838  33.664 0.0000000000
32453  -25.986  -43.010  33.922 0.0000000000
31768  -26.478  -43.181  34.649 0.0000000000
31753  -26.710  -43.613  35.431 0.0000000000
33831  -27.465  -40.505  34.431 0.0000000000
94823  -26.915  -40.889  34.198 0.0000000000
33811  -27.518  -41.058  34.909 0.0000000000
34598  -29.297  -40.320  33.438 0.0000000000
30279  -11.975  -45.638  43.659 0.0000000000
30280  -12.592  -45.521  43.070 0.0000000000
30984  -14.199  -44.192  42.346 0.0000000000
91593  -13.721  -44.430  42.799 0.0000000000
29547  -13.386  -46.328  42.177 0.0000000000
28818  -13.086  -46.777  42.676 0.0000000000
93354  -13.192  -47.395  42.978 0.0000000000
28807  -13.903  -47.926  42.702 0.0000000000
30309  -16.752  -45.360  39.206 0.0000000000
28840  -16.587  -47.127  40.492 0.0000000000
94253  -16.988  -47.652  40.923 0.0000000000
55717  -48.635  -12.035  16.776 0.0000000000
27386  -5.176  -49.976  50.101 0.0000000000
27387  -5.819  -49.846  50.807 0.0000000000
30356  -23.305  -45.445  35.240 0.0000000000
30338  -23.816  -45.962  35.915 0.0000000000
31038  -23.706  -44.811  34.723 0.0000000000
100634  -35.971  -38.338  29.544 0.0000000000
33111  -22.525  -41.645  36.068 0.0000000000
100577  -21.286  -44.034  35.047 0.0000000000
36875  -34.319  -34.848  32.356 0.0000000000
47473  -38.389  -22.497  23.958 0.0000000000
47482  -38.704  -22.439  23.197 0.0000000000
90134  -44.202  -18.852  20.024 0.0000000000
51223  -44.800  -17.578  19.778 0.0000000000
52020  -44.377  -16.423  20.506 0.0000000000
90932  -34.726  -31.251  31.805 0.0000000000
41201  -34.106  -30.797  31.370 0.0000000000
45986  -33.576  -24.784  28.573 0.0000000000
45250  -33.798  -24.985  27.847 0.0000000000
45993  -34.813  -24.178  26.899 0.0000000000
46710  -34.730  -23.785  27.742 0.0000000000
106850  -27.843  -38.569  33.586 0.0000000000
31668  -15.836  -43.610  40.530 0.0000000000
106410  -48.519  -14.878  16.976 0.0000000000
27397  -9.208  -49.511  49.393 0.0000000000
27396  -8.265  -49.061  49.982 0.0000000000
27395  -7.016  -48.843  50.176 0.0000000000
39054  -40.937  -33.118  28.763 0.0000000000
34623  -31.768  -39.351  31.312 0.0000000000
34609  -33.140  -40.018  31.773 0.0000000000
32372  -21.169  -42.227  38.898 0.0000000000
31691  -20.637  -42.649  39.048 0.0000000000
31721  -18.647  -43.543  37.932 0.0000000000
31015  -18.133  -44.332  37.954 0.0000000000
31022  -18.634  -44.320  37.413 0.0000000000
30324  -18.976  -45.389  37.246 0.0000000000
29645  -21.566  -46.537  36.345 0.0000000000
94929  -21.128  -46.981  36.928 0.0000000000
28890  -21.494  -47.544  37.625 0.0000000000
36899  -35.175  -36.531  28.240 0.0000000000
38411  -34.841  -35.091  28.288 0.0000000000
34568  -23.328  -39.388  35.112 0.0000000000
36037  -23.735  -37.877  34.865 0.0000000000
107200  -25.376  -34.491  34.766 0.0000000000
37661  -25.572  -35.263  33.707 0.0000000000
36842  -26.043  -36.052  33.168 0.0000000000
37673  -27.072  -35.351  32.579 0.0000000000
36881  -29.968  -36.502  30.655 0.0000000000
37721  -32.633  -35.741  29.406 0.0000000000
36092  -33.130  -36.472  28.968 0.0000000000
89092  -40.008  -27.481  23.875 0.0000000000
48960  -40.559  -20.540  23.032 0.0000000000
48981  -43.444  -20.578  20.362 0.0000000000
46773  -43.874  -22.296  20.438 0.0000000000
97843  -45.253  -23.382  19.937 0.0000000000
96208  -46.073  -16.677  19.067 0.0000000000
52033  -46.653  -16.238  18.622 0.0000000000
92559  -47.172  -15.727  18.258 0.0000000000
28802  -10.472  -47.007  44.550 0.0000000000
27410  -10.480  -49.627  47.564 0.0000000000
89763  -37.802  -31.372  27.245 0.0000000000
96481  -33.152  -28.285  28.126 0.0000000000
43776  -32.704  -28.140  28.713 0.0000000000
42926  -36.540  -28.065  28.533 0.0000000000
105540  -35.201  -27.040  26.094 0.0000000000
43808  -37.056  -27.829  26.308 0.0000000000
46725  -36.365  -23.451  25.495 0.0000000000
47447  -36.769  -22.675  25.859 0.0000000000
33843  -24.334  -40.633  33.448 0.0000000000
32468  -24.887  -42.251  33.337 0.0000000000
33162  -25.446  -41.573  33.287 0.0000000000
33163  -26.345  -41.626  33.762 0.0000000000
30993  -14.191  -45.381  41.419 0.0000000000
30296  -13.610  -45.613  41.935 0.0000000000
29548  -14.083  -46.893  41.740 0.0000000000
94719  -14.181  -47.608  42.144 0.0000000000
29588  -17.260  -46.281  39.115 0.0000000000
28853  -17.704  -47.104  39.554 0.0000000000
37725  -40.590  -35.411  29.065 0.0000000000
28892  -23.331  -47.533  37.550 0.0000000000
28893  -24.211  -47.396  37.663 0.0000000000
29626  -24.650  -46.893  37.138 0.0000000000
29649  -25.007  -46.416  36.707 0.0000000000
33086  -22.081  -41.624  38.183 0.0000000000
32401  -21.850  -41.890  37.550 0.0000000000
31724  -20.696  -42.550  36.969 0.0000000000
30335  -21.184  -45.878  35.944 0.0000000000
30354  -21.578  -45.393  35.423 0.0000000000
99073  -31.481  -34.790  31.460 0.0000000000
91494  -32.686  -34.956  30.787 0.0000000000
107017  -38.509  -25.052  23.027 0.0000000000
45307  -39.012  -24.911  22.586 0.0000000000
91056  -39.700  -24.611  22.130 0.0000000000
46056  -40.664  -23.940  21.587 0.0000000000
46766  -41.223  -23.421  21.414 0.0000000000
49739  -41.998  -19.059  22.431 0.0000000000
98159  -42.794  -20.041  20.771 0.0000000000
48281  -45.366  -21.232  19.428 0.0000000000
48989  -45.656  -20.532  19.266 0.0000000000
99571  -46.041  -19.855  19.150 0.0000000000
28123  -12.551  -47.504  43.593 0.0000000000
44519  -32.642  -26.601  30.106 0.0000000000
44540  -32.800  -26.264  29.369 0.0000000000
43791  -33.008  -27.515  27.978 0.0000000000
44561  -34.746  -26.462  26.246 0.0000000000
45273  -35.411  -25.720  25.631 0.0000000000
105994  -35.402  -23.777  26.496 0.0000000000
46711  -36.132  -22.585  27.108 0.0000000000
34596  -27.135  -39.773  33.880 0.0000000000
34584  -27.709  -39.943  34.268 0.0000000000
30995  -14.864  -43.970  41.222 0.0000000000
29559  -15.177  -46.533  41.011 0.0000000000
89542  -8.687  -48.201  46.690 0.0000000000
28792  -8.101  -47.636  46.933 0.0000000000
28791  -7.428  -47.378  47.414 0.0000000000
28095  -7.586  -48.745  48.615 0.0000000000
28098  -6.807  -47.728  47.878 0.0000000000
28787  -6.266  -47.466  48.298 0.0000000000
40426  -40.488  -31.187  28.930 0.0000000000
35329  -29.296  -38.311  31.623 0.0000000000
31671  -19.528  -42.466  40.245 0.0000000000
31670  -18.679  -42.255  40.154 0.0000000000
31687  -17.191  -43.281  39.452 0.0000000000
30316  -17.876  -45.325  38.192 0.0000000000
29602  -17.736  -46.038  38.551 0.0000000000
28855  -19.268  -47.727  39.105 0.0000000000
30333  -19.549  -45.415  36.654 0.0000000000
29622  -19.496  -46.325  37.321 0.0000000000
28889  -20.375  -46.712  37.116 0.0000000000
36084  -37.906  -37.525  29.158 0.0000000000
36913  -36.433  -36.159  28.023 0.0000000000
36912  -35.677  -36.060  27.904 0.0000000000
107317  -34.541  -35.348  28.580 0.0000000000
38404  -35.080  -34.368  28.762 0.0000000000
39713  -35.526  -32.705  31.296 0.0000000000
32452  -23.222  -42.265  34.030 0.0000000000
33160  -23.749  -41.518  33.761 0.0000000000
98181  -25.215  -38.851  33.288 0.0000000000
36800  -23.990  -36.197  35.434 0.0000000000
36038  -24.217  -37.247  34.382 0.0000000000
36045  -24.642  -37.533  33.706 0.0000000000
35309  -26.141  -38.505  33.490 0.0000000000
100643  -27.187  -37.487  33.155 0.0000000000
36048  -27.884  -37.870  33.068 0.0000000000
38356  -28.012  -33.620  34.184 0.0000000000
38382  -27.496  -34.702  32.681 0.0000000000
38391  -28.637  -34.950  31.885 0.0000000000
36871  -28.120  -36.048  31.691 0.0000000000
35340  -30.710  -38.105  30.499 0.0000000000
36883  -31.391  -36.347  29.980 0.0000000000
35344  -33.973  -38.614  29.986 0.0000000000
35360  -35.238  -38.216  29.561 0.0000000000
33123  -22.803  -41.767  34.844 0.0000000000
44599  -41.200  -26.587  22.988 0.0000000000
44612  -41.446  -26.034  22.355 0.0000000000
48265  -40.314  -21.110  22.621 0.0000000000
105532  -40.917  -22.889  21.501 0.0000000000
93747  -41.905  -23.052  21.220 0.0000000000
48273  -42.650  -21.496  20.980 0.0000000000
46059  -43.753  -24.689  21.139 0.0000000000
55012  -47.592  -12.819  18.326 0.0000000000
30238  -9.704  -46.100  46.557 0.0000000000
29523  -9.268  -46.538  46.245 0.0000000000
29528  -9.101  -46.964  46.229 0.0000000000
28798  -10.334  -47.551  45.162 0.0000000000
28104  -9.372  -47.989  46.230 0.0000000000
28793  -8.838  -47.489  46.483 0.0000000000
92627  -8.858  -48.729  47.167 0.0000000000
27403  -9.319  -49.488  48.471 0.0000000000
27404  -10.154  -49.782  48.281 0.0000000000
37734  -37.712  -35.669  28.059 0.0000000000
37736  -39.677  -35.362  28.531 0.0000000000
39065  -37.698  -33.371  27.220 0.0000000000
88252  -39.814  -33.960  28.165 0.0000000000
92147  -40.342  -33.030  28.369 0.0000000000
91333  -39.429  -31.842  27.854 0.0000000000
40440  -40.067  -31.687  28.438 0.0000000000
40425  -39.900  -30.827  28.724 0.0000000000
41200  -33.408  -30.357  30.894 0.0000000000
106487  -33.150  -29.740  31.251 0.0000000000
41219  -33.991  -30.669  29.307 0.0000000000
42915  -32.690  -28.897  29.186 0.0000000000
105311  -36.042  -30.522  27.715 0.0000000000
41236  -37.646  -30.374  27.969 0.0000000000
41221  -39.578  -30.084  29.245 0.0000000000
91180  -37.444  -28.669  29.196 0.0000000000
91398  -36.727  -27.664  28.037 0.0000000000
31766  -23.764  -43.459  33.925 0.0000000000
31055  -24.922  -44.231  34.367 0.0000000000
31775  -25.134  -42.960  33.773 0.0000000000
31767  -25.576  -43.699  34.290 0.0000000000
31040  -25.530  -44.505  34.976 0.0000000000
32432  -27.113  -42.288  34.961 0.0000000000
33125  -27.619  -41.583  35.260 0.0000000000
32433  -27.580  -42.311  35.673 0.0000000000
102774  -27.039  -42.930  35.348 0.0000000000
31754  -27.305  -43.128  35.956 0.0000000000
30275  -11.912  -45.280  44.433 0.0000000000
30281  -13.142  -44.850  42.891 0.0000000000
30289  -13.172  -45.504  42.477 0.0000000000
28125  -14.348  -48.558  43.165 0.0000000000
31009  -16.454  -44.286  39.497 0.0000000000
30308  -16.137  -45.383  39.835 0.0000000000
29560  -15.873  -46.840  40.758 0.0000000000
28169  -18.708  -48.238  40.740 0.0000000000
28822  -16.993  -48.061  41.677 0.0000000000
28821  -16.048  -48.022  41.766 0.0000000000
54319  -48.569  -13.304  16.680 0.0000000000
28087  -5.897  -49.213  50.272 0.0000000000
28091  -5.488  -48.772  49.578 0.0000000000
28089  -3.784  -48.429  49.115 0.0000000000
28779  -4.397  -47.700  49.395 0.0000000000
31041  -26.294  -44.322  35.534 0.0000000000
97322  -38.646  -32.696  27.349 0.0000000000
104697  -23.712  -42.182  33.691 0.0000000000
