#!ascii label  , from subject OASIS_0001 vox2ras=TkReg
1163
42936  -41.131  -28.586  27.008 0.0000000000
50498  -51.689  -18.684  21.401 0.0000000000
45313  -47.231  -25.279  22.768 0.0000000000
26635  -16.443  -50.724  46.337 0.0000000000
41222  -40.438  -30.524  29.461 0.0000000000
97457  -29.596  -44.928  41.909 0.0000000000
31730  -37.387  -43.749  37.471 0.0000000000
35322  -42.003  -38.743  33.087 0.0000000000
91823  -44.876  -35.005  32.020 0.0000000000
28875  -23.764  -47.827  38.230 0.0000000000
101659  -28.245  -49.592  41.584 0.0000000000
31024  -26.914  -44.710  36.678 0.0000000000
33147  -33.078  -41.943  34.177 0.0000000000
33169  -37.905  -40.880  33.856 0.0000000000
44502  -43.318  -26.724  31.748 0.0000000000
43785  -46.816  -28.152  28.873 0.0000000000
47503  -50.099  -22.273  21.654 0.0000000000
43840  -44.303  -27.411  24.598 0.0000000000
51243  -50.131  -17.323  17.638 0.0000000000
26604  -12.311  -50.729  48.511 0.0000000000
41194  -43.627  -29.954  32.169 0.0000000000
43761  -38.925  -27.387  29.659 0.0000000000
106655  -28.748  -41.986  36.648 0.0000000000
32378  -32.122  -43.157  39.986 0.0000000000
44565  -49.628  -26.715  26.565 0.0000000000
90473  -55.575  -13.375  15.275 0.0000000000
35350  -40.331  -38.359  30.568 0.0000000000
36884  -41.613  -37.072  29.976 0.0000000000
29627  -25.456  -46.634  37.291 0.0000000000
34611  -35.132  -40.180  31.779 0.0000000000
34630  -38.369  -39.606  31.381 0.0000000000
34600  -39.857  -39.810  33.118 0.0000000000
102776  -42.045  -27.243  29.535 0.0000000000
43750  -45.116  -27.368  30.351 0.0000000000
43800  -43.621  -28.263  27.863 0.0000000000
48977  -50.878  -20.921  20.928 0.0000000000
47495  -52.415  -21.696  22.845 0.0000000000
52014  -53.136  -16.691  21.559 0.0000000000
27450  -13.699  -49.250  44.677 0.0000000000
26620  -14.379  -51.127  47.461 0.0000000000
39715  -43.052  -32.570  30.150 0.0000000000
39702  -44.896  -32.629  31.824 0.0000000000
41211  -42.478  -30.623  30.658 0.0000000000
42890  -40.409  -28.033  31.647 0.0000000000
42042  -38.789  -28.304  30.231 0.0000000000
28832  -29.069  -47.208  41.029 0.0000000000
26678  -29.947  -50.404  43.136 0.0000000000
97889  -30.231  -47.954  43.297 0.0000000000
30283  -31.724  -45.963  42.780 0.0000000000
97396  -27.841  -41.118  35.011 0.0000000000
34586  -28.656  -40.540  34.131 0.0000000000
32420  -35.093  -43.513  36.016 0.0000000000
32418  -32.549  -42.965  36.309 0.0000000000
31712  -34.703  -43.338  38.818 0.0000000000
102486  -34.993  -43.210  42.167 0.0000000000
28144  -19.850  -48.845  41.987 0.0000000000
102092  -22.232  -49.788  44.119 0.0000000000
26638  -23.059  -51.046  46.793 0.0000000000
44603  -45.291  -26.342  23.162 0.0000000000
44578  -46.839  -26.856  25.487 0.0000000000
45276  -48.784  -25.815  25.159 0.0000000000
54366  -56.636  -12.908  13.916 0.0000000000
89450  -17.159  -50.959  49.282 0.0000000000
35290  -43.195  -38.776  35.170 0.0000000000
36040  -44.204  -36.995  34.460 0.0000000000
36865  -43.919  -37.224  32.079 0.0000000000
88383  -42.857  -35.119  30.064 0.0000000000
91400  -24.216  -48.907  41.194 0.0000000000
27488  -25.716  -49.762  42.243 0.0000000000
28191  -25.684  -48.241  39.709 0.0000000000
28861  -27.438  -47.463  39.536 0.0000000000
30310  -28.359  -45.334  39.535 0.0000000000
33848  -31.244  -40.994  33.051 0.0000000000
33861  -32.662  -40.616  32.355 0.0000000000
33168  -35.396  -41.363  33.804 0.0000000000
98504  -37.338  -42.817  35.651 0.0000000000
33153  -39.110  -41.318  34.641 0.0000000000
33836  -41.358  -40.348  34.827 0.0000000000
28187  -21.474  -48.441  39.257 0.0000000000
43713  -44.885  -27.996  33.960 0.0000000000
42862  -47.320  -29.002  34.930 0.0000000000
90471  -45.791  -27.355  33.628 0.0000000000
44506  -47.689  -27.075  32.130 0.0000000000
46759  -48.994  -24.252  21.672 0.0000000000
46021  -49.828  -24.928  23.997 0.0000000000
46762  -51.299  -23.271  22.484 0.0000000000
25025  -8.339  -52.181  53.279 0.0000000000
42958  -42.461  -28.754  25.628 0.0000000000
44614  -43.291  -26.296  22.412 0.0000000000
96464  -46.931  -24.268  20.132 0.0000000000
47515  -47.911  -22.633  19.266 0.0000000000
48290  -48.746  -21.412  18.919 0.0000000000
49769  -50.083  -19.417  18.612 0.0000000000
50522  -51.043  -18.293  18.781 0.0000000000
89491  -49.100  -18.503  18.259 0.0000000000
91746  -14.966  -50.709  51.275 0.0000000000
25806  -13.323  -51.092  52.226 0.0000000000
97370  -10.710  -50.894  53.382 0.0000000000
38994  -46.185  -32.904  36.624 0.0000000000
38360  -44.981  -34.660  34.730 0.0000000000
39688  -45.128  -32.163  34.551 0.0000000000
92105  -44.913  -29.876  34.854 0.0000000000
102413  -42.655  -27.791  32.798 0.0000000000
95874  -40.648  -26.742  31.045 0.0000000000
43779  -40.064  -27.758  28.578 0.0000000000
26665  -27.668  -51.393  43.067 0.0000000000
32416  -27.866  -42.537  36.511 0.0000000000
32375  -29.146  -42.235  39.776 0.0000000000
33127  -30.321  -41.707  35.199 0.0000000000
32403  -30.572  -42.283  38.106 0.0000000000
88818  -30.796  -43.049  40.967 0.0000000000
31627  -33.412  -44.271  42.607 0.0000000000
27462  -15.732  -49.188  43.693 0.0000000000
28129  -17.855  -48.955  43.104 0.0000000000
27439  -18.134  -49.910  45.223 0.0000000000
42951  -45.371  -28.370  26.812 0.0000000000
42943  -48.029  -28.192  28.133 0.0000000000
44546  -51.079  -25.532  29.928 0.0000000000
105547  -51.137  -24.906  26.082 0.0000000000
52029  -52.150  -16.024  19.184 0.0000000000
52830  -52.898  -14.868  18.912 0.0000000000
54296  -54.975  -13.203  19.470 0.0000000000
53604  -53.560  -14.693  15.682 0.0000000000
54311  -57.018  -12.825  17.666 0.0000000000
35349  -39.390  -38.466  30.398 0.0000000000
36071  -39.849  -37.844  30.071 0.0000000000
36085  -38.633  -37.613  29.352 0.0000000000
96612  -37.028  -39.426  30.526 0.0000000000
34642  -37.897  -39.209  30.609 0.0000000000
35333  -38.857  -39.014  30.882 0.0000000000
106498  -41.330  -28.271  27.698 0.0000000000
43782  -43.267  -27.828  28.675 0.0000000000
42937  -42.060  -28.591  27.297 0.0000000000
49755  -51.071  -19.226  20.954 0.0000000000
48979  -52.054  -20.010  21.802 0.0000000000
49749  -52.451  -19.171  22.031 0.0000000000
50499  -52.532  -18.286  21.915 0.0000000000
50506  -51.773  -17.860  21.283 0.0000000000
27437  -15.219  -49.952  45.103 0.0000000000
27424  -14.026  -50.342  45.978 0.0000000000
26634  -15.528  -50.840  46.438 0.0000000000
40427  -41.624  -31.617  29.480 0.0000000000
40417  -42.630  -31.604  30.153 0.0000000000
41223  -41.210  -30.788  29.881 0.0000000000
100102  -40.142  -29.270  30.879 0.0000000000
42060  -39.906  -29.676  30.048 0.0000000000
27446  -24.649  -50.350  45.504 0.0000000000
29561  -29.329  -46.457  41.646 0.0000000000
100391  -30.069  -48.115  43.261 0.0000000000
29549  -30.227  -46.688  42.711 0.0000000000
28808  -30.360  -47.451  43.036 0.0000000000
30290  -30.424  -45.971  42.624 0.0000000000
31729  -36.416  -43.901  37.356 0.0000000000
31727  -34.663  -43.627  37.407 0.0000000000
31714  -36.345  -43.780  38.435 0.0000000000
31697  -36.315  -43.485  39.485 0.0000000000
27486  -23.428  -49.511  42.776 0.0000000000
102214  -23.630  -50.101  44.222 0.0000000000
27445  -23.808  -50.267  45.197 0.0000000000
39669  -47.481  -32.160  36.501 0.0000000000
45299  -46.731  -25.622  23.137 0.0000000000
45285  -46.842  -25.744  23.995 0.0000000000
45300  -47.390  -25.354  23.485 0.0000000000
35314  -42.837  -38.423  33.351 0.0000000000
94507  -43.631  -38.037  33.730 0.0000000000
101526  -42.566  -38.225  32.442 0.0000000000
37712  -42.230  -35.687  29.857 0.0000000000
88362  -41.253  -34.717  29.149 0.0000000000
38407  -41.912  -34.056  29.375 0.0000000000
28189  -23.055  -48.580  39.602 0.0000000000
28175  -24.597  -48.642  40.422 0.0000000000
90722  -24.981  -48.405  39.838 0.0000000000
29628  -26.270  -46.199  37.587 0.0000000000
28878  -26.361  -47.204  38.704 0.0000000000
29607  -27.431  -46.128  38.624 0.0000000000
29608  -27.981  -46.228  39.137 0.0000000000
91654  -27.854  -44.674  38.329 0.0000000000
34608  -32.261  -39.909  31.851 0.0000000000
33865  -36.527  -40.517  32.609 0.0000000000
33852  -35.007  -41.116  33.037 0.0000000000
103444  -36.364  -41.369  33.917 0.0000000000
98215  -36.648  -41.841  34.530 0.0000000000
33130  -37.682  -41.818  34.803 0.0000000000
33131  -38.509  -41.873  35.052 0.0000000000
33170  -38.705  -40.741  33.996 0.0000000000
34618  -41.149  -38.972  32.875 0.0000000000
34587  -41.027  -39.992  34.050 0.0000000000
35312  -41.497  -39.328  33.614 0.0000000000
34589  -42.577  -39.286  34.791 0.0000000000
28197  -22.346  -48.335  38.842 0.0000000000
44479  -43.887  -27.435  33.141 0.0000000000
43722  -45.511  -27.687  34.068 0.0000000000
44489  -44.314  -27.160  32.824 0.0000000000
43767  -45.433  -27.661  29.731 0.0000000000
44528  -46.309  -27.438  31.287 0.0000000000
43752  -46.842  -27.691  30.549 0.0000000000
90091  -48.385  -26.948  31.636 0.0000000000
43769  -47.355  -27.852  29.747 0.0000000000
46770  -49.520  -23.603  21.343 0.0000000000
46760  -49.640  -23.878  22.060 0.0000000000
47493  -50.316  -22.568  22.026 0.0000000000
48261  -53.947  -21.033  23.897 0.0000000000
94034  -47.135  -23.601  19.734 0.0000000000
48282  -46.080  -22.008  19.356 0.0000000000
103245  -48.025  -21.031  18.774 0.0000000000
48992  -48.529  -20.564  18.687 0.0000000000
49762  -50.007  -20.249  18.853 0.0000000000
48997  -49.179  -19.877  18.597 0.0000000000
105096  -49.398  -19.125  18.459 0.0000000000
27412  -12.136  -50.058  47.257 0.0000000000
26588  -11.272  -50.332  49.609 0.0000000000
26581  -17.495  -51.159  50.868 0.0000000000
26593  -15.981  -51.074  49.960 0.0000000000
26561  -16.255  -51.039  51.824 0.0000000000
25031  -13.862  -51.973  52.578 0.0000000000
25030  -12.905  -51.951  52.671 0.0000000000
92245  -11.911  -50.828  52.739 0.0000000000
24216  -11.563  -52.244  52.989 0.0000000000
90947  -10.734  -52.615  53.180 0.0000000000
36852  -44.649  -36.056  33.239 0.0000000000
96984  -44.685  -35.585  35.021 0.0000000000
38378  -45.011  -34.518  33.566 0.0000000000
106832  -44.408  -31.233  31.737 0.0000000000
39695  -45.020  -32.617  33.473 0.0000000000
40393  -44.851  -31.601  33.580 0.0000000000
40385  -44.944  -31.316  34.623 0.0000000000
41187  -44.375  -29.749  34.090 0.0000000000
42020  -43.863  -28.763  33.727 0.0000000000
42030  -43.235  -29.045  32.937 0.0000000000
42889  -39.789  -27.372  31.242 0.0000000000
43738  -40.615  -27.333  31.586 0.0000000000
44521  -39.380  -27.116  30.376 0.0000000000
44541  -40.211  -27.019  30.023 0.0000000000
100544  -38.991  -27.448  28.724 0.0000000000
27489  -26.652  -50.071  41.994 0.0000000000
26664  -26.621  -51.006  43.313 0.0000000000
26676  -28.200  -50.904  42.415 0.0000000000
33813  -28.180  -41.410  35.151 0.0000000000
33126  -27.966  -41.864  35.783 0.0000000000
33099  -28.320  -42.197  36.512 0.0000000000
32387  -28.288  -42.275  38.345 0.0000000000
33088  -28.586  -41.900  38.041 0.0000000000
33164  -31.713  -41.444  33.651 0.0000000000
33834  -30.725  -41.286  33.793 0.0000000000
33129  -31.900  -42.064  35.051 0.0000000000
100189  -32.498  -43.090  37.942 0.0000000000
90408  -31.693  -42.802  37.958 0.0000000000
32389  -31.326  -42.581  38.879 0.0000000000
32376  -30.195  -42.180  40.135 0.0000000000
90861  -31.470  -42.942  40.579 0.0000000000
31658  -31.637  -43.587  41.448 0.0000000000
32357  -33.320  -43.304  41.651 0.0000000000
33104  -40.722  -42.023  37.548 0.0000000000
28142  -18.225  -48.716  42.384 0.0000000000
91013  -19.108  -49.422  43.904 0.0000000000
27454  -17.770  -49.726  44.416 0.0000000000
26615  -23.026  -51.629  47.860 0.0000000000
42970  -42.992  -28.346  24.909 0.0000000000
42960  -44.167  -28.399  25.830 0.0000000000
43827  -44.655  -27.786  25.353 0.0000000000
44563  -47.959  -27.181  26.203 0.0000000000
43814  -47.520  -27.853  26.706 0.0000000000
43816  -49.201  -27.358  27.049 0.0000000000
43788  -49.474  -27.407  28.413 0.0000000000
44550  -50.191  -27.013  28.150 0.0000000000
46023  -51.460  -24.117  24.485 0.0000000000
45289  -50.126  -25.081  24.832 0.0000000000
46003  -51.852  -24.282  26.169 0.0000000000
51235  -50.521  -18.022  18.095 0.0000000000
51226  -51.488  -17.617  19.308 0.0000000000
52036  -51.545  -16.853  17.965 0.0000000000
52840  -52.244  -15.690  17.643 0.0000000000
52841  -52.834  -15.204  18.120 0.0000000000
53563  -54.439  -13.654  19.864 0.0000000000
92139  -53.589  -14.682  17.262 0.0000000000
54353  -53.812  -13.417  14.264 0.0000000000
53611  -53.036  -14.449  15.068 0.0000000000
53605  -54.468  -14.273  15.844 0.0000000000
54322  -54.928  -13.827  16.700 0.0000000000
106583  -56.307  -12.975  16.354 0.0000000000
54341  -56.544  -12.988  15.749 0.0000000000
88595  -58.161  -13.044  15.239 0.0000000000
35334  -41.494  -38.510  31.380 0.0000000000
35335  -42.292  -38.136  31.524 0.0000000000
35351  -41.223  -38.278  30.690 0.0000000000
102710  -40.774  -37.094  29.707 0.0000000000
28893  -24.211  -47.396  37.663 0.0000000000
34627  -35.668  -39.855  31.119 0.0000000000
34613  -37.006  -40.150  31.928 0.0000000000
33866  -37.452  -40.386  32.663 0.0000000000
104026  -38.603  -40.415  33.352 0.0000000000
34615  -38.756  -39.869  32.129 0.0000000000
34632  -40.056  -39.049  31.843 0.0000000000
44524  -42.889  -26.649  30.899 0.0000000000
101228  -43.715  -26.744  30.994 0.0000000000
101296  -43.123  -26.975  30.017 0.0000000000
43783  -44.198  -27.894  28.437 0.0000000000
42927  -45.197  -28.122  28.092 0.0000000000
48275  -50.492  -21.689  21.226 0.0000000000
48267  -50.748  -21.971  21.664 0.0000000000
48969  -51.906  -20.835  21.923 0.0000000000
48970  -52.788  -20.509  22.557 0.0000000000
52015  -54.404  -16.270  22.222 0.0000000000
27423  -13.179  -50.039  46.232 0.0000000000
26619  -13.453  -50.948  47.716 0.0000000000
39043  -44.323  -34.082  30.759 0.0000000000
39032  -45.070  -33.543  32.185 0.0000000000
39708  -44.338  -32.251  31.101 0.0000000000
40410  -44.153  -31.472  31.170 0.0000000000
41203  -43.090  -30.231  31.362 0.0000000000
42029  -42.789  -29.299  31.993 0.0000000000
102754  -42.034  -29.644  31.300 0.0000000000
42043  -39.798  -28.278  31.179 0.0000000000
42903  -38.544  -27.920  30.106 0.0000000000
107347  -28.602  -48.509  41.116 0.0000000000
27491  -28.835  -50.032  41.919 0.0000000000
27492  -29.573  -49.834  42.543 0.0000000000
27473  -30.150  -49.451  43.381 0.0000000000
96859  -31.232  -48.009  43.550 0.0000000000
34569  -27.920  -40.677  34.699 0.0000000000
33814  -28.684  -41.575  35.411 0.0000000000
91791  -33.813  -42.840  35.293 0.0000000000
32435  -32.382  -42.648  35.605 0.0000000000
103824  -33.746  -43.306  36.454 0.0000000000
31726  -34.010  -43.442  38.031 0.0000000000
31694  -33.894  -43.236  39.013 0.0000000000
32358  -34.062  -43.037  41.404 0.0000000000
31677  -35.273  -43.085  40.563 0.0000000000
28171  -20.355  -48.589  40.365 0.0000000000
28145  -20.622  -48.989  41.722 0.0000000000
94417  -21.205  -49.911  44.854 0.0000000000
27428  -21.458  -50.793  46.360 0.0000000000
27444  -22.757  -50.289  45.394 0.0000000000
44590  -44.774  -26.803  23.969 0.0000000000
44576  -45.103  -26.976  24.893 0.0000000000
44592  -46.316  -26.160  24.379 0.0000000000
44579  -47.546  -26.641  25.527 0.0000000000
44581  -49.199  -26.294  25.834 0.0000000000
52044  -49.629  -16.532  17.382 0.0000000000
52046  -51.145  -16.442  17.516 0.0000000000
90654  -49.991  -16.018  17.059 0.0000000000
54354  -54.984  -13.275  14.458 0.0000000000
54355  -56.077  -13.086  14.738 0.0000000000
54365  -55.429  -12.979  13.701 0.0000000000
55053  -56.031  -12.713  12.895 0.0000000000
26623  -17.211  -50.879  47.062 0.0000000000
88751  -16.789  -51.141  47.877 0.0000000000
102594  -44.214  -37.856  36.468 0.0000000000
36039  -43.888  -37.711  34.584 0.0000000000
36050  -44.340  -36.828  33.545 0.0000000000
36877  -44.276  -36.472  31.697 0.0000000000
36064  -42.619  -37.419  30.693 0.0000000000
37698  -44.059  -36.147  30.957 0.0000000000
37714  -44.186  -34.855  30.687 0.0000000000
39047  -42.494  -33.340  29.761 0.0000000000
39724  -42.152  -32.447  29.595 0.0000000000
88615  -24.486  -49.382  42.761 0.0000000000
89950  -25.276  -49.833  43.113 0.0000000000
27487  -24.762  -49.120  41.957 0.0000000000
27498  -25.477  -49.180  41.782 0.0000000000
28163  -27.110  -49.063  41.036 0.0000000000
28859  -25.964  -47.820  39.141 0.0000000000
28844  -27.080  -48.042  39.965 0.0000000000
28178  -27.809  -48.473  40.590 0.0000000000
28846  -28.516  -47.085  40.268 0.0000000000
29576  -28.831  -46.326  40.743 0.0000000000
95963  -28.719  -44.633  40.266 0.0000000000
33860  -31.744  -40.541  32.411 0.0000000000
33850  -33.107  -41.045  33.005 0.0000000000
33863  -34.563  -40.667  32.365 0.0000000000
33851  -34.042  -41.075  33.015 0.0000000000
33148  -33.932  -41.974  34.180 0.0000000000
32458  -35.247  -42.430  34.883 0.0000000000
32439  -36.593  -42.909  35.609 0.0000000000
31745  -37.690  -43.565  36.732 0.0000000000
31731  -38.267  -43.434  37.520 0.0000000000
32424  -38.730  -42.908  36.429 0.0000000000
32425  -39.400  -42.432  36.485 0.0000000000
33133  -40.487  -41.418  35.850 0.0000000000
95643  -39.653  -40.747  34.200 0.0000000000
33817  -40.911  -40.918  35.263 0.0000000000
102570  -41.370  -41.073  36.281 0.0000000000
34560  -42.120  -40.562  36.227 0.0000000000
28172  -21.480  -48.645  40.031 0.0000000000
42003  -45.879  -29.632  35.400 0.0000000000
43706  -46.175  -28.843  34.817 0.0000000000
105140  -46.707  -27.816  34.325 0.0000000000
43723  -47.853  -27.363  33.430 0.0000000000
44504  -45.825  -27.140  32.056 0.0000000000
97894  -46.477  -27.176  32.889 0.0000000000
46050  -48.386  -24.684  22.222 0.0000000000
46033  -48.625  -24.750  23.112 0.0000000000
46051  -49.186  -24.436  22.494 0.0000000000
46036  -51.229  -24.230  23.536 0.0000000000
104967  -51.627  -23.826  24.015 0.0000000000
47484  -52.171  -22.518  23.172 0.0000000000
46750  -52.771  -22.509  24.309 0.0000000000
42956  -40.533  -28.634  25.293 0.0000000000
42948  -41.745  -28.848  26.349 0.0000000000
42968  -41.151  -28.336  24.677 0.0000000000
43837  -41.746  -27.768  24.152 0.0000000000
43847  -42.293  -27.200  23.568 0.0000000000
44601  -43.615  -26.733  23.064 0.0000000000
44615  -44.097  -26.366  22.500 0.0000000000
45311  -45.316  -25.970  22.253 0.0000000000
45325  -46.019  -25.638  21.778 0.0000000000
46063  -47.115  -24.867  20.801 0.0000000000
46777  -47.815  -24.081  20.271 0.0000000000
46778  -48.540  -23.552  20.098 0.0000000000
47511  -49.312  -23.181  20.404 0.0000000000
48288  -46.794  -21.495  19.028 0.0000000000
47516  -48.756  -22.253  19.223 0.0000000000
48291  -49.725  -21.784  19.411 0.0000000000
48283  -50.430  -21.410  20.199 0.0000000000
49754  -50.884  -19.753  20.390 0.0000000000
49764  -50.982  -19.150  20.097 0.0000000000
50514  -51.173  -18.379  19.780 0.0000000000
50513  -50.777  -19.034  19.109 0.0000000000
50521  -50.468  -18.705  18.519 0.0000000000
51234  -49.639  -17.958  17.923 0.0000000000
52043  -48.741  -16.311  17.517 0.0000000000
88777  -15.669  -51.314  48.928 0.0000000000
26607  -14.779  -51.300  48.826 0.0000000000
101523  -13.564  -50.766  50.115 0.0000000000
92346  -15.513  -51.325  52.136 0.0000000000
26568  -14.194  -50.731  51.445 0.0000000000
90125  -13.258  -50.793  50.984 0.0000000000
26565  -11.807  -50.393  51.737 0.0000000000
27381  -11.026  -49.965  52.352 0.0000000000
27374  -10.015  -49.885  53.514 0.0000000000
96239  -9.678  -51.477  53.591 0.0000000000
40357  -46.542  -31.941  36.331 0.0000000000
38338  -45.068  -34.867  36.427 0.0000000000
39025  -45.096  -33.573  33.233 0.0000000000
92997  -45.145  -33.740  35.045 0.0000000000
39681  -45.654  -32.216  35.734 0.0000000000
40379  -45.911  -31.543  35.909 0.0000000000
41173  -45.659  -30.289  35.554 0.0000000000
42012  -44.681  -29.023  34.435 0.0000000000
42873  -43.700  -27.947  33.448 0.0000000000
43732  -43.231  -27.340  32.795 0.0000000000
42881  -42.040  -27.771  32.360 0.0000000000
43730  -41.626  -27.284  31.950 0.0000000000
44523  -41.705  -26.710  31.134 0.0000000000
44542  -41.059  -26.977  30.168 0.0000000000
43780  -41.002  -27.837  28.378 0.0000000000
43798  -40.582  -28.200  27.714 0.0000000000
41220  -38.739  -29.727  29.063 0.0000000000
42058  -38.211  -28.694  29.675 0.0000000000
42916  -37.930  -28.132  29.514 0.0000000000
101853  -37.802  -27.710  29.045 0.0000000000
105386  -38.378  -27.399  28.526 0.0000000000
43796  -38.534  -27.552  27.814 0.0000000000
43810  -39.299  -28.215  26.849 0.0000000000
42946  -39.924  -28.522  26.001 0.0000000000
25866  -28.704  -51.485  43.032 0.0000000000
31739  -27.000  -43.987  36.162 0.0000000000
31754  -27.305  -43.128  35.956 0.0000000000
31025  -27.655  -43.960  36.956 0.0000000000
31016  -27.879  -43.648  38.011 0.0000000000
31693  -28.478  -43.315  39.492 0.0000000000
31676  -29.579  -43.363  40.840 0.0000000000
34598  -29.297  -40.320  33.438 0.0000000000
33832  -28.922  -41.297  34.631 0.0000000000
33803  -29.117  -41.567  35.897 0.0000000000
32417  -31.800  -42.691  36.325 0.0000000000
33102  -30.014  -42.083  36.918 0.0000000000
33101  -29.111  -41.887  36.882 0.0000000000
33082  -29.297  -42.010  39.357 0.0000000000
32365  -29.634  -42.475  40.390 0.0000000000
31656  -30.159  -43.735  41.609 0.0000000000
107340  -31.309  -44.394  42.080 0.0000000000
30978  -32.433  -44.879  42.659 0.0000000000
28118  -14.925  -48.933  43.867 0.0000000000
27438  -16.203  -50.019  44.870 0.0000000000
28154  -17.772  -48.382  41.838 0.0000000000
28140  -16.515  -48.604  42.325 0.0000000000
28128  -16.957  -49.019  42.997 0.0000000000
27453  -16.875  -49.729  44.298 0.0000000000
26648  -17.622  -50.090  45.837 0.0000000000
26637  -18.794  -50.656  46.929 0.0000000000
27417  -22.072  -51.194  47.126 0.0000000000
42949  -42.633  -28.798  26.499 0.0000000000
42940  -44.887  -28.430  27.262 0.0000000000
42928  -46.263  -28.441  28.130 0.0000000000
43812  -45.870  -27.959  26.345 0.0000000000
43802  -47.015  -28.330  27.207 0.0000000000
43786  -47.757  -28.063  28.844 0.0000000000
43787  -48.637  -27.779  28.694 0.0000000000
45288  -49.257  -25.275  24.602 0.0000000000
45277  -49.637  -25.648  25.306 0.0000000000
45267  -50.050  -26.037  26.095 0.0000000000
51219  -51.496  -17.626  20.437 0.0000000000
52022  -52.564  -16.377  20.753 0.0000000000
96537  -52.600  -15.656  20.142 0.0000000000
52037  -51.998  -16.227  18.253 0.0000000000
52822  -52.598  -15.353  19.315 0.0000000000
52816  -53.706  -15.082  20.706 0.0000000000
99555  -54.925  -13.737  20.804 0.0000000000
54292  -55.363  -13.286  20.293 0.0000000000
53592  -53.161  -14.942  16.420 0.0000000000
93236  -54.362  -13.939  17.674 0.0000000000
54310  -56.157  -12.936  18.111 0.0000000000
54342  -57.748  -12.835  15.973 0.0000000000
35363  -38.170  -38.101  29.629 0.0000000000
36070  -39.000  -38.024  29.821 0.0000000000
92256  -37.654  -38.648  29.976 0.0000000000
35348  -38.508  -38.605  30.187 0.0000000000
49748  -51.678  -19.361  21.473 0.0000000000
50491  -53.403  -18.721  22.588 0.0000000000
26646  -15.823  -50.414  45.680 0.0000000000
26645  -14.910  -50.467  45.798 0.0000000000
91990  -40.950  -31.196  29.301 0.0000000000
41209  -40.732  -30.015  30.290 0.0000000000
41221  -39.578  -30.084  29.245 0.0000000000
26656  -24.953  -50.386  45.214 0.0000000000
27472  -24.998  -50.338  44.027 0.0000000000
30298  -29.637  -45.736  42.137 0.0000000000
29562  -29.860  -46.563  42.433 0.0000000000
105229  -30.033  -46.003  42.627 0.0000000000
95163  -30.032  -45.321  42.456 0.0000000000
31715  -37.068  -43.767  38.204 0.0000000000
45312  -46.723  -25.502  22.280 0.0000000000
37725  -40.590  -35.411  29.065 0.0000000000
37726  -41.487  -35.571  29.391 0.0000000000
28190  -24.118  -48.450  39.557 0.0000000000
28199  -24.172  -48.076  38.821 0.0000000000
30326  -26.639  -45.454  37.122 0.0000000000
29606  -26.714  -46.478  38.329 0.0000000000
30317  -27.141  -45.592  38.045 0.0000000000
30327  -27.474  -44.734  37.486 0.0000000000
33854  -37.071  -40.877  33.392 0.0000000000
33151  -37.289  -41.394  34.232 0.0000000000
33152  -38.192  -41.311  34.429 0.0000000000
35313  -42.300  -39.024  33.911 0.0000000000
28874  -22.889  -47.940  38.166 0.0000000000
44488  -43.521  -27.051  32.567 0.0000000000
103590  -43.997  -26.838  32.178 0.0000000000
43768  -46.359  -27.919  29.735 0.0000000000
43753  -47.822  -27.400  30.613 0.0000000000
47502  -49.797  -22.883  21.226 0.0000000000
47492  -49.823  -22.954  21.965 0.0000000000
47486  -54.142  -21.605  24.233 0.0000000000
47508  -46.561  -22.946  19.444 0.0000000000
50520  -48.626  -19.060  18.464 0.0000000000
26618  -12.582  -50.642  47.773 0.0000000000
26617  -11.797  -50.403  47.933 0.0000000000
26603  -11.505  -50.487  48.724 0.0000000000
26589  -12.124  -50.622  49.348 0.0000000000
26570  -16.897  -51.179  51.399 0.0000000000
25813  -17.022  -51.278  51.353 0.0000000000
25029  -12.140  -51.889  52.864 0.0000000000
24219  -11.965  -52.842  52.558 0.0000000000
37669  -44.905  -35.210  32.910 0.0000000000
41195  -44.289  -30.656  32.288 0.0000000000
40402  -44.695  -31.552  32.377 0.0000000000
90465  -44.532  -30.656  33.238 0.0000000000
41186  -44.035  -29.800  33.088 0.0000000000
43748  -39.023  -27.468  30.350 0.0000000000
43749  -39.383  -27.010  30.923 0.0000000000
43762  -39.603  -27.335  29.511 0.0000000000
27500  -27.319  -49.575  41.520 0.0000000000
27490  -27.841  -50.241  41.872 0.0000000000
33801  -28.467  -41.831  36.037 0.0000000000
33800  -28.120  -41.713  35.529 0.0000000000
33100  -28.622  -42.184  36.979 0.0000000000
33146  -32.220  -41.825  34.293 0.0000000000
32390  -32.268  -42.910  38.830 0.0000000000
32377  -31.124  -42.608  39.876 0.0000000000
32368  -32.274  -43.163  41.016 0.0000000000
27441  -19.929  -50.064  45.599 0.0000000000
43839  -43.485  -27.697  24.382 0.0000000000
43826  -43.842  -28.124  25.082 0.0000000000
44564  -48.792  -27.002  26.337 0.0000000000
43804  -49.533  -27.385  27.721 0.0000000000
44557  -49.957  -26.933  27.354 0.0000000000
46012  -51.996  -23.810  25.451 0.0000000000
51236  -51.296  -17.569  18.366 0.0000000000
51244  -50.905  -17.203  17.778 0.0000000000
53577  -52.806  -15.092  17.270 0.0000000000
53578  -53.487  -14.586  18.243 0.0000000000
53613  -54.742  -13.812  15.145 0.0000000000
54340  -55.496  -13.576  16.001 0.0000000000
94029  -40.662  -38.707  31.195 0.0000000000
36086  -39.415  -37.350  29.435 0.0000000000
36087  -40.218  -37.356  29.768 0.0000000000
36893  -40.092  -36.799  29.439 0.0000000000
34640  -35.255  -39.319  30.515 0.0000000000
34629  -37.480  -39.801  31.213 0.0000000000
34628  -36.586  -39.868  31.148 0.0000000000
34614  -37.902  -40.050  31.993 0.0000000000
33867  -38.279  -40.202  32.735 0.0000000000
90161  -39.769  -38.856  31.045 0.0000000000
34631  -39.234  -39.357  31.595 0.0000000000
96691  -40.922  -38.876  32.015 0.0000000000
44543  -42.287  -26.894  30.208 0.0000000000
43765  -42.839  -27.285  29.419 0.0000000000
90619  -44.840  -27.678  29.042 0.0000000000
43801  -44.394  -28.270  27.718 0.0000000000
48276  -51.144  -21.251  21.476 0.0000000000
48978  -51.326  -20.475  21.357 0.0000000000
105091  -53.517  -20.592  23.025 0.0000000000
48963  -53.701  -20.032  22.933 0.0000000000
51215  -53.887  -17.150  22.374 0.0000000000
26633  -14.641  -50.819  46.605 0.0000000000
26632  -13.768  -50.638  46.826 0.0000000000
39716  -43.811  -32.663  30.581 0.0000000000
39709  -44.370  -33.135  30.988 0.0000000000
40409  -43.395  -31.078  30.833 0.0000000000
96644  -43.965  -30.732  31.506 0.0000000000
91260  -39.389  -28.721  30.576 0.0000000000
42904  -38.978  -27.744  30.832 0.0000000000
92421  -29.174  -48.045  41.418 0.0000000000
27501  -29.165  -49.072  41.757 0.0000000000
28149  -29.850  -48.845  42.947 0.0000000000
28131  -30.279  -48.560  43.450 0.0000000000
29539  -30.890  -46.650  42.806 0.0000000000
28809  -30.928  -47.398  43.252 0.0000000000
29540  -31.610  -46.704  43.020 0.0000000000
34585  -28.138  -40.143  34.316 0.0000000000
34570  -28.282  -41.007  34.705 0.0000000000
32437  -34.714  -42.977  35.371 0.0000000000
31755  -34.171  -43.185  35.941 0.0000000000
105711  -34.857  -43.646  38.118 0.0000000000
31695  -34.583  -43.150  39.703 0.0000000000
31696  -35.429  -43.304  39.599 0.0000000000
93295  -36.206  -43.277  40.486 0.0000000000
28158  -20.791  -48.926  40.924 0.0000000000
100272  -21.357  -49.077  41.440 0.0000000000
27468  -21.923  -49.643  43.483 0.0000000000
27458  -21.521  -49.756  44.149 0.0000000000
98503  -22.045  -49.970  44.769 0.0000000000
26649  -24.458  -50.372  45.927 0.0000000000
27430  -23.491  -50.454  46.036 0.0000000000
44591  -45.606  -26.477  24.196 0.0000000000
45286  -47.621  -25.615  24.255 0.0000000000
44593  -46.996  -26.166  24.868 0.0000000000
45275  -47.927  -25.942  25.025 0.0000000000
44580  -48.365  -26.474  25.677 0.0000000000
54364  -54.338  -12.868  13.538 0.0000000000
26609  -17.701  -50.996  48.035 0.0000000000
91603  -18.577  -51.533  50.792 0.0000000000
36024  -43.793  -38.057  35.641 0.0000000000
35302  -43.506  -38.280  34.647 0.0000000000
35323  -43.387  -37.821  32.707 0.0000000000
36049  -44.060  -37.416  33.027 0.0000000000
36866  -44.376  -36.682  32.610 0.0000000000
91896  -42.887  -35.845  30.229 0.0000000000
37713  -43.677  -35.509  30.472 0.0000000000
38400  -43.625  -34.565  30.321 0.0000000000
97029  -42.740  -34.244  29.919 0.0000000000
90518  -41.677  -33.211  29.210 0.0000000000
28176  -25.478  -48.555  40.394 0.0000000000
28161  -25.124  -48.783  41.180 0.0000000000
28162  -26.093  -48.835  40.985 0.0000000000
28177  -26.281  -48.436  40.175 0.0000000000
28876  -24.615  -47.670  38.374 0.0000000000
28877  -25.488  -47.496  38.529 0.0000000000
29590  -27.299  -46.901  38.974 0.0000000000
28860  -26.788  -47.611  39.287 0.0000000000
28845  -27.917  -47.678  40.058 0.0000000000
28862  -27.961  -46.961  39.586 0.0000000000
29591  -28.402  -46.249  39.914 0.0000000000
30304  -28.719  -45.490  40.461 0.0000000000
33849  -32.200  -41.063  32.976 0.0000000000
34610  -34.092  -40.087  31.645 0.0000000000
33167  -34.459  -41.500  33.642 0.0000000000
33149  -34.851  -41.877  34.292 0.0000000000
32457  -34.320  -42.447  34.767 0.0000000000
32460  -37.074  -42.275  35.077 0.0000000000
32459  -36.168  -42.344  35.029 0.0000000000
32422  -37.140  -43.409  36.142 0.0000000000
32423  -37.977  -43.016  36.099 0.0000000000
33132  -39.512  -41.856  35.537 0.0000000000
32441  -38.688  -42.472  35.760 0.0000000000
33115  -40.203  -41.886  36.650 0.0000000000
33868  -39.052  -39.995  32.908 0.0000000000
33855  -39.342  -40.317  33.563 0.0000000000
33835  -40.531  -40.595  34.468 0.0000000000
33818  -41.598  -40.572  35.631 0.0000000000
34571  -42.146  -39.959  35.448 0.0000000000
34572  -42.855  -39.339  35.736 0.0000000000
28160  -23.242  -48.976  41.192 0.0000000000
42859  -45.659  -29.194  34.900 0.0000000000
42860  -46.260  -29.411  35.369 0.0000000000
43714  -45.502  -28.384  34.464 0.0000000000
43715  -46.178  -27.551  34.117 0.0000000000
43716  -47.345  -27.860  34.136 0.0000000000
44477  -46.800  -27.432  33.711 0.0000000000
44526  -44.436  -27.050  30.646 0.0000000000
95505  -44.239  -26.859  31.464 0.0000000000
44527  -45.226  -27.266  31.176 0.0000000000
44505  -46.837  -27.181  32.082 0.0000000000
98806  -47.530  -27.035  32.690 0.0000000000
98354  -48.460  -26.741  32.630 0.0000000000
99794  -49.338  -26.435  31.407 0.0000000000
46761  -50.208  -23.454  22.203 0.0000000000
46747  -50.011  -24.299  22.614 0.0000000000
46748  -51.009  -24.100  22.717 0.0000000000
46749  -51.741  -23.481  23.427 0.0000000000
48268  -51.700  -21.545  22.053 0.0000000000
47494  -51.526  -22.354  22.271 0.0000000000
104046  -8.748  -50.400  53.699 0.0000000000
26549  -7.973  -50.453  53.390 0.0000000000
25798  -8.198  -50.979  53.416 0.0000000000
43846  -41.476  -27.117  23.501 0.0000000000
43838  -42.623  -27.798  24.254 0.0000000000
98698  -42.778  -26.680  23.002 0.0000000000
45310  -44.595  -25.947  22.043 0.0000000000
45324  -45.197  -25.578  21.408 0.0000000000
46062  -46.134  -25.239  21.004 0.0000000000
95295  -47.314  -22.987  19.423 0.0000000000
47509  -47.901  -23.331  19.697 0.0000000000
47510  -48.664  -22.961  19.685 0.0000000000
48289  -47.802  -21.769  18.915 0.0000000000
49763  -50.529  -19.879  19.472 0.0000000000
95328  -49.912  -18.655  18.249 0.0000000000
26587  -10.536  -50.000  49.516 0.0000000000
103717  -16.526  -51.158  48.650 0.0000000000
26608  -15.894  -51.338  47.969 0.0000000000
101245  -16.427  -51.054  49.366 0.0000000000
26579  -15.449  -50.829  50.688 0.0000000000
26592  -15.063  -50.977  49.662 0.0000000000
26591  -14.086  -50.932  49.275 0.0000000000
26578  -14.450  -50.771  50.469 0.0000000000
91388  -15.728  -52.071  52.061 0.0000000000
26559  -14.205  -50.897  52.083 0.0000000000
26567  -13.404  -50.821  51.892 0.0000000000
26566  -12.661  -50.734  51.616 0.0000000000
26577  -12.301  -50.655  50.808 0.0000000000
26558  -12.431  -50.781  52.233 0.0000000000
25802  -11.554  -51.082  53.067 0.0000000000
26557  -11.607  -50.302  52.705 0.0000000000
26553  -11.253  -50.458  53.087 0.0000000000
27380  -10.371  -49.746  52.863 0.0000000000
90663  -10.487  -50.213  53.377 0.0000000000
26552  -9.687  -50.242  53.711 0.0000000000
25800  -9.940  -50.854  53.572 0.0000000000
97400  -10.002  -53.680  53.128 0.0000000000
38995  -46.324  -33.237  36.733 0.0000000000
39659  -47.068  -32.585  36.732 0.0000000000
39658  -46.344  -32.568  36.467 0.0000000000
94572  -44.074  -37.262  35.242 0.0000000000
36025  -44.321  -37.133  36.075 0.0000000000
36808  -44.365  -36.479  35.335 0.0000000000
98289  -44.815  -35.028  35.656 0.0000000000
92200  -45.055  -32.917  32.643 0.0000000000
39014  -45.153  -33.148  34.272 0.0000000000
94114  -45.305  -32.828  35.312 0.0000000000
100600  -45.641  -32.876  36.062 0.0000000000
106733  -45.346  -32.164  35.253 0.0000000000
41180  -44.918  -30.734  35.143 0.0000000000
39680  -45.312  -31.489  35.375 0.0000000000
40378  -45.514  -30.736  35.613 0.0000000000
41172  -45.392  -30.128  35.372 0.0000000000
42002  -45.390  -29.501  35.012 0.0000000000
42883  -43.125  -28.194  33.196 0.0000000000
42872  -43.149  -27.656  32.998 0.0000000000
43721  -43.656  -27.600  33.164 0.0000000000
42028  -41.950  -28.636  32.015 0.0000000000
42891  -41.169  -27.877  32.058 0.0000000000
44499  -40.072  -26.887  31.197 0.0000000000
44500  -41.027  -26.915  31.464 0.0000000000
95061  -41.901  -26.900  31.807 0.0000000000
43763  -40.548  -27.383  29.286 0.0000000000
91180  -37.444  -28.669  29.196 0.0000000000
43777  -37.230  -27.715  28.632 0.0000000000
94120  -37.772  -27.445  28.423 0.0000000000
43795  -37.510  -27.687  27.243 0.0000000000
26674  -26.103  -50.377  42.737 0.0000000000
26677  -29.134  -50.680  42.489 0.0000000000
32433  -27.580  -42.311  35.673 0.0000000000
31725  -27.797  -42.989  37.356 0.0000000000
90662  -28.609  -42.496  39.256 0.0000000000
31711  -28.127  -42.944  38.726 0.0000000000
31003  -28.794  -43.702  40.233 0.0000000000
31675  -28.960  -42.759  40.113 0.0000000000
33847  -30.197  -40.844  33.295 0.0000000000
33833  -29.960  -41.349  34.511 0.0000000000
33815  -29.353  -41.611  35.300 0.0000000000
33114  -29.874  -41.783  35.963 0.0000000000
32404  -31.224  -42.546  37.095 0.0000000000
90082  -29.483  -41.893  37.795 0.0000000000
33090  -29.722  -42.014  38.805 0.0000000000
99636  -30.737  -42.696  40.566 0.0000000000
33076  -29.671  -42.155  40.073 0.0000000000
32366  -30.124  -42.447  40.506 0.0000000000
32355  -30.265  -43.091  40.909 0.0000000000
31639  -30.842  -44.174  41.861 0.0000000000
31657  -30.795  -43.559  41.465 0.0000000000
32346  -32.513  -43.771  41.795 0.0000000000
31641  -32.224  -44.097  42.034 0.0000000000
31626  -32.750  -44.479  42.476 0.0000000000
31659  -34.298  -43.181  42.043 0.0000000000
32407  -39.070  -42.922  37.358 0.0000000000
27452  -15.481  -49.516  44.384 0.0000000000
97056  -16.168  -49.576  44.182 0.0000000000
28156  -19.267  -48.643  41.341 0.0000000000
28143  -19.035  -48.770  42.199 0.0000000000
28141  -17.397  -48.653  42.378 0.0000000000
28822  -16.993  -48.061  41.677 0.0000000000
94463  -17.211  -50.065  45.001 0.0000000000
26636  -17.939  -50.495  46.565 0.0000000000
27425  -18.473  -50.033  46.107 0.0000000000
27429  -22.490  -50.643  46.206 0.0000000000
98741  -47.829  -29.928  35.411 0.0000000000
102275  -42.986  -28.755  26.029 0.0000000000
42950  -44.485  -28.482  26.616 0.0000000000
42941  -45.771  -28.415  27.445 0.0000000000
43829  -46.375  -27.397  25.863 0.0000000000
43828  -45.519  -27.542  25.593 0.0000000000
43803  -47.813  -28.161  27.438 0.0000000000
42929  -47.200  -28.472  28.027 0.0000000000
91133  -50.209  -26.682  28.997 0.0000000000
46034  -49.501  -24.690  23.235 0.0000000000
46020  -48.923  -24.966  23.883 0.0000000000
45278  -50.467  -25.341  25.651 0.0000000000
45268  -50.861  -25.592  26.473 0.0000000000
52028  -51.779  -16.897  18.775 0.0000000000
51227  -51.826  -16.637  20.022 0.0000000000
52047  -51.696  -16.203  17.689 0.0000000000
52829  -52.479  -15.578  18.554 0.0000000000
52823  -53.120  -14.842  19.768 0.0000000000
53562  -53.988  -14.242  20.340 0.0000000000
53570  -54.234  -13.684  18.861 0.0000000000
54297  -55.848  -12.964  19.656 0.0000000000
53603  -52.612  -14.732  15.543 0.0000000000
53593  -54.047  -14.515  16.579 0.0000000000
54323  -56.003  -12.895  17.006 0.0000000000
54309  -55.269  -13.179  17.594 0.0000000000
54304  -56.972  -13.106  18.738 0.0000000000
54356  -57.234  -12.869  15.033 0.0000000000
34641  -36.161  -39.395  30.487 0.0000000000
35347  -36.706  -38.743  29.906 0.0000000000
102149  -37.314  -39.014  30.241 0.0000000000
100673  -41.843  -28.001  28.174 0.0000000000
43781  -42.382  -27.735  28.828 0.0000000000
43799  -42.718  -28.173  28.005 0.0000000000
42938  -43.099  -28.666  27.232 0.0000000000
48985  -50.997  -20.064  20.873 0.0000000000
88363  -51.359  -19.800  21.251 0.0000000000
50492  -54.328  -18.344  23.091 0.0000000000
51209  -54.641  -17.619  23.083 0.0000000000
50500  -53.571  -17.947  22.473 0.0000000000
51214  -52.747  -17.479  21.779 0.0000000000
27451  -14.610  -49.396  44.538 0.0000000000
27436  -14.304  -49.921  45.218 0.0000000000
40416  -41.886  -31.010  30.142 0.0000000000
41210  -41.575  -30.265  30.526 0.0000000000
42059  -39.118  -29.200  29.790 0.0000000000
26650  -24.954  -50.349  45.911 0.0000000000
28833  -29.575  -47.280  41.994 0.0000000000
91429  -29.707  -48.135  42.418 0.0000000000
28823  -30.065  -47.429  42.902 0.0000000000
30282  -31.143  -45.836  42.647 0.0000000000
31743  -35.390  -43.729  36.873 0.0000000000
31728  -35.522  -43.813  37.792 0.0000000000
31713  -35.518  -43.609  38.677 0.0000000000
27469  -22.917  -49.741  43.631 0.0000000000
27459  -22.874  -50.030  44.551 0.0000000000
45298  -46.032  -25.877  22.681 0.0000000000
44604  -46.102  -25.965  23.621 0.0000000000
89896  -43.029  -38.669  34.239 0.0000000000
36056  -43.150  -37.676  31.717 0.0000000000
37711  -41.739  -36.273  29.727 0.0000000000
36885  -42.417  -36.496  30.149 0.0000000000
37727  -42.087  -34.898  29.582 0.0000000000
90732  -23.655  -48.778  40.377 0.0000000000
29605  -25.877  -46.853  38.068 0.0000000000
99934  -27.880  -45.471  38.728 0.0000000000
105948  -28.176  -44.765  38.971 0.0000000000
34612  -36.068  -40.120  31.911 0.0000000000
33864  -35.550  -40.606  32.491 0.0000000000
33853  -35.986  -40.960  33.227 0.0000000000
33150  -35.784  -41.869  34.387 0.0000000000
107357  -37.174  -41.817  34.653 0.0000000000
32440  -37.880  -42.391  35.376 0.0000000000
34617  -40.339  -39.239  32.637 0.0000000000
33856  -40.195  -40.204  33.777 0.0000000000
34601  -40.687  -39.604  33.350 0.0000000000
34588  -41.822  -39.678  34.422 0.0000000000
89854  -44.193  -27.725  33.513 0.0000000000
44480  -44.780  -27.534  33.503 0.0000000000
44490  -45.309  -27.228  32.872 0.0000000000
43751  -45.869  -27.666  30.485 0.0000000000
44529  -47.309  -27.355  31.369 0.0000000000
44530  -48.643  -26.955  30.724 0.0000000000
48260  -53.291  -21.064  23.169 0.0000000000
47485  -53.301  -21.690  23.880 0.0000000000
53551  -55.881  -14.601  21.500 0.0000000000
95140  -43.030  -25.677  21.889 0.0000000000
46776  -46.165  -23.707  19.878 0.0000000000
106474  -47.757  -20.433  18.683 0.0000000000
48993  -49.498  -20.863  18.865 0.0000000000
26602  -10.715  -50.146  48.887 0.0000000000
26580  -16.447  -50.981  51.041 0.0000000000
106786  -16.424  -50.996  51.717 0.0000000000
26569  -15.755  -50.888  51.645 0.0000000000
25032  -14.519  -52.109  52.461 0.0000000000
25803  -13.139  -51.600  52.535 0.0000000000
26554  -12.574  -51.205  52.500 0.0000000000
94795  -12.206  -51.500  52.763 0.0000000000
97241  -11.431  -51.633  53.199 0.0000000000
25028  -10.959  -52.093  53.390 0.0000000000
24218  -10.935  -53.172  52.678 0.0000000000
36828  -44.499  -36.222  34.252 0.0000000000
37650  -44.805  -35.384  33.938 0.0000000000
40411  -44.606  -31.835  31.604 0.0000000000
93027  -44.916  -32.264  32.739 0.0000000000
88542  -44.733  -30.644  34.288 0.0000000000
44522  -39.909  -26.827  30.799 0.0000000000
26675  -27.129  -50.705  42.498 0.0000000000
25867  -29.641  -51.332  43.093 0.0000000000
33812  -27.852  -41.431  35.246 0.0000000000
32386  -28.076  -42.492  37.457 0.0000000000
32402  -28.372  -42.205  37.544 0.0000000000
33081  -28.768  -42.016  38.915 0.0000000000
33145  -31.163  -41.666  34.522 0.0000000000
33128  -31.189  -41.901  35.246 0.0000000000
32405  -32.297  -42.960  37.098 0.0000000000
32388  -30.430  -42.228  39.286 0.0000000000
32367  -31.490  -43.098  41.027 0.0000000000
32356  -32.396  -43.462  41.460 0.0000000000
32347  -33.135  -43.629  42.018 0.0000000000
27482  -19.571  -49.043  42.680 0.0000000000
28130  -18.822  -49.048  43.087 0.0000000000
27464  -17.388  -49.336  43.711 0.0000000000
27465  -18.280  -49.346  43.804 0.0000000000
27455  -18.733  -49.652  44.576 0.0000000000
27440  -19.029  -49.879  45.478 0.0000000000
26628  -23.551  -51.399  47.237 0.0000000000
26627  -22.621  -51.392  47.658 0.0000000000
42959  -43.342  -28.579  25.615 0.0000000000
42961  -45.011  -28.170  26.090 0.0000000000
44562  -47.159  -27.312  26.071 0.0000000000
43815  -48.360  -27.679  26.868 0.0000000000
98491  -48.714  -27.795  27.738 0.0000000000
44551  -50.911  -26.050  28.740 0.0000000000
46022  -50.712  -24.667  24.203 0.0000000000
46011  -51.076  -24.615  25.243 0.0000000000
53569  -53.564  -14.231  19.334 0.0000000000
54352  -52.929  -13.772  14.604 0.0000000000
53612  -53.796  -14.264  15.014 0.0000000000
54324  -57.104  -12.759  16.723 0.0000000000
55043  -57.871  -12.877  14.231 0.0000000000
89287  -41.757  -38.620  32.217 0.0000000000
36063  -41.921  -38.081  30.875 0.0000000000
36073  -41.697  -37.772  30.430 0.0000000000
36072  -40.862  -37.748  30.145 0.0000000000
36894  -40.918  -36.352  29.418 0.0000000000
30340  -26.197  -45.232  36.383 0.0000000000
34639  -34.393  -39.188  30.514 0.0000000000
34626  -34.762  -39.823  31.009 0.0000000000
92495  -37.934  -40.564  33.275 0.0000000000
106436  -38.290  -40.652  33.624 0.0000000000
34616  -39.549  -39.563  32.377 0.0000000000
44525  -43.754  -26.956  30.272 0.0000000000
88896  -43.807  -27.345  29.369 0.0000000000
43766  -44.559  -27.324  29.873 0.0000000000
43784  -45.828  -27.979  28.900 0.0000000000
104464  -52.420  -21.127  22.507 0.0000000000
52809  -54.543  -15.345  21.687 0.0000000000
27435  -13.388  -49.747  45.392 0.0000000000
27434  -12.543  -49.357  45.715 0.0000000000
27413  -12.950  -50.305  47.058 0.0000000000
26605  -12.970  -50.865  48.297 0.0000000000
38395  -44.641  -34.697  31.270 0.0000000000
93727  -44.953  -34.249  31.860 0.0000000000
39038  -44.800  -33.715  31.464 0.0000000000
40418  -43.639  -31.909  30.587 0.0000000000
42036  -41.117  -28.797  31.683 0.0000000000
42044  -40.962  -29.552  31.099 0.0000000000
103249  -40.457  -28.820  31.364 0.0000000000
28164  -28.094  -49.112  41.204 0.0000000000
102503  -30.458  -50.020  43.459 0.0000000000
99288  -30.490  -48.024  43.413 0.0000000000
32456  -33.475  -42.371  34.743 0.0000000000
32455  -32.696  -42.257  34.850 0.0000000000
105816  -33.096  -42.676  35.261 0.0000000000
32436  -33.242  -43.018  35.923 0.0000000000
32419  -33.105  -43.238  36.715 0.0000000000
31742  -34.468  -43.525  36.607 0.0000000000
31741  -33.821  -43.496  37.099 0.0000000000
32406  -33.125  -43.302  37.526 0.0000000000
32391  -33.147  -43.200  38.439 0.0000000000
88561  -33.085  -43.190  39.443 0.0000000000
32369  -33.276  -43.166  40.640 0.0000000000
105003  -33.835  -43.168  39.857 0.0000000000
32370  -34.347  -42.999  40.626 0.0000000000
31660  -35.009  -42.975  41.606 0.0000000000
31661  -35.724  -43.360  41.914 0.0000000000
28170  -19.563  -48.418  40.501 0.0000000000
28157  -20.068  -48.766  41.125 0.0000000000
27483  -20.473  -49.264  42.711 0.0000000000
93292  -20.342  -49.852  44.873 0.0000000000
27442  -20.854  -50.270  45.569 0.0000000000
27443  -21.812  -50.328  45.506 0.0000000000
44589  -43.948  -27.063  23.835 0.0000000000
44577  -46.075  -26.723  25.073 0.0000000000
52045  -50.457  -16.600  17.412 0.0000000000
52838  -50.663  -15.905  17.056 0.0000000000
55052  -54.952  -12.587  12.800 0.0000000000
26622  -16.180  -51.025  47.151 0.0000000000
101705  -17.232  -51.005  48.563 0.0000000000
26571  -17.915  -51.364  50.951 0.0000000000
94097  -44.080  -37.456  33.824 0.0000000000
37683  -44.627  -35.851  32.300 0.0000000000
103784  -44.511  -35.608  31.479 0.0000000000
36876  -43.691  -36.983  31.172 0.0000000000
36886  -43.326  -36.471  30.563 0.0000000000
37699  -44.279  -35.385  30.914 0.0000000000
39042  -43.527  -33.507  30.300 0.0000000000
27471  -24.775  -49.727  43.328 0.0000000000
94722  -25.067  -49.319  42.636 0.0000000000
27499  -26.331  -49.402  41.585 0.0000000000
28858  -25.008  -48.067  39.124 0.0000000000
99925  -26.900  -48.639  40.496 0.0000000000
28179  -28.568  -47.865  40.666 0.0000000000
30297  -29.114  -45.587  41.353 0.0000000000
30996  -29.073  -44.790  41.094 0.0000000000
91697  -31.323  -39.841  32.011 0.0000000000
33165  -32.645  -41.525  33.567 0.0000000000
33862  -33.577  -40.649  32.345 0.0000000000
33166  -33.528  -41.559  33.563 0.0000000000
32438  -35.669  -42.971  35.531 0.0000000000
32421  -36.190  -43.630  36.261 0.0000000000
31744  -36.972  -43.787  36.736 0.0000000000
31746  -38.376  -43.276  36.769 0.0000000000
33116  -40.855  -41.495  36.762 0.0000000000
33816  -39.999  -41.130  34.954 0.0000000000
33804  -42.050  -41.105  36.848 0.0000000000
34561  -42.731  -40.027  36.253 0.0000000000
28185  -19.952  -48.157  39.594 0.0000000000
107382  -20.970  -48.713  40.353 0.0000000000
91519  -21.465  -48.880  40.719 0.0000000000
28173  -22.013  -48.806  40.405 0.0000000000
41996  -46.452  -29.678  35.678 0.0000000000
93469  -46.160  -28.081  34.491 0.0000000000
43707  -46.892  -28.527  34.758 0.0000000000
43717  -47.517  -28.408  34.385 0.0000000000
44503  -44.798  -27.046  32.099 0.0000000000
88945  -47.397  -27.144  33.135 0.0000000000
46049  -47.488  -25.075  21.911 0.0000000000
46032  -47.821  -24.930  22.936 0.0000000000
46035  -50.434  -24.587  23.297 0.0000000000
46738  -52.207  -23.320  24.688 0.0000000000
27378  -8.383  -49.785  53.370 0.0000000000
42947  -40.824  -28.807  26.162 0.0000000000
42957  -41.455  -28.759  25.456 0.0000000000
42969  -42.073  -28.391  24.812 0.0000000000
43848  -43.131  -27.215  23.661 0.0000000000
44602  -44.431  -26.662  23.142 0.0000000000
45309  -43.849  -25.839  22.010 0.0000000000
102955  -44.764  -26.329  22.570 0.0000000000
46048  -46.720  -25.330  21.500 0.0000000000
46064  -48.168  -24.618  21.184 0.0000000000
46769  -48.766  -23.936  20.771 0.0000000000
47514  -47.077  -22.349  19.143 0.0000000000
47517  -49.387  -22.577  19.745 0.0000000000
48274  -49.968  -22.312  20.505 0.0000000000
48292  -50.217  -20.847  19.392 0.0000000000
48984  -50.676  -20.483  20.231 0.0000000000
50505  -51.227  -18.444  20.761 0.0000000000
51242  -49.206  -17.159  17.698 0.0000000000
26621  -15.267  -51.146  47.276 0.0000000000
91038  -15.012  -51.437  48.105 0.0000000000
103862  -14.191  -51.230  48.293 0.0000000000
26606  -13.533  -50.984  48.519 0.0000000000
26590  -13.035  -50.814  49.144 0.0000000000
25809  -16.365  -51.494  51.791 0.0000000000
102030  -15.550  -50.996  52.080 0.0000000000
25808  -14.647  -51.641  52.411 0.0000000000
26560  -14.874  -51.113  52.164 0.0000000000
106656  -13.863  -50.750  50.768 0.0000000000
94420  -12.711  -50.635  50.067 0.0000000000
99458  -12.023  -50.452  50.054 0.0000000000
26576  -11.482  -50.349  50.578 0.0000000000
27373  -9.144  -49.870  53.875 0.0000000000
97369  -9.296  -50.505  53.658 0.0000000000
25799  -8.870  -51.271  53.464 0.0000000000
25027  -10.091  -52.496  53.515 0.0000000000
25026  -9.071  -52.409  53.454 0.0000000000
36012  -44.650  -37.336  36.769 0.0000000000
95846  -45.024  -34.340  32.593 0.0000000000
105372  -45.133  -33.946  34.139 0.0000000000
38349  -45.037  -34.297  35.758 0.0000000000
103670  -45.407  -34.039  36.357 0.0000000000
38999  -45.843  -33.345  36.615 0.0000000000
39668  -45.745  -32.403  36.307 0.0000000000
97580  -46.275  -31.949  36.213 0.0000000000
40368  -46.024  -30.813  35.886 0.0000000000
91068  -45.642  -29.897  35.392 0.0000000000
42867  -45.034  -28.673  34.488 0.0000000000
42874  -44.414  -28.278  33.901 0.0000000000
44487  -42.668  -26.994  32.229 0.0000000000
42882  -42.576  -28.393  32.596 0.0000000000
43731  -42.560  -27.401  32.405 0.0000000000
105066  -42.166  -27.138  32.118 0.0000000000
44501  -42.459  -26.742  31.604 0.0000000000
43764  -41.500  -27.522  29.033 0.0000000000
43811  -40.244  -28.448  26.907 0.0000000000
40425  -39.900  -30.827  28.724 0.0000000000
43760  -38.415  -27.641  29.678 0.0000000000
43778  -38.356  -27.451  29.004 0.0000000000
43797  -39.642  -27.956  27.762 0.0000000000
106920  -38.440  -27.975  26.723 0.0000000000
26657  -25.468  -50.724  44.716 0.0000000000
97034  -28.526  -50.453  42.115 0.0000000000
101733  -26.453  -44.673  36.086 0.0000000000
31017  -28.172  -43.925  38.857 0.0000000000
101761  -28.396  -44.280  39.584 0.0000000000
31004  -29.122  -44.111  40.813 0.0000000000
30997  -29.620  -44.127  41.569 0.0000000000
105489  -30.073  -41.128  33.895 0.0000000000
33846  -29.424  -40.946  33.981 0.0000000000
33802  -28.844  -41.694  36.179 0.0000000000
32434  -31.507  -42.300  35.685 0.0000000000
88486  -30.787  -41.991  35.671 0.0000000000
33103  -30.856  -42.266  36.279 0.0000000000
33113  -29.275  -41.761  36.336 0.0000000000
94617  -28.946  -41.778  37.493 0.0000000000
33089  -29.017  -41.767  38.465 0.0000000000
33083  -29.814  -42.029  39.660 0.0000000000
30985  -30.222  -44.553  42.098 0.0000000000
30291  -30.786  -45.250  42.492 0.0000000000
30977  -31.698  -45.205  42.620 0.0000000000
31640  -31.427  -44.097  41.823 0.0000000000
30987  -31.888  -44.574  42.329 0.0000000000
97609  -33.525  -43.879  42.442 0.0000000000
28155  -18.457  -48.487  41.595 0.0000000000
28127  -16.067  -49.064  42.920 0.0000000000
27463  -16.537  -49.314  43.642 0.0000000000
26647  -16.746  -50.314  45.647 0.0000000000
106504  -17.203  -50.494  46.251 0.0000000000
100690  -43.537  -28.691  26.418 0.0000000000
42939  -44.010  -28.585  27.178 0.0000000000
43813  -46.702  -27.922  26.535 0.0000000000
42952  -46.210  -28.353  26.977 0.0000000000
42942  -46.507  -28.441  27.559 0.0000000000
43770  -48.411  -27.430  29.762 0.0000000000
44544  -49.325  -26.645  30.347 0.0000000000
43771  -49.366  -27.115  29.342 0.0000000000
45301  -48.093  -25.091  23.710 0.0000000000
45287  -48.430  -25.436  24.435 0.0000000000
44566  -50.436  -26.310  26.911 0.0000000000
44558  -50.758  -26.406  27.791 0.0000000000
103726  -52.132  -17.081  20.991 0.0000000000
52023  -53.474  -15.908  21.159 0.0000000000
52817  -54.687  -14.439  21.267 0.0000000000
53556  -55.510  -14.148  21.258 0.0000000000
103874  -55.627  -13.633  20.804 0.0000000000
53564  -56.153  -13.371  20.373 0.0000000000
54302  -55.264  -13.090  18.630 0.0000000000
54303  -56.299  -12.869  19.058 0.0000000000
25801  -10.534  -51.588  53.525 0.0000000000
25807  -14.047  -51.379  52.370 0.0000000000
27375  -10.874  -50.003  53.101 0.0000000000
28192  -26.370  -48.038  39.650 0.0000000000
30986  -31.131  -44.688  42.296 0.0000000000
31642  -32.998  -44.038  42.261 0.0000000000
31710  -27.927  -42.735  38.090 0.0000000000
101539  -14.958  -50.846  51.868 0.0000000000
106530  -31.723  -42.819  39.374 0.0000000000
