#!ascii label  , from subject OASIS_0001 vox2ras=TkReg
617
24299  -20.830  -53.419  45.295 0.0000000000
35276  -44.255  -39.108  36.657 0.0000000000
41165  -46.495  -30.257  35.913 0.0000000000
44510  -51.850  -26.275  31.488 0.0000000000
33117  -41.412  -41.498  37.151 0.0000000000
43725  -49.298  -27.126  33.355 0.0000000000
46727  -52.853  -23.073  25.685 0.0000000000
48262  -54.303  -21.214  23.689 0.0000000000
33837  -46.616  -40.778  34.605 0.0000000000
36830  -48.120  -36.876  33.872 0.0000000000
37628  -45.593  -35.163  37.100 0.0000000000
25061  -24.688  -52.699  47.312 0.0000000000
24304  -28.122  -54.034  45.461 0.0000000000
25859  -30.978  -51.144  43.380 0.0000000000
28811  -32.871  -47.515  43.038 0.0000000000
30299  -37.009  -44.568  41.532 0.0000000000
30312  -40.324  -44.758  39.432 0.0000000000
103491  -44.366  -44.081  36.578 0.0000000000
39034  -50.641  -33.960  32.017 0.0000000000
48269  -55.458  -20.538  22.624 0.0000000000
33797  -45.532  -39.672  36.709 0.0000000000
36013  -46.670  -37.873  37.127 0.0000000000
36785  -45.098  -36.843  37.174 0.0000000000
26640  -24.745  -50.729  46.270 0.0000000000
24277  -26.528  -53.613  46.291 0.0000000000
31680  -37.646  -43.657  41.007 0.0000000000
30306  -38.945  -44.599  40.444 0.0000000000
31699  -39.047  -43.525  40.330 0.0000000000
34551  -43.134  -40.328  36.722 0.0000000000
33094  -42.633  -41.957  37.930 0.0000000000
33108  -44.485  -40.767  36.943 0.0000000000
32427  -45.468  -42.691  35.364 0.0000000000
39001  -47.739  -33.654  36.368 0.0000000000
37652  -49.118  -34.544  33.467 0.0000000000
91374  -48.425  -32.282  34.835 0.0000000000
44483  -50.324  -26.313  33.026 0.0000000000
42031  -50.530  -29.705  32.385 0.0000000000
42905  -52.251  -28.875  30.641 0.0000000000
42064  -53.325  -29.014  29.123 0.0000000000
46025  -55.155  -23.839  25.473 0.0000000000
46006  -54.387  -23.591  27.388 0.0000000000
32407  -39.070  -42.922  37.358 0.0000000000
44544  -49.325  -26.645  30.347 0.0000000000
47475  -53.919  -21.982  24.844 0.0000000000
89749  -54.828  -23.050  23.304 0.0000000000
47512  -55.297  -22.145  20.786 0.0000000000
33180  -46.407  -41.013  32.432 0.0000000000
35303  -47.445  -39.045  34.575 0.0000000000
36798  -47.496  -36.057  36.743 0.0000000000
23585  -22.857  -53.933  46.637 0.0000000000
92440  -27.854  -54.543  43.321 0.0000000000
25090  -28.944  -53.292  43.720 0.0000000000
23625  -29.919  -54.238  42.509 0.0000000000
102183  -32.104  -52.451  42.620 0.0000000000
26679  -34.139  -50.408  42.063 0.0000000000
28165  -34.552  -48.986  42.185 0.0000000000
30292  -34.578  -45.263  42.722 0.0000000000
29578  -36.824  -46.502  40.267 0.0000000000
32382  -40.594  -43.155  39.131 0.0000000000
30320  -42.456  -45.487  37.818 0.0000000000
30363  -42.734  -45.775  36.554 0.0000000000
31057  -43.776  -44.777  34.822 0.0000000000
32470  -45.073  -42.660  33.508 0.0000000000
103967  -48.961  -31.123  32.964 0.0000000000
45251  -52.823  -24.904  28.970 0.0000000000
44548  -53.512  -26.531  29.656 0.0000000000
88809  -21.532  -53.633  46.830 0.0000000000
102878  -45.062  -39.358  36.800 0.0000000000
35278  -45.402  -38.124  37.037 0.0000000000
35277  -44.636  -38.210  36.756 0.0000000000
89195  -37.299  -43.420  39.332 0.0000000000
31698  -38.156  -43.344  40.291 0.0000000000
32379  -38.848  -43.187  39.592 0.0000000000
34552  -43.812  -39.932  36.779 0.0000000000
33794  -43.391  -40.660  37.044 0.0000000000
93786  -44.142  -40.301  36.998 0.0000000000
33806  -45.115  -40.375  36.633 0.0000000000
39006  -48.384  -33.099  35.601 0.0000000000
40371  -47.739  -31.229  36.200 0.0000000000
44495  -51.179  -26.331  32.266 0.0000000000
43734  -51.214  -27.022  32.469 0.0000000000
42893  -52.353  -27.365  30.990 0.0000000000
42047  -52.650  -29.020  30.055 0.0000000000
43772  -53.036  -27.565  30.369 0.0000000000
45302  -53.784  -25.605  23.551 0.0000000000
45291  -54.942  -24.662  25.871 0.0000000000
44594  -53.775  -26.399  24.126 0.0000000000
47485  -53.301  -21.690  23.880 0.0000000000
47486  -54.142  -21.605  24.233 0.0000000000
89850  -55.006  -22.611  24.582 0.0000000000
46751  -54.894  -22.233  23.820 0.0000000000
46763  -54.982  -23.132  21.985 0.0000000000
46752  -55.134  -21.789  23.103 0.0000000000
48285  -55.400  -21.418  21.153 0.0000000000
33171  -46.657  -41.123  33.766 0.0000000000
93752  -47.239  -40.182  33.668 0.0000000000
34590  -47.213  -39.837  34.395 0.0000000000
36787  -46.399  -36.205  37.633 0.0000000000
98080  -47.263  -36.754  36.894 0.0000000000
37617  -46.647  -35.324  37.491 0.0000000000
98751  -46.716  -34.616  37.255 0.0000000000
38329  -46.150  -33.692  36.932 0.0000000000
23586  -23.800  -54.113  46.361 0.0000000000
24275  -25.115  -53.930  46.753 0.0000000000
24278  -27.165  -53.530  46.151 0.0000000000
26666  -30.395  -50.944  43.276 0.0000000000
90258  -29.750  -52.599  43.242 0.0000000000
24319  -29.531  -53.719  43.350 0.0000000000
24320  -30.223  -53.680  42.825 0.0000000000
24334  -31.314  -53.784  42.119 0.0000000000
25093  -31.416  -51.849  42.942 0.0000000000
28150  -33.275  -49.222  42.819 0.0000000000
27494  -34.417  -49.715  42.177 0.0000000000
28812  -33.857  -47.925  42.644 0.0000000000
31644  -36.068  -43.647  41.914 0.0000000000
30988  -34.583  -43.908  42.551 0.0000000000
30293  -35.446  -44.969  42.441 0.0000000000
29551  -35.154  -45.897  42.410 0.0000000000
29552  -35.849  -45.544  41.836 0.0000000000
29577  -35.967  -46.639  40.504 0.0000000000
29566  -37.170  -45.304  41.209 0.0000000000
30311  -39.575  -44.647  39.856 0.0000000000
29581  -39.023  -45.470  39.651 0.0000000000
29594  -39.888  -45.660  38.984 0.0000000000
30318  -40.835  -45.501  38.678 0.0000000000
33091  -40.239  -42.371  38.417 0.0000000000
33092  -40.920  -42.445  38.106 0.0000000000
31732  -43.408  -43.501  37.667 0.0000000000
31718  -42.806  -43.678  38.314 0.0000000000
31020  -43.345  -44.386  37.746 0.0000000000
30343  -42.848  -45.736  37.127 0.0000000000
30344  -43.405  -45.392  36.798 0.0000000000
31043  -44.324  -44.482  35.813 0.0000000000
33154  -46.196  -41.350  34.712 0.0000000000
32461  -45.633  -42.335  34.598 0.0000000000
94058  -46.148  -41.617  34.153 0.0000000000
32477  -45.999  -41.719  33.539 0.0000000000
25836  -23.890  -51.612  47.414 0.0000000000
25057  -23.870  -52.353  47.764 0.0000000000
92180  -22.945  -53.345  47.570 0.0000000000
35316  -48.068  -38.493  32.998 0.0000000000
36051  -48.541  -37.591  32.576 0.0000000000
38388  -50.523  -34.362  32.138 0.0000000000
42868  -47.866  -28.616  34.309 0.0000000000
42013  -48.101  -29.517  34.422 0.0000000000
42021  -49.055  -29.099  33.414 0.0000000000
41204  -50.708  -30.474  31.659 0.0000000000
41197  -50.471  -30.633  32.164 0.0000000000
45260  -54.375  -25.123  27.460 0.0000000000
45995  -53.793  -24.043  27.880 0.0000000000
45253  -53.668  -25.568  28.799 0.0000000000
45246  -53.089  -25.059  29.692 0.0000000000
44553  -53.698  -26.536  28.932 0.0000000000
106867  -54.083  -28.352  28.458 0.0000000000
48964  -54.051  -20.598  23.388 0.0000000000
48263  -54.983  -20.965  23.259 0.0000000000
48971  -54.557  -19.939  23.334 0.0000000000
49742  -55.182  -19.255  23.234 0.0000000000
33819  -46.351  -40.545  35.307 0.0000000000
34563  -46.916  -39.229  36.240 0.0000000000
34555  -46.265  -39.080  36.783 0.0000000000
35999  -46.076  -37.613  37.390 0.0000000000
37615  -45.269  -36.000  37.245 0.0000000000
25838  -24.963  -52.037  46.919 0.0000000000
24264  -25.251  -53.362  46.873 0.0000000000
25078  -27.398  -52.768  45.545 0.0000000000
31663  -37.444  -43.850  41.224 0.0000000000
30300  -37.624  -44.554  41.149 0.0000000000
31664  -38.256  -43.948  40.860 0.0000000000
31682  -39.284  -43.924  40.434 0.0000000000
31007  -39.705  -43.992  39.925 0.0000000000
33804  -42.050  -41.105  36.848 0.0000000000
33093  -41.730  -42.217  37.951 0.0000000000
33106  -42.944  -41.337  37.443 0.0000000000
33107  -43.296  -41.540  37.527 0.0000000000
32410  -44.355  -42.409  36.945 0.0000000000
31748  -45.064  -43.135  35.747 0.0000000000
32426  -45.070  -42.387  36.176 0.0000000000
33119  -45.822  -41.316  35.465 0.0000000000
26639  -23.980  -50.945  46.494 0.0000000000
104518  -47.945  -35.618  35.463 0.0000000000
36853  -48.740  -36.277  32.991 0.0000000000
38361  -48.670  -34.416  34.600 0.0000000000
101483  -49.104  -34.003  33.757 0.0000000000
39016  -49.330  -33.378  33.471 0.0000000000
44482  -49.779  -26.453  33.110 0.0000000000
42876  -49.665  -27.781  33.270 0.0000000000
42877  -50.451  -27.682  32.941 0.0000000000
42033  -51.276  -28.697  32.103 0.0000000000
46729  -54.615  -22.811  26.421 0.0000000000
46722  -54.155  -22.943  27.062 0.0000000000
46014  -55.217  -23.862  26.531 0.0000000000
45280  -54.763  -24.870  26.617 0.0000000000
105417  -43.390  -38.801  35.968 0.0000000000
34572  -42.855  -39.339  35.736 0.0000000000
97353  -47.003  -29.803  35.937 0.0000000000
44491  -48.309  -26.838  33.025 0.0000000000
44507  -49.313  -26.369  32.489 0.0000000000
44508  -50.079  -26.069  32.016 0.0000000000
44531  -50.296  -25.937  31.051 0.0000000000
46739  -53.370  -22.503  25.361 0.0000000000
46741  -55.037  -22.759  25.569 0.0000000000
46037  -54.966  -23.317  24.473 0.0000000000
45314  -53.841  -25.216  22.749 0.0000000000
47496  -55.432  -21.395  22.413 0.0000000000
47513  -55.578  -22.533  20.988 0.0000000000
33875  -47.216  -39.993  32.097 0.0000000000
34602  -47.592  -39.711  33.134 0.0000000000
103150  -47.867  -37.728  34.195 0.0000000000
35286  -47.315  -38.620  36.148 0.0000000000
36026  -47.513  -37.958  35.872 0.0000000000
36809  -47.695  -36.221  35.819 0.0000000000
37629  -47.743  -35.382  36.229 0.0000000000
38996  -46.722  -33.480  36.827 0.0000000000
36025  -44.321  -37.133  36.075 0.0000000000
37639  -44.576  -35.744  36.089 0.0000000000
39005  -45.361  -33.516  35.947 0.0000000000
95896  -22.237  -53.919  46.230 0.0000000000
23595  -22.942  -54.127  45.903 0.0000000000
24343  -28.023  -54.217  41.786 0.0000000000
25855  -27.173  -51.822  43.860 0.0000000000
25088  -27.734  -52.589  44.561 0.0000000000
25080  -28.490  -53.715  44.673 0.0000000000
23618  -29.207  -54.472  43.222 0.0000000000
97875  -32.772  -53.498  41.078 0.0000000000
25872  -33.838  -52.366  41.064 0.0000000000
93021  -33.138  -45.821  42.795 0.0000000000
30980  -33.710  -44.524  42.764 0.0000000000
29543  -33.793  -46.188  42.698 0.0000000000
28813  -34.397  -47.192  42.492 0.0000000000
89855  -34.664  -48.078  42.076 0.0000000000
29567  -37.744  -45.360  40.745 0.0000000000
102865  -39.531  -42.922  39.165 0.0000000000
32381  -39.961  -43.155  39.391 0.0000000000
31702  -40.842  -43.785  39.249 0.0000000000
32396  -41.985  -42.508  38.375 0.0000000000
101842  -41.497  -43.961  38.943 0.0000000000
30319  -41.539  -45.348  38.427 0.0000000000
30328  -41.888  -45.907  37.764 0.0000000000
29658  -41.499  -46.432  36.577 0.0000000000
31069  -43.553  -44.399  34.140 0.0000000000
31769  -44.713  -43.703  35.316 0.0000000000
31777  -44.610  -43.319  33.982 0.0000000000
31785  -44.340  -42.953  33.260 0.0000000000
32475  -44.804  -42.442  32.779 0.0000000000
24274  -22.215  -53.726  46.921 0.0000000000
41174  -47.838  -30.356  35.841 0.0000000000
40386  -48.415  -31.430  33.831 0.0000000000
40396  -50.286  -32.262  32.568 0.0000000000
42022  -50.011  -29.701  32.688 0.0000000000
40403  -50.381  -31.618  32.355 0.0000000000
91695  -50.613  -33.320  32.129 0.0000000000
44545  -50.060  -26.123  29.971 0.0000000000
44532  -51.387  -25.376  30.962 0.0000000000
46004  -52.553  -24.047  26.930 0.0000000000
45269  -51.768  -24.778  26.970 0.0000000000
44552  -52.134  -25.042  29.508 0.0000000000
106198  -52.810  -25.024  30.252 0.0000000000
95562  -53.203  -26.362  30.307 0.0000000000
43773  -53.503  -27.737  29.721 0.0000000000
95540  -44.936  -38.873  36.838 0.0000000000
31714  -36.345  -43.780  38.435 0.0000000000
105173  -38.099  -43.195  39.576 0.0000000000
95117  -37.993  -43.387  38.631 0.0000000000
34553  -44.523  -39.603  36.743 0.0000000000
40370  -47.037  -31.366  36.405 0.0000000000
39669  -47.481  -32.160  36.501 0.0000000000
41166  -46.897  -30.496  36.165 0.0000000000
43739  -51.768  -27.200  31.753 0.0000000000
44511  -52.624  -26.195  30.903 0.0000000000
47487  -54.585  -21.711  23.801 0.0000000000
33155  -46.612  -41.053  34.246 0.0000000000
33838  -46.905  -40.519  34.288 0.0000000000
33820  -46.873  -40.180  34.880 0.0000000000
37616  -45.972  -35.605  37.652 0.0000000000
92219  -46.200  -34.637  37.280 0.0000000000
38339  -45.758  -34.248  36.889 0.0000000000
24253  -24.137  -53.011  47.547 0.0000000000
24263  -24.624  -53.485  47.158 0.0000000000
25079  -27.662  -53.445  45.872 0.0000000000
24292  -27.613  -54.013  45.986 0.0000000000
94495  -30.342  -51.736  43.187 0.0000000000
25091  -30.132  -53.032  42.994 0.0000000000
97558  -30.545  -52.185  43.075 0.0000000000
25092  -30.991  -52.907  42.839 0.0000000000
93899  -33.105  -48.484  42.907 0.0000000000
28151  -34.117  -48.946  42.505 0.0000000000
30990  -36.656  -44.204  41.762 0.0000000000
30989  -35.894  -44.163  42.161 0.0000000000
30294  -36.305  -44.710  41.937 0.0000000000
29553  -36.599  -45.252  41.595 0.0000000000
29612  -40.599  -46.246  38.154 0.0000000000
33104  -40.722  -42.023  37.548 0.0000000000
98804  -41.392  -42.004  37.652 0.0000000000
31733  -44.058  -43.401  36.996 0.0000000000
31026  -43.832  -44.447  36.924 0.0000000000
93313  -43.785  -44.935  36.816 0.0000000000
31031  -43.848  -44.942  36.417 0.0000000000
31032  -44.151  -44.500  36.536 0.0000000000
32462  -45.828  -41.962  34.689 0.0000000000
25832  -24.284  -51.930  47.496 0.0000000000
25831  -23.450  -51.846  47.896 0.0000000000
24262  -23.825  -53.481  47.343 0.0000000000
36042  -48.148  -37.736  33.355 0.0000000000
104209  -48.592  -37.098  32.935 0.0000000000
39033  -50.527  -33.762  32.263 0.0000000000
37685  -50.619  -34.716  31.688 0.0000000000
38396  -50.654  -34.423  31.496 0.0000000000
43724  -48.211  -27.798  33.701 0.0000000000
101367  -48.151  -28.781  34.212 0.0000000000
42875  -48.688  -28.096  33.654 0.0000000000
46012  -51.996  -23.810  25.451 0.0000000000
44568  -54.328  -26.406  27.383 0.0000000000
45259  -53.922  -24.874  28.234 0.0000000000
92978  -46.301  -39.756  36.152 0.0000000000
35997  -45.095  -37.587  36.981 0.0000000000
35998  -45.553  -37.280  37.328 0.0000000000
36786  -45.728  -36.479  37.532 0.0000000000
25840  -24.875  -51.331  46.621 0.0000000000
25851  -26.848  -52.042  44.840 0.0000000000
93492  -37.153  -43.317  40.448 0.0000000000
31679  -36.967  -43.377  40.855 0.0000000000
31662  -36.731  -43.603  41.540 0.0000000000
31681  -38.897  -43.874  40.688 0.0000000000
31700  -39.522  -43.686  39.916 0.0000000000
33805  -42.596  -40.649  36.664 0.0000000000
33793  -42.645  -41.118  37.105 0.0000000000
33795  -43.717  -40.974  37.288 0.0000000000
91941  -43.996  -41.524  37.310 0.0000000000
103551  -44.629  -41.629  36.786 0.0000000000
33807  -45.738  -40.488  36.141 0.0000000000
26629  -24.321  -51.324  46.799 0.0000000000
37630  -47.765  -34.564  36.297 0.0000000000
106866  -48.256  -34.938  35.419 0.0000000000
38350  -48.253  -34.078  35.543 0.0000000000
96025  -48.694  -33.708  34.626 0.0000000000
39015  -48.693  -33.068  34.451 0.0000000000
39689  -48.930  -32.524  33.684 0.0000000000
43726  -50.104  -26.800  33.214 0.0000000000
43733  -50.756  -27.020  33.053 0.0000000000
42885  -51.617  -28.054  31.975 0.0000000000
93010  -51.671  -28.976  31.359 0.0000000000
41205  -51.258  -29.663  31.159 0.0000000000
42046  -51.942  -29.196  30.551 0.0000000000
46730  -55.202  -23.210  26.318 0.0000000000
46723  -54.895  -23.266  26.962 0.0000000000
44583  -54.336  -26.161  26.561 0.0000000000
44492  -49.258  -26.461  33.013 0.0000000000
44530  -48.643  -26.955  30.724 0.0000000000
99794  -49.338  -26.435  31.407 0.0000000000
46750  -52.771  -22.509  24.309 0.0000000000
46740  -54.318  -22.366  25.704 0.0000000000
103228  -54.270  -24.106  23.150 0.0000000000
46052  -54.432  -24.162  22.102 0.0000000000
33874  -46.689  -40.435  31.871 0.0000000000
90257  -46.902  -40.580  32.621 0.0000000000
35315  -47.613  -39.334  33.651 0.0000000000
35304  -47.808  -38.494  33.911 0.0000000000
36041  -47.594  -38.206  34.844 0.0000000000
35285  -46.844  -38.508  36.748 0.0000000000
34574  -47.151  -39.373  35.330 0.0000000000
95986  -47.494  -36.989  36.287 0.0000000000
36829  -47.586  -37.145  35.096 0.0000000000
37618  -47.312  -35.036  37.078 0.0000000000
38330  -46.435  -33.990  36.984 0.0000000000
38331  -46.894  -34.189  37.023 0.0000000000
24290  -22.306  -53.901  45.447 0.0000000000
23596  -24.423  -54.450  45.833 0.0000000000
24265  -25.866  -53.170  46.558 0.0000000000
24276  -25.792  -53.734  46.445 0.0000000000
23622  -26.916  -54.375  43.122 0.0000000000
24332  -27.539  -54.351  42.467 0.0000000000
23623  -28.436  -54.589  42.553 0.0000000000
24306  -28.859  -54.064  44.069 0.0000000000
23619  -29.738  -54.239  43.030 0.0000000000
23624  -29.193  -54.611  42.619 0.0000000000
88769  -29.688  -54.324  41.965 0.0000000000
25104  -31.727  -53.237  42.363 0.0000000000
24335  -32.273  -53.430  41.682 0.0000000000
96300  -32.255  -53.561  40.767 0.0000000000
25105  -32.733  -52.859  41.955 0.0000000000
26669  -33.460  -50.473  42.686 0.0000000000
25861  -32.982  -51.147  42.779 0.0000000000
25862  -33.751  -51.136  42.002 0.0000000000
25106  -33.588  -52.634  41.450 0.0000000000
25869  -33.881  -51.813  41.425 0.0000000000
26682  -34.034  -50.951  41.422 0.0000000000
27503  -34.516  -49.795  42.014 0.0000000000
27509  -34.478  -49.405  41.781 0.0000000000
30287  -34.787  -44.439  42.606 0.0000000000
30981  -34.130  -44.306  42.759 0.0000000000
30286  -34.010  -44.855  42.896 0.0000000000
30285  -33.694  -45.357  42.816 0.0000000000
99746  -34.043  -45.478  42.794 0.0000000000
29550  -34.452  -46.131  42.617 0.0000000000
29564  -35.445  -46.449  41.647 0.0000000000
29563  -34.845  -46.827  42.288 0.0000000000
28834  -34.972  -47.249  41.783 0.0000000000
28850  -36.291  -46.841  39.609 0.0000000000
30305  -38.254  -44.547  40.762 0.0000000000
32392  -38.946  -43.078  38.513 0.0000000000
92374  -39.663  -42.541  38.502 0.0000000000
32394  -40.401  -42.683  38.822 0.0000000000
32393  -39.916  -42.692  39.086 0.0000000000
31701  -40.111  -43.673  39.576 0.0000000000
107253  -42.171  -42.114  37.992 0.0000000000
31019  -42.774  -44.617  38.179 0.0000000000
31717  -42.147  -43.845  38.703 0.0000000000
31018  -41.939  -44.648  38.546 0.0000000000
29659  -42.178  -46.025  36.867 0.0000000000
29676  -41.923  -46.193  36.236 0.0000000000
31042  -43.859  -44.962  35.609 0.0000000000
31757  -45.116  -43.126  35.298 0.0000000000
31778  -45.176  -42.814  34.340 0.0000000000
33175  -46.168  -41.482  32.984 0.0000000000
33179  -45.748  -41.446  32.328 0.0000000000
24261  -22.556  -53.608  47.281 0.0000000000
37670  -48.947  -35.335  33.164 0.0000000000
36854  -49.634  -35.772  32.392 0.0000000000
42004  -47.211  -29.447  35.553 0.0000000000
41997  -47.467  -29.787  35.749 0.0000000000
41188  -48.488  -30.358  33.539 0.0000000000
41181  -48.041  -30.400  34.800 0.0000000000
40394  -49.504  -31.970  33.046 0.0000000000
42023  -50.172  -28.754  32.862 0.0000000000
40412  -50.585  -31.629  32.045 0.0000000000
39703  -50.505  -32.628  32.286 0.0000000000
39710  -50.705  -32.769  32.020 0.0000000000
105770  -50.706  -25.657  30.502 0.0000000000
44546  -51.079  -25.532  29.928 0.0000000000
46005  -53.537  -23.625  27.342 0.0000000000
45258  -53.265  -24.474  28.423 0.0000000000
45994  -52.843  -24.132  27.733 0.0000000000
45257  -52.202  -24.768  28.142 0.0000000000
45256  -51.246  -25.638  27.401 0.0000000000
44559  -51.542  -25.472  28.378 0.0000000000
101191  -52.194  -25.015  28.772 0.0000000000
45247  -53.388  -25.601  29.438 0.0000000000
44547  -53.177  -25.473  30.087 0.0000000000
94536  -52.709  -25.369  30.567 0.0000000000
34554  -45.539  -38.915  36.993 0.0000000000
36012  -44.650  -37.336  36.769 0.0000000000
33796  -44.791  -39.933  36.734 0.0000000000
39000  -47.266  -33.042  36.703 0.0000000000
39670  -47.866  -32.792  36.352 0.0000000000
92830  -48.130  -32.116  36.019 0.0000000000
44494  -50.604  -26.151  32.709 0.0000000000
105820  -50.758  -26.389  32.770 0.0000000000
42892  -52.059  -28.242  31.128 0.0000000000
42906  -52.675  -28.454  30.447 0.0000000000
42917  -53.197  -28.708  29.693 0.0000000000
45290  -54.241  -25.243  24.637 0.0000000000
47476  -54.510  -22.236  24.726 0.0000000000
99656  -55.090  -22.490  22.832 0.0000000000
46764  -55.364  -22.362  21.975 0.0000000000
48980  -55.601  -19.594  22.624 0.0000000000
48277  -55.539  -21.115  21.836 0.0000000000
95676  -55.610  -20.468  21.809 0.0000000000
33869  -46.640  -41.091  33.113 0.0000000000
100098  -46.967  -40.675  33.343 0.0000000000
33857  -46.893  -40.755  33.903 0.0000000000
36000  -46.729  -37.010  37.260 0.0000000000
36014  -47.254  -37.722  36.681 0.0000000000
36788  -47.064  -36.036  37.281 0.0000000000
23577  -23.407  -53.815  47.040 0.0000000000
23578  -24.340  -53.903  46.865 0.0000000000
23587  -24.850  -54.310  46.464 0.0000000000
23617  -28.119  -54.554  44.042 0.0000000000
24333  -30.439  -54.020  42.494 0.0000000000
24321  -30.917  -53.632  42.588 0.0000000000
27493  -33.811  -49.793  42.560 0.0000000000
28824  -34.518  -48.143  42.314 0.0000000000
31661  -35.724  -43.360  41.914 0.0000000000
90982  -35.215  -43.527  42.257 0.0000000000
103078  -35.310  -43.871  42.334 0.0000000000
29565  -36.329  -46.007  41.037 0.0000000000
100651  -37.194  -45.918  40.656 0.0000000000
91798  -41.009  -46.455  37.469 0.0000000000
32408  -39.894  -42.207  37.621 0.0000000000
32395  -41.148  -42.731  38.504 0.0000000000
32397  -42.699  -42.719  38.243 0.0000000000
30329  -43.386  -45.161  37.351 0.0000000000
30364  -43.338  -45.442  36.090 0.0000000000
31058  -44.329  -44.368  35.100 0.0000000000
32443  -45.784  -42.068  35.049 0.0000000000
32442  -45.562  -42.584  34.990 0.0000000000
32471  -45.653  -42.204  33.884 0.0000000000
92106  -46.373  -41.409  33.531 0.0000000000
26615  -23.026  -51.629  47.860 0.0000000000
25056  -23.089  -52.198  48.217 0.0000000000
37671  -49.826  -34.850  32.573 0.0000000000
37684  -50.415  -35.179  31.907 0.0000000000
42862  -47.320  -29.002  34.930 0.0000000000
42005  -47.594  -29.310  35.079 0.0000000000
42037  -50.913  -29.578  31.922 0.0000000000
45996  -54.336  -24.253  27.617 0.0000000000
45252  -53.346  -25.133  28.925 0.0000000000
43789  -53.816  -27.845  28.965 0.0000000000
48965  -54.398  -20.608  23.365 0.0000000000
48972  -55.157  -20.083  23.295 0.0000000000
34573  -46.788  -39.807  35.599 0.0000000000
35279  -46.147  -38.386  37.187 0.0000000000
98843  -46.090  -36.912  37.562 0.0000000000
25062  -25.317  -52.753  46.876 0.0000000000
25066  -25.709  -52.439  46.593 0.0000000000
25067  -26.474  -52.971  46.368 0.0000000000
25071  -26.996  -52.849  46.119 0.0000000000
29541  -32.360  -46.777  43.077 0.0000000000
31645  -36.790  -43.750  41.524 0.0000000000
30998  -37.293  -44.031  41.358 0.0000000000
30999  -37.960  -44.079  40.975 0.0000000000
31005  -38.788  -44.050  40.725 0.0000000000
92755  -38.485  -43.723  40.685 0.0000000000
99895  -39.317  -44.111  40.428 0.0000000000
31006  -39.689  -44.192  39.928 0.0000000000
31011  -40.385  -44.250  39.541 0.0000000000
33105  -41.958  -41.581  37.467 0.0000000000
101286  -42.343  -41.725  37.690 0.0000000000
32409  -43.486  -42.368  37.611 0.0000000000
31747  -44.703  -43.256  36.447 0.0000000000
33118  -45.256  -41.292  36.346 0.0000000000
32428  -45.594  -41.794  35.740 0.0000000000
25837  -24.478  -51.627  47.035 0.0000000000
36810  -47.928  -36.186  34.849 0.0000000000
92980  -48.408  -35.869  34.018 0.0000000000
105040  -48.262  -35.496  34.852 0.0000000000
37651  -48.622  -35.075  34.324 0.0000000000
38379  -49.877  -33.981  32.773 0.0000000000
39026  -50.249  -33.353  32.580 0.0000000000
42032  -50.823  -28.739  32.522 0.0000000000
42884  -51.056  -27.836  32.554 0.0000000000
46728  -53.835  -22.656  26.286 0.0000000000
46013  -52.963  -23.488  26.439 0.0000000000
46007  -54.903  -24.029  27.225 0.0000000000
35284  -43.929  -38.564  36.405 0.0000000000
36024  -43.793  -38.057  35.641 0.0000000000
102570  -41.370  -41.073  36.281 0.0000000000
34560  -42.120  -40.562  36.227 0.0000000000
34561  -42.731  -40.027  36.253 0.0000000000
34562  -43.468  -39.451  36.376 0.0000000000
41995  -46.104  -29.934  35.711 0.0000000000
42853  -46.798  -29.448  35.613 0.0000000000
42861  -46.863  -29.071  35.237 0.0000000000
43716  -47.345  -27.860  34.136 0.0000000000
44481  -48.914  -26.887  33.288 0.0000000000
44493  -49.993  -26.151  33.019 0.0000000000
44509  -51.112  -25.865  31.771 0.0000000000
46738  -52.207  -23.320  24.688 0.0000000000
46024  -54.162  -24.632  23.815 0.0000000000
44616  -54.304  -26.099  22.543 0.0000000000
47504  -55.450  -21.897  21.467 0.0000000000
33870  -47.325  -40.145  32.882 0.0000000000
34619  -47.685  -39.485  32.417 0.0000000000
34603  -47.874  -39.209  32.950 0.0000000000
35291  -47.408  -38.673  35.409 0.0000000000
38340  -47.315  -34.243  36.775 0.0000000000
103793  -47.115  -33.724  36.806 0.0000000000
40369  -46.507  -31.121  36.162 0.0000000000
102594  -44.214  -37.856  36.468 0.0000000000
106202  -44.430  -36.435  36.079 0.0000000000
36797  -44.660  -36.410  36.661 0.0000000000
37627  -44.911  -35.610  36.770 0.0000000000
38338  -45.068  -34.867  36.427 0.0000000000
103670  -45.407  -34.039  36.357 0.0000000000
38999  -45.843  -33.345  36.615 0.0000000000
24289  -21.569  -53.771  45.800 0.0000000000
24300  -21.590  -53.448  44.838 0.0000000000
96863  -28.061  -53.321  45.216 0.0000000000
23610  -28.572  -54.424  43.999 0.0000000000
23611  -29.165  -54.315  43.547 0.0000000000
97579  -28.658  -54.569  43.353 0.0000000000
23626  -30.850  -54.002  41.952 0.0000000000
25860  -31.922  -51.042  43.127 0.0000000000
102911  -32.356  -51.696  42.798 0.0000000000
26680  -34.367  -50.253  41.874 0.0000000000
27502  -34.283  -50.266  41.753 0.0000000000
105281  -32.973  -45.327  42.790 0.0000000000
31628  -33.927  -43.942  42.678 0.0000000000
95155  -33.491  -45.035  42.844 0.0000000000
95656  -33.641  -47.076  42.693 0.0000000000
104049  -34.666  -47.606  42.285 0.0000000000
29579  -37.658  -46.242  40.068 0.0000000000
29580  -38.340  -45.429  40.267 0.0000000000
32380  -39.468  -43.273  39.560 0.0000000000
100645  -42.194  -43.119  38.607 0.0000000000
31716  -41.442  -43.262  38.819 0.0000000000
31012  -41.134  -44.423  38.946 0.0000000000
30313  -40.835  -44.782  38.979 0.0000000000
29613  -41.360  -46.085  38.007 0.0000000000
29635  -41.660  -46.220  37.265 0.0000000000
29636  -42.245  -45.920  37.312 0.0000000000
31756  -44.680  -43.788  35.971 0.0000000000
31770  -45.066  -43.170  34.892 0.0000000000
90917  -44.695  -43.532  34.742 0.0000000000
31070  -44.187  -44.086  34.423 0.0000000000
101314  -44.455  -42.226  32.246 0.0000000000
32476  -45.574  -42.057  33.001 0.0000000000
32484  -45.027  -41.874  32.288 0.0000000000
41167  -47.346  -30.424  36.125 0.0000000000
40380  -48.104  -31.279  35.424 0.0000000000
98741  -47.829  -29.928  35.411 0.0000000000
39696  -49.876  -32.761  32.913 0.0000000000
39697  -50.404  -32.894  32.448 0.0000000000
41189  -49.399  -30.400  32.802 0.0000000000
41196  -50.272  -30.625  32.374 0.0000000000
40395  -50.033  -31.392  32.601 0.0000000000
44533  -52.056  -25.405  31.100 0.0000000000
46003  -51.852  -24.282  26.169 0.0000000000
44551  -50.911  -26.050  28.740 0.0000000000
89856  -52.184  -25.027  30.577 0.0000000000
42918  -53.663  -28.622  29.015 0.0000000000
42079  -53.564  -29.169  28.586 0.0000000000
29542  -33.151  -46.627  42.825 0.0000000000
39027  -50.546  -33.356  32.242 0.0000000000
101057  -33.146  -53.208  41.378 0.0000000000
102944  -46.675  -29.122  35.193 0.0000000000
105813  -36.282  -43.937  41.978 0.0000000000
