#!ascii label  , from subject OASIS_0001 vox2ras=TkReg
1052
62873  -39.807  -1.831  18.269 0.0000000000
64870  -49.856  1.636  5.315 0.0000000000
66762  -44.626  3.944  22.602 0.0000000000
63537  -47.962  -1.008  14.032 0.0000000000
59211  -47.618  -6.481  21.516 0.0000000000
66815  -43.576  4.515  11.843 0.0000000000
70298  -51.210  9.842  13.972 0.0000000000
69587  -43.952  8.926  20.003 0.0000000000
57749  -42.557  -8.880  25.262 0.0000000000
62257  -43.188  -2.154  15.611 0.0000000000
64183  -45.022  0.751  11.748 0.0000000000
102697  -41.794  1.517  15.272 0.0000000000
68185  -47.348  7.047  25.646 0.0000000000
67489  -48.988  6.092  18.685 0.0000000000
69591  -50.073  7.781  20.970 0.0000000000
88834  -47.010  8.519  17.658 0.0000000000
70816  -46.987  10.232  22.986 0.0000000000
65508  -45.078  2.337  4.622 0.0000000000
93731  -39.745  -1.897  22.531 0.0000000000
64755  -42.283  1.489  20.868 0.0000000000
103846  -51.546  -0.563  18.159 0.0000000000
61551  -47.605  -3.987  17.744 0.0000000000
60013  -43.631  -5.426  18.113 0.0000000000
57779  -43.846  -9.016  21.288 0.0000000000
66146  -47.125  3.759  6.989 0.0000000000
69007  -45.542  7.508  6.263 0.0000000000
66080  -44.344  3.774  17.716 0.0000000000
68276  -46.584  7.294  12.617 0.0000000000
70874  -46.833  10.441  8.352 0.0000000000
70312  -44.963  9.293  12.106 0.0000000000
68935  -43.038  8.098  15.550 0.0000000000
62881  -41.329  -1.943  17.148 0.0000000000
63523  -42.285  -0.655  15.050 0.0000000000
64131  -40.599  0.307  16.834 0.0000000000
69545  -48.935  8.877  26.300 0.0000000000
68868  -49.583  7.484  23.269 0.0000000000
70238  -50.575  9.388  23.966 0.0000000000
69576  -48.493  8.456  21.885 0.0000000000
64869  -47.954  1.516  5.495 0.0000000000
64108  -38.448  0.073  23.756 0.0000000000
63481  -41.595  -0.382  23.967 0.0000000000
60008  -47.460  -5.343  19.656 0.0000000000
60819  -45.714  -4.817  17.965 0.0000000000
59226  -46.062  -6.243  19.665 0.0000000000
88975  -43.297  -9.473  23.469 0.0000000000
58469  -37.765  -7.419  21.032 0.0000000000
60792  -37.413  -4.409  21.718 0.0000000000
59989  -35.871  -5.827  22.252 0.0000000000
64176  -47.944  0.526  12.374 0.0000000000
65443  -43.381  2.457  11.469 0.0000000000
64837  -45.441  1.778  9.849 0.0000000000
66123  -44.333  3.431  9.007 0.0000000000
66841  -44.962  5.040  7.189 0.0000000000
103908  -44.506  5.950  9.289 0.0000000000
65390  -43.158  2.379  21.329 0.0000000000
65401  -43.391  3.325  18.948 0.0000000000
66769  -44.642  4.061  19.674 0.0000000000
68925  -50.919  7.636  16.014 0.0000000000
68254  -47.603  6.537  15.581 0.0000000000
68959  -49.940  8.829  13.032 0.0000000000
69679  -48.578  9.338  10.016 0.0000000000
70324  -49.521  10.144  10.264 0.0000000000
89252  -45.510  10.042  9.997 0.0000000000
70314  -47.692  10.052  12.152 0.0000000000
69602  -44.910  8.460  19.216 0.0000000000
102205  -44.990  8.418  16.304 0.0000000000
69623  -43.815  7.942  17.564 0.0000000000
68914  -41.930  7.471  16.992 0.0000000000
70269  -42.590  9.235  19.842 0.0000000000
62270  -45.375  -2.106  14.465 0.0000000000
63561  -46.215  -0.284  12.530 0.0000000000
63547  -44.265  -0.842  13.527 0.0000000000
64162  -42.840  0.707  13.180 0.0000000000
66101  -42.677  3.011  13.773 0.0000000000
67452  -46.050  5.797  24.490 0.0000000000
107111  -46.327  5.101  20.278 0.0000000000
68197  -48.183  6.347  21.861 0.0000000000
68214  -50.969  6.826  19.693 0.0000000000
69618  -51.762  8.396  18.356 0.0000000000
70281  -50.050  10.043  15.381 0.0000000000
91166  -49.442  8.463  18.766 0.0000000000
88685  -47.028  8.439  19.862 0.0000000000
70828  -45.241  10.058  22.186 0.0000000000
66176  -43.680  3.510  4.614 0.0000000000
98654  -39.810  -2.130  21.321 0.0000000000
64119  -40.029  0.063  20.221 0.0000000000
63493  -41.576  -1.317  22.094 0.0000000000
64748  -42.829  0.241  23.134 0.0000000000
65386  -43.759  2.354  24.688 0.0000000000
66033  -43.097  3.737  26.385 0.0000000000
66748  -45.031  3.862  26.499 0.0000000000
62905  -49.678  -0.910  15.757 0.0000000000
62231  -49.729  -2.329  18.429 0.0000000000
62246  -47.507  -2.679  15.506 0.0000000000
96960  -45.405  -3.589  16.211 0.0000000000
61548  -43.290  -3.933  17.068 0.0000000000
58460  -48.013  -7.242  23.542 0.0000000000
57735  -45.033  -8.857  26.018 0.0000000000
57751  -45.593  -9.355  24.048 0.0000000000
57782  -45.982  -8.500  21.757 0.0000000000
58480  -43.519  -7.876  19.883 0.0000000000
61529  -38.943  -3.685  19.453 0.0000000000
66137  -50.909  3.894  7.719 0.0000000000
64827  -46.984  1.425  10.541 0.0000000000
65469  -48.491  2.725  8.984 0.0000000000
103606  -48.894  4.200  6.033 0.0000000000
66857  -46.865  4.716  4.887 0.0000000000
89601  -45.304  5.430  4.218 0.0000000000
68320  -44.373  6.916  4.142 0.0000000000
64764  -41.163  2.132  17.811 0.0000000000
66078  -43.037  3.381  16.911 0.0000000000
66802  -43.630  4.435  14.592 0.0000000000
66780  -46.243  5.287  17.825 0.0000000000
67510  -45.521  5.890  14.777 0.0000000000
68268  -44.775  6.359  12.360 0.0000000000
68981  -45.691  7.314  9.896 0.0000000000
69708  -46.028  9.438  6.467 0.0000000000
69006  -43.629  8.305  5.627 0.0000000000
70285  -46.280  9.439  14.909 0.0000000000
69660  -44.131  8.617  13.961 0.0000000000
69657  -41.338  8.009  12.943 0.0000000000
101616  -40.711  7.430  15.161 0.0000000000
88686  -40.368  7.264  16.504 0.0000000000
62880  -40.502  -1.868  17.647 0.0000000000
88517  -40.793  -1.195  17.104 0.0000000000
62879  -40.030  -1.006  17.727 0.0000000000
70232  -50.494  9.316  24.245 0.0000000000
97837  -50.371  9.801  23.875 0.0000000000
96264  -48.850  2.089  5.439 0.0000000000
60002  -47.781  -5.548  20.442 0.0000000000
60001  -47.025  -6.021  19.969 0.0000000000
59217  -47.342  -6.220  20.757 0.0000000000
57775  -37.472  -8.180  21.437 0.0000000000
59208  -36.710  -6.707  21.626 0.0000000000
63538  -48.924  -0.690  14.530 0.0000000000
63550  -47.568  -0.551  13.358 0.0000000000
98601  -43.407  3.837  11.426 0.0000000000
66122  -43.951  3.402  10.006 0.0000000000
66826  -43.832  4.362  10.193 0.0000000000
66831  -44.348  4.300  8.775 0.0000000000
67537  -43.849  5.185  10.493 0.0000000000
66061  -43.995  3.460  22.017 0.0000000000
66065  -44.171  3.482  20.088 0.0000000000
66766  -44.752  4.175  20.549 0.0000000000
68938  -52.164  8.422  15.535 0.0000000000
68936  -50.536  7.835  14.915 0.0000000000
69661  -50.527  9.735  12.730 0.0000000000
69670  -49.780  9.964  11.102 0.0000000000
69672  -50.342  9.983  12.377 0.0000000000
70315  -49.211  10.290  11.087 0.0000000000
104213  -49.794  10.275  13.480 0.0000000000
88314  -44.667  8.735  20.100 0.0000000000
69614  -44.278  8.227  18.317 0.0000000000
69601  -43.834  8.491  19.270 0.0000000000
69613  -43.384  8.181  18.447 0.0000000000
69600  -43.288  9.028  19.836 0.0000000000
62258  -44.074  -2.405  15.285 0.0000000000
62925  -44.782  -1.491  13.929 0.0000000000
62902  -43.464  -1.559  14.933 0.0000000000
64140  -41.548  0.643  15.387 0.0000000000
63535  -42.181  0.155  14.656 0.0000000000
64781  -42.000  1.064  14.635 0.0000000000
65425  -42.522  2.185  13.525 0.0000000000
65420  -42.434  2.438  14.361 0.0000000000
68184  -46.688  6.404  25.089 0.0000000000
102763  -46.940  5.943  22.809 0.0000000000
105953  -47.849  6.771  23.553 0.0000000000
93408  -49.817  7.652  22.016 0.0000000000
68199  -49.818  7.115  21.622 0.0000000000
102794  -51.124  7.206  19.826 0.0000000000
68228  -52.105  7.246  18.724 0.0000000000
69607  -51.359  8.018  19.174 0.0000000000
69617  -50.698  8.510  18.640 0.0000000000
92612  -49.620  8.099  20.349 0.0000000000
92189  -47.650  9.530  22.923 0.0000000000
69589  -47.409  8.381  20.997 0.0000000000
70242  -46.844  9.319  22.468 0.0000000000
69574  -46.297  8.643  21.265 0.0000000000
70241  -46.101  9.821  22.468 0.0000000000
65507  -44.594  2.715  4.530 0.0000000000
62862  -40.288  -1.998  22.021 0.0000000000
62866  -40.472  -1.823  21.775 0.0000000000
62859  -41.210  -1.718  22.746 0.0000000000
99232  -41.500  0.430  24.584 0.0000000000
63489  -42.289  -0.508  23.677 0.0000000000
64104  -42.795  0.669  24.526 0.0000000000
64746  -43.055  0.949  23.626 0.0000000000
64733  -43.292  1.553  25.186 0.0000000000
66746  -42.320  4.519  26.019 0.0000000000
66034  -44.127  3.329  26.370 0.0000000000
66736  -44.899  4.371  27.026 0.0000000000
67440  -45.683  5.065  26.418 0.0000000000
68162  -44.932  5.652  27.086 0.0000000000
63525  -50.723  0.325  16.093 0.0000000000
62891  -50.391  -0.709  16.831 0.0000000000
61541  -49.466  -3.052  19.055 0.0000000000
61552  -48.421  -3.383  17.861 0.0000000000
62247  -49.051  -2.370  16.619 0.0000000000
99605  -47.732  -3.601  17.170 0.0000000000
62245  -46.677  -3.220  15.762 0.0000000000
61550  -46.842  -4.006  17.007 0.0000000000
60014  -44.421  -5.417  18.266 0.0000000000
60828  -44.520  -4.443  17.083 0.0000000000
60827  -43.376  -4.617  17.488 0.0000000000
57009  -44.032  -9.136  25.524 0.0000000000
57031  -44.502  -9.485  23.885 0.0000000000
57044  -44.827  -9.427  22.848 0.0000000000
57770  -46.155  -8.818  22.580 0.0000000000
57780  -44.522  -8.840  21.332 0.0000000000
58481  -44.373  -7.757  20.134 0.0000000000
106071  -43.163  -8.349  20.223 0.0000000000
61528  -38.588  -3.803  20.241 0.0000000000
60805  -38.334  -4.453  20.441 0.0000000000
66138  -51.883  3.927  8.195 0.0000000000
64174  -45.592  0.234  12.148 0.0000000000
64175  -46.455  0.285  11.994 0.0000000000
64814  -45.388  1.011  11.060 0.0000000000
65476  -45.613  2.875  8.511 0.0000000000
65468  -47.389  2.445  9.040 0.0000000000
101311  -47.173  3.410  7.930 0.0000000000
66135  -48.566  3.561  7.579 0.0000000000
66147  -48.252  3.872  6.663 0.0000000000
66850  -47.969  4.234  5.306 0.0000000000
66158  -47.601  4.488  5.876 0.0000000000
67559  -45.124  5.880  6.654 0.0000000000
67560  -45.631  5.884  5.105 0.0000000000
68313  -45.358  6.926  4.750 0.0000000000
67571  -44.915  6.339  4.015 0.0000000000
69013  -45.206  7.909  4.663 0.0000000000
64754  -41.177  1.266  20.418 0.0000000000
64757  -40.772  1.648  19.452 0.0000000000
64758  -41.783  2.050  19.956 0.0000000000
66072  -44.142  3.626  18.404 0.0000000000
66070  -43.374  3.354  17.687 0.0000000000
66079  -43.665  3.679  17.108 0.0000000000
66096  -43.384  3.875  15.243 0.0000000000
102914  -44.239  4.270  16.234 0.0000000000
100872  -47.514  5.624  19.654 0.0000000000
66771  -46.012  4.857  19.252 0.0000000000
67477  -46.936  5.516  18.456 0.0000000000
92890  -47.665  6.952  14.749 0.0000000000
68253  -46.999  6.381  15.129 0.0000000000
68261  -46.222  6.670  13.590 0.0000000000
67518  -45.479  6.162  13.880 0.0000000000
68275  -45.690  7.121  11.903 0.0000000000
68282  -45.645  7.201  10.839 0.0000000000
68974  -46.608  7.614  10.985 0.0000000000
102354  -47.856  10.027  8.850 0.0000000000
69695  -47.185  9.872  8.086 0.0000000000
70344  -46.016  10.001  6.755 0.0000000000
69712  -44.884  9.079  5.421 0.0000000000
69707  -45.193  9.841  6.594 0.0000000000
69002  -43.797  8.574  6.786 0.0000000000
70339  -44.594  9.750  7.542 0.0000000000
70321  -45.174  9.667  11.153 0.0000000000
88932  -43.294  9.278  9.776 0.0000000000
69636  -47.724  9.433  16.059 0.0000000000
70279  -47.849  9.625  15.263 0.0000000000
69646  -46.759  9.316  15.697 0.0000000000
69643  -43.861  8.312  15.664 0.0000000000
69644  -44.517  8.671  15.128 0.0000000000
69642  -43.574  8.457  15.077 0.0000000000
105716  -42.688  8.329  13.549 0.0000000000
68946  -42.224  8.060  14.548 0.0000000000
68945  -41.431  7.775  13.910 0.0000000000
68934  -42.273  7.916  15.299 0.0000000000
68904  -41.399  7.687  17.741 0.0000000000
68913  -41.144  7.435  16.823 0.0000000000
101129  -40.730  7.663  18.104 0.0000000000
68912  -39.764  7.180  17.118 0.0000000000
62241  -42.007  -2.267  16.656 0.0000000000
62901  -42.625  -1.362  15.347 0.0000000000
62887  -41.550  -1.363  16.496 0.0000000000
106653  -41.421  -0.628  16.053 0.0000000000
64132  -40.992  0.929  16.208 0.0000000000
68189  -48.534  7.256  23.908 0.0000000000
69559  -49.650  8.314  24.756 0.0000000000
68869  -50.124  8.000  23.309 0.0000000000
69565  -50.005  8.226  22.860 0.0000000000
69577  -49.795  8.075  21.914 0.0000000000
70244  -50.030  9.062  23.386 0.0000000000
70237  -49.511  9.960  23.525 0.0000000000
65498  -46.887  2.314  5.278 0.0000000000
63486  -39.154  -0.707  23.361 0.0000000000
62853  -40.740  -1.749  23.002 0.0000000000
64109  -39.495  -0.046  23.757 0.0000000000
60813  -47.908  -4.735  19.309 0.0000000000
60820  -46.574  -4.730  18.187 0.0000000000
60812  -47.050  -5.088  18.887 0.0000000000
59233  -45.633  -5.818  19.054 0.0000000000
59232  -44.805  -5.969  18.810 0.0000000000
89603  -43.090  -9.255  24.547 0.0000000000
57041  -41.355  -9.714  22.024 0.0000000000
59214  -38.039  -6.565  20.641 0.0000000000
60804  -38.041  -5.100  20.588 0.0000000000
59994  -37.221  -5.977  21.292 0.0000000000
60791  -36.390  -5.189  22.043 0.0000000000
64812  -43.723  1.728  11.481 0.0000000000
64825  -44.936  1.492  10.515 0.0000000000
65453  -44.591  1.991  9.922 0.0000000000
65465  -44.441  2.707  9.464 0.0000000000
66132  -45.367  3.673  7.935 0.0000000000
104898  -45.464  4.156  7.379 0.0000000000
66144  -44.997  4.318  7.569 0.0000000000
67555  -44.712  5.569  7.683 0.0000000000
68299  -44.967  6.542  7.883 0.0000000000
65389  -42.632  1.535  21.372 0.0000000000
65396  -43.078  2.570  19.842 0.0000000000
65393  -43.346  2.646  20.162 0.0000000000
66068  -44.197  3.621  19.344 0.0000000000
66778  -44.798  3.959  18.257 0.0000000000
88339  -50.159  6.777  17.136 0.0000000000
68244  -48.559  6.584  16.854 0.0000000000
68245  -49.428  7.222  16.061 0.0000000000
68264  -48.500  7.517  14.297 0.0000000000
68957  -47.678  7.846  12.678 0.0000000000
68975  -47.610  8.291  10.960 0.0000000000
68976  -48.804  9.183  10.928 0.0000000000
69688  -49.142  10.100  9.700 0.0000000000
70866  -48.331  10.462  9.437 0.0000000000
70871  -46.001  10.509  8.898 0.0000000000
70329  -48.124  10.629  9.637 0.0000000000
70322  -46.919  10.360  10.538 0.0000000000
70313  -46.274  9.908  11.918 0.0000000000
88682  -46.135  8.411  17.774 0.0000000000
69635  -45.848  8.775  16.028 0.0000000000
69625  -45.573  8.409  16.987 0.0000000000
69633  -44.100  8.050  16.506 0.0000000000
68924  -43.274  7.826  16.280 0.0000000000
68923  -42.363  7.689  16.141 0.0000000000
69622  -43.023  7.824  17.698 0.0000000000
69612  -42.594  8.214  18.498 0.0000000000
69599  -42.209  8.654  19.211 0.0000000000
62915  -46.401  -1.843  14.276 0.0000000000
62927  -46.851  -1.196  13.675 0.0000000000
62926  -45.714  -1.438  13.746 0.0000000000
63548  -45.060  -0.997  13.236 0.0000000000
64172  -43.927  0.162  12.606 0.0000000000
63536  -42.800  -0.468  14.445 0.0000000000
64163  -43.348  0.105  13.148 0.0000000000
98365  -43.396  0.730  12.578 0.0000000000
65433  -43.025  2.096  12.136 0.0000000000
66105  -42.729  2.705  12.848 0.0000000000
90540  -42.930  3.723  13.008 0.0000000000
66760  -45.182  4.399  23.272 0.0000000000
66765  -45.208  4.538  21.311 0.0000000000
68192  -46.414  5.502  22.327 0.0000000000
67462  -47.479  5.899  21.208 0.0000000000
67469  -48.406  6.052  19.781 0.0000000000
68194  -48.887  6.850  22.485 0.0000000000
67466  -48.800  6.308  20.445 0.0000000000
68226  -50.131  6.356  19.180 0.0000000000
68237  -51.245  6.757  17.901 0.0000000000
68928  -52.439  7.929  17.014 0.0000000000
70290  -51.667  9.658  15.527 0.0000000000
70288  -50.383  10.317  14.436 0.0000000000
69638  -50.389  9.641  16.393 0.0000000000
69627  -49.485  9.038  17.174 0.0000000000
69615  -47.733  8.482  18.265 0.0000000000
90367  -49.058  8.185  21.102 0.0000000000
69604  -47.792  8.443  19.234 0.0000000000
88683  -46.744  8.441  18.735 0.0000000000
69603  -46.007  8.487  19.517 0.0000000000
69588  -45.275  8.831  20.902 0.0000000000
70254  -44.800  9.579  21.416 0.0000000000
62868  -39.325  -1.281  19.636 0.0000000000
63502  -39.571  -0.603  19.331 0.0000000000
63500  -39.555  -0.602  20.162 0.0000000000
63497  -40.298  -0.555  20.876 0.0000000000
64121  -41.732  0.377  21.339 0.0000000000
62855  -41.986  -1.309  22.934 0.0000000000
63495  -42.293  -0.923  22.798 0.0000000000
64122  -42.398  0.481  21.812 0.0000000000
64749  -42.905  1.217  22.655 0.0000000000
65387  -43.118  1.883  23.145 0.0000000000
66059  -44.153  3.293  23.115 0.0000000000
65377  -43.074  2.080  25.841 0.0000000000
103345  -43.596  2.300  25.673 0.0000000000
65379  -44.212  2.880  25.473 0.0000000000
66759  -44.953  4.281  24.591 0.0000000000
67451  -45.592  5.042  25.204 0.0000000000
67441  -46.155  5.657  25.819 0.0000000000
68172  -46.627  6.352  26.416 0.0000000000
102822  -49.458  -0.632  15.187 0.0000000000
62904  -48.930  -1.333  15.203 0.0000000000
62232  -50.635  -1.794  18.868 0.0000000000
62874  -50.336  -1.493  17.990 0.0000000000
62248  -49.575  -1.630  16.771 0.0000000000
62262  -48.614  -2.188  15.659 0.0000000000
62903  -48.054  -1.986  14.867 0.0000000000
62261  -46.433  -2.796  15.239 0.0000000000
62260  -45.550  -2.709  15.152 0.0000000000
62244  -44.821  -3.056  15.744 0.0000000000
60829  -45.332  -4.452  17.213 0.0000000000
61549  -44.088  -3.969  16.686 0.0000000000
61556  -43.544  -3.410  16.465 0.0000000000
62236  -42.318  -3.015  16.864 0.0000000000
95097  -46.384  -8.536  26.204 0.0000000000
57019  -44.282  -9.361  24.817 0.0000000000
57736  -45.506  -9.122  25.115 0.0000000000
57737  -46.361  -8.813  25.327 0.0000000000
101134  -46.762  -8.703  23.792 0.0000000000
58465  -46.736  -8.104  22.126 0.0000000000
58472  -47.176  -7.251  21.791 0.0000000000
58483  -46.116  -7.406  20.602 0.0000000000
58492  -44.803  -7.130  19.703 0.0000000000
59223  -43.441  -6.637  18.964 0.0000000000
62228  -39.381  -2.457  18.764 0.0000000000
62221  -38.749  -3.050  19.901 0.0000000000
62216  -38.938  -3.196  21.016 0.0000000000
62211  -39.146  -2.824  21.765 0.0000000000
62857  -38.492  -2.028  22.592 0.0000000000
66152  -52.728  3.744  7.637 0.0000000000
66162  -51.612  3.481  6.457 0.0000000000
66172  -50.692  3.262  5.686 0.0000000000
63562  -47.203  -0.057  12.537 0.0000000000
64803  -48.227  1.129  11.836 0.0000000000
64838  -46.321  1.680  9.955 0.0000000000
65454  -47.977  2.149  9.588 0.0000000000
91204  -49.467  2.703  9.328 0.0000000000
65480  -49.495  3.176  8.467 0.0000000000
66149  -50.219  3.997  6.840 0.0000000000
66171  -49.895  3.604  5.647 0.0000000000
104678  -48.621  3.157  5.348 0.0000000000
66169  -47.040  3.559  4.898 0.0000000000
66179  -46.225  3.803  4.590 0.0000000000
66847  -46.022  5.142  5.636 0.0000000000
66856  -45.957  5.224  4.739 0.0000000000
66178  -45.338  3.458  4.419 0.0000000000
96484  -45.060  4.475  4.183 0.0000000000
66862  -43.753  5.342  4.089 0.0000000000
99851  -42.878  5.358  4.399 0.0000000000
64127  -40.156  0.766  18.728 0.0000000000
64129  -40.478  1.050  17.699 0.0000000000
64767  -41.353  1.904  16.774 0.0000000000
65399  -42.241  2.715  18.539 0.0000000000
65403  -42.065  2.698  17.533 0.0000000000
65413  -41.988  2.287  15.689 0.0000000000
66095  -42.842  3.206  14.816 0.0000000000
66102  -43.063  3.795  14.179 0.0000000000
93697  -43.437  4.530  12.683 0.0000000000
93384  -45.252  4.455  19.989 0.0000000000
66773  -45.361  4.442  18.709 0.0000000000
66779  -45.543  4.560  17.953 0.0000000000
67496  -46.651  5.659  16.994 0.0000000000
67495  -46.058  5.372  16.428 0.0000000000
66788  -45.297  4.899  16.333 0.0000000000
67502  -44.998  5.298  15.339 0.0000000000
102953  -44.305  5.436  13.488 0.0000000000
67529  -43.816  5.189  11.415 0.0000000000
67538  -44.273  5.892  10.972 0.0000000000
68996  -45.392  7.534  7.977 0.0000000000
68991  -47.582  8.832  9.646 0.0000000000
68997  -46.061  8.515  8.074 0.0000000000
69008  -45.714  8.545  5.932 0.0000000000
69717  -44.901  8.705  5.003 0.0000000000
69011  -43.909  8.105  4.795 0.0000000000
70334  -43.978  9.645  8.455 0.0000000000
93206  -49.484  10.253  14.170 0.0000000000
70295  -47.242  9.614  14.490 0.0000000000
70302  -45.355  9.249  12.800 0.0000000000
69645  -45.938  9.153  15.319 0.0000000000
69652  -44.878  8.907  14.520 0.0000000000
69669  -44.242  8.861  12.864 0.0000000000
69659  -43.247  8.496  13.310 0.0000000000
69666  -41.144  8.447  11.952 0.0000000000
68965  -39.622  8.274  11.701 0.0000000000
68922  -41.593  7.527  16.318 0.0000000000
88856  -40.144  7.273  15.658 0.0000000000
70826  -43.789  10.902  21.337 0.0000000000
70838  -43.364  10.357  20.829 0.0000000000
70262  -42.786  9.922  20.441 0.0000000000
70261  -42.059  9.793  20.274 0.0000000000
90208  -41.369  9.821  20.245 0.0000000000
62872  -39.657  -1.141  18.708 0.0000000000
97702  -48.577  -5.361  21.861 0.0000000000
59995  -48.139  -5.693  21.265 0.0000000000
57774  -36.852  -8.110  21.822 0.0000000000
63551  -48.515  -0.356  13.750 0.0000000000
100198  -43.560  3.856  10.704 0.0000000000
66820  -43.537  4.519  10.989 0.0000000000
66063  -44.008  3.491  20.985 0.0000000000
66764  -44.552  4.077  21.567 0.0000000000
68950  -51.758  9.030  14.544 0.0000000000
69654  -51.013  9.406  13.494 0.0000000000
70307  -50.684  9.824  13.009 0.0000000000
70306  -50.404  10.060  12.720 0.0000000000
70297  -50.479  10.218  13.553 0.0000000000
105841  -44.305  8.633  19.640 0.0000000000
70263  -43.534  9.584  20.374 0.0000000000
62914  -44.394  -1.965  14.608 0.0000000000
64782  -42.324  1.636  14.092 0.0000000000
64775  -42.059  1.964  14.841 0.0000000000
68188  -46.957  6.301  23.744 0.0000000000
96740  -47.531  6.960  24.431 0.0000000000
104907  -49.996  7.786  21.409 0.0000000000
68878  -50.090  7.358  21.032 0.0000000000
68888  -50.604  7.425  20.272 0.0000000000
68898  -51.240  7.528  19.735 0.0000000000
68897  -50.488  7.746  20.275 0.0000000000
69606  -50.350  8.106  19.540 0.0000000000
65497  -45.820  1.819  5.212 0.0000000000
64875  -44.320  1.983  4.642 0.0000000000
62858  -40.605  -1.822  22.480 0.0000000000
64742  -42.159  0.782  24.945 0.0000000000
64103  -42.275  0.104  24.240 0.0000000000
64732  -42.656  1.386  25.363 0.0000000000
67428  -44.584  4.977  27.030 0.0000000000
66737  -45.118  5.061  27.264 0.0000000000
63513  -51.685  0.105  17.184 0.0000000000
63512  -50.922  -0.068  16.755 0.0000000000
62883  -50.936  -0.560  17.601 0.0000000000
60020  -44.025  -4.907  17.590 0.0000000000
105170  -43.490  -5.017  17.736 0.0000000000
60019  -42.837  -5.145  17.929 0.0000000000
57750  -43.359  -8.954  25.475 0.0000000000
57054  -44.165  -9.423  22.070 0.0000000000
57768  -44.896  -9.175  21.961 0.0000000000
57789  -43.950  -8.428  20.595 0.0000000000
57778  -43.214  -8.863  20.778 0.0000000000
60005  -38.878  -5.619  19.635 0.0000000000
60810  -38.772  -4.586  19.682 0.0000000000
95782  -38.411  -5.108  20.062 0.0000000000
65470  -50.397  3.168  9.233 0.0000000000
64184  -45.884  0.592  11.523 0.0000000000
66133  -46.323  3.444  7.849 0.0000000000
65477  -46.723  2.874  8.463 0.0000000000
66134  -47.887  3.519  7.712 0.0000000000
68312  -45.391  6.793  5.962 0.0000000000
105557  -45.449  6.160  5.738 0.0000000000
94629  -45.463  7.792  5.343 0.0000000000
66071  -43.833  3.523  17.871 0.0000000000
66089  -44.292  4.035  16.913 0.0000000000
67478  -47.962  5.681  19.037 0.0000000000
67468  -46.842  5.315  19.148 0.0000000000
67488  -47.852  5.915  18.240 0.0000000000
68270  -47.032  7.251  13.419 0.0000000000
68262  -46.806  6.719  14.322 0.0000000000
68966  -46.757  7.648  11.698 0.0000000000
70342  -47.140  10.137  8.167 0.0000000000
70341  -46.415  10.286  7.545 0.0000000000
70340  -45.608  10.250  7.264 0.0000000000
69706  -44.375  9.185  6.910 0.0000000000
70320  -43.868  9.459  10.500 0.0000000000
70311  -43.916  9.265  11.677 0.0000000000
69626  -48.005  8.785  17.061 0.0000000000
88833  -46.682  8.779  16.692 0.0000000000
105634  -42.844  8.291  14.984 0.0000000000
69610  -41.113  8.112  18.620 0.0000000000
62888  -42.309  -1.851  15.998 0.0000000000
63509  -40.494  -0.498  17.151 0.0000000000
63510  -40.949  -0.582  16.570 0.0000000000
103959  -41.068  0.037  15.996 0.0000000000
68855  -48.862  8.015  25.210 0.0000000000
69551  -49.723  8.912  25.117 0.0000000000
102007  -50.604  8.796  23.991 0.0000000000
69563  -50.344  8.589  23.651 0.0000000000
70812  -50.131  10.604  23.946 0.0000000000
70811  -49.063  10.853  23.540 0.0000000000
64868  -46.843  1.125  5.620 0.0000000000
60806  -48.309  -4.843  20.172 0.0000000000
60007  -46.535  -5.643  19.318 0.0000000000
59225  -45.214  -6.464  19.369 0.0000000000
57784  -38.941  -8.138  20.464 0.0000000000
58474  -38.478  -7.382  20.491 0.0000000000
58475  -39.176  -7.357  20.030 0.0000000000
105415  -37.633  -6.269  21.005 0.0000000000
59209  -37.409  -6.727  21.197 0.0000000000
59993  -36.495  -5.935  21.771 0.0000000000
64824  -44.183  1.809  10.670 0.0000000000
94205  -43.683  2.271  10.921 0.0000000000
65475  -44.801  3.056  8.662 0.0000000000
66131  -44.734  3.837  8.310 0.0000000000
67544  -44.162  5.061  9.424 0.0000000000
99940  -44.409  5.024  8.489 0.0000000000
67549  -44.553  5.727  8.596 0.0000000000
99844  -43.011  2.287  20.934 0.0000000000
66064  -43.763  3.161  19.762 0.0000000000
103523  -44.292  3.729  18.799 0.0000000000
66772  -44.736  4.082  19.056 0.0000000000
68948  -49.808  8.205  14.034 0.0000000000
68947  -48.909  7.951  13.600 0.0000000000
68958  -48.690  8.215  12.890 0.0000000000
68968  -48.937  8.767  11.833 0.0000000000
69681  -49.682  10.056  10.911 0.0000000000
69680  -49.518  10.067  10.234 0.0000000000
70330  -49.072  10.301  9.792 0.0000000000
70323  -48.734  10.594  10.213 0.0000000000
90744  -48.926  10.280  12.229 0.0000000000
91407  -47.787  10.340  11.175 0.0000000000
88684  -45.790  8.382  18.692 0.0000000000
89647  -45.194  8.345  18.048 0.0000000000
69624  -44.655  8.138  17.285 0.0000000000
101987  -43.414  7.705  16.983 0.0000000000
89156  -42.966  8.606  19.203 0.0000000000
62271  -46.152  -2.411  14.727 0.0000000000
62924  -43.950  -1.286  14.199 0.0000000000
63559  -44.502  -0.384  12.879 0.0000000000
63558  -43.876  -0.326  13.149 0.0000000000
62912  -42.846  -1.004  14.823 0.0000000000
64152  -42.475  0.819  13.957 0.0000000000
63545  -42.856  0.137  13.877 0.0000000000
64801  -43.426  1.369  12.153 0.0000000000
64800  -42.922  1.352  12.656 0.0000000000
65432  -42.686  1.940  12.858 0.0000000000
66111  -43.143  3.136  11.976 0.0000000000
67454  -45.635  5.005  23.937 0.0000000000
67457  -45.740  5.030  22.784 0.0000000000
67455  -46.270  5.596  23.326 0.0000000000
67458  -47.190  5.978  22.017 0.0000000000
67465  -47.716  5.856  20.386 0.0000000000
68204  -48.530  6.316  21.091 0.0000000000
106427  -48.532  6.962  23.151 0.0000000000
68205  -49.770  6.738  21.008 0.0000000000
67470  -49.676  6.513  19.989 0.0000000000
68227  -51.437  6.713  18.871 0.0000000000
68907  -52.230  7.817  18.468 0.0000000000
68229  -52.343  7.557  17.914 0.0000000000
69619  -52.344  8.277  17.768 0.0000000000
68939  -52.434  8.423  16.128 0.0000000000
69629  -51.881  9.060  17.309 0.0000000000
70276  -51.404  9.613  16.494 0.0000000000
93839  -49.827  8.760  18.059 0.0000000000
69616  -48.740  8.674  18.037 0.0000000000
107205  -48.445  8.481  18.768 0.0000000000
69564  -49.353  8.657  22.641 0.0000000000
96889  -46.209  8.534  20.437 0.0000000000
70255  -45.855  9.173  21.885 0.0000000000
106316  -43.868  1.851  4.679 0.0000000000
104509  -39.323  -1.803  20.369 0.0000000000
107173  -39.408  -1.207  20.279 0.0000000000
62865  -39.931  -1.414  20.948 0.0000000000
63498  -40.835  -1.348  21.639 0.0000000000
64115  -41.184  -0.538  21.511 0.0000000000
64116  -42.051  -0.649  22.162 0.0000000000
63487  -41.176  -1.170  23.493 0.0000000000
62854  -41.514  -1.571  23.032 0.0000000000
63488  -41.929  -1.069  23.384 0.0000000000
64113  -42.601  -0.431  23.198 0.0000000000
63491  -42.378  -0.809  23.260 0.0000000000
64117  -42.502  -0.222  22.580 0.0000000000
64751  -42.700  0.738  22.200 0.0000000000
93424  -43.395  1.648  24.112 0.0000000000
66056  -43.619  2.564  23.687 0.0000000000
96659  -42.164  3.707  26.128 0.0000000000
66043  -41.596  3.216  25.810 0.0000000000
66044  -42.604  2.907  26.146 0.0000000000
65369  -43.516  2.751  26.173 0.0000000000
66046  -44.661  3.253  26.148 0.0000000000
66756  -44.794  3.566  25.669 0.0000000000
66057  -44.209  3.338  24.413 0.0000000000
66757  -45.379  4.230  26.026 0.0000000000
67429  -45.464  5.450  27.001 0.0000000000
67430  -45.977  5.832  26.845 0.0000000000
68164  -46.322  6.568  27.308 0.0000000000
64142  -51.362  1.010  15.755 0.0000000000
63511  -50.272  -0.478  16.220 0.0000000000
63524  -50.052  -0.209  15.576 0.0000000000
62223  -50.167  -2.517  19.377 0.0000000000
62882  -50.102  -1.254  17.191 0.0000000000
62238  -49.590  -1.929  17.455 0.0000000000
95426  -48.191  -2.739  16.206 0.0000000000
62272  -47.023  -2.294  14.738 0.0000000000
61559  -46.299  -3.637  16.269 0.0000000000
61569  -45.840  -3.275  15.670 0.0000000000
104892  -44.867  -3.499  16.212 0.0000000000
60830  -46.195  -4.436  17.458 0.0000000000
96873  -43.866  -4.404  17.123 0.0000000000
61555  -42.906  -3.372  16.726 0.0000000000
98797  -44.458  -8.975  26.426 0.0000000000
101479  -45.759  -8.867  26.588 0.0000000000
104433  -45.759  -8.765  25.850 0.0000000000
102071  -43.737  -9.345  25.006 0.0000000000
57030  -43.846  -9.485  24.193 0.0000000000
57032  -45.058  -9.413  23.681 0.0000000000
57020  -44.916  -9.302  24.517 0.0000000000
57752  -46.281  -9.082  24.400 0.0000000000
57753  -47.112  -8.510  24.613 0.0000000000
57760  -46.232  -9.079  23.452 0.0000000000
58471  -46.473  -7.783  21.321 0.0000000000
58470  -45.717  -8.150  20.949 0.0000000000
58491  -43.912  -7.204  19.544 0.0000000000
58490  -43.006  -7.301  19.366 0.0000000000
60811  -39.316  -4.345  18.998 0.0000000000
93815  -39.983  -4.271  18.490 0.0000000000
61536  -39.473  -3.409  18.694 0.0000000000
94090  -39.014  -2.931  19.246 0.0000000000
60798  -37.575  -5.118  21.150 0.0000000000
60799  -38.008  -4.405  21.111 0.0000000000
62204  -38.021  -2.782  22.406 0.0000000000
62205  -39.042  -2.559  22.218 0.0000000000
62852  -38.880  -1.322  22.900 0.0000000000
65481  -53.457  3.383  7.977 0.0000000000
66139  -52.715  3.782  8.559 0.0000000000
66151  -51.828  3.950  7.280 0.0000000000
66150  -50.941  4.004  6.822 0.0000000000
103390  -46.753  -0.596  13.062 0.0000000000
64185  -46.624  0.670  11.498 0.0000000000
90028  -47.274  0.615  11.894 0.0000000000
64826  -45.872  1.359  10.487 0.0000000000
64839  -47.159  1.860  9.737 0.0000000000
65479  -48.540  3.303  8.184 0.0000000000
66148  -49.254  3.765  6.933 0.0000000000
66160  -49.628  4.126  6.122 0.0000000000
66170  -48.807  3.919  5.606 0.0000000000
65500  -49.465  2.848  5.352 0.0000000000
66849  -47.528  4.510  5.287 0.0000000000
90978  -48.003  3.807  5.095 0.0000000000
66858  -47.455  4.345  4.915 0.0000000000
66180  -46.768  4.284  4.714 0.0000000000
66145  -45.595  4.668  6.813 0.0000000000
66157  -46.650  4.584  6.220 0.0000000000
66864  -45.962  4.537  4.539 0.0000000000
68321  -44.866  6.870  3.972 0.0000000000
67570  -44.455  6.247  4.004 0.0000000000
67566  -43.432  6.208  4.098 0.0000000000
64124  -39.737  0.099  19.498 0.0000000000
63503  -39.789  -0.309  18.540 0.0000000000
64761  -40.715  1.653  18.514 0.0000000000
64766  -40.749  1.291  16.964 0.0000000000
65395  -42.474  2.526  19.467 0.0000000000
93884  -42.966  2.999  19.147 0.0000000000
65404  -42.667  3.095  17.252 0.0000000000
65405  -41.971  2.531  16.586 0.0000000000
65406  -42.459  3.052  16.326 0.0000000000
65414  -42.473  2.741  15.314 0.0000000000
66087  -43.022  3.507  16.029 0.0000000000
66809  -43.399  4.467  13.585 0.0000000000
66767  -45.848  4.870  20.702 0.0000000000
66774  -46.095  5.005  18.555 0.0000000000
88240  -48.299  6.751  16.034 0.0000000000
67497  -47.638  6.165  17.412 0.0000000000
67505  -47.495  6.269  16.484 0.0000000000
67511  -46.289  6.139  15.042 0.0000000000
67504  -46.730  5.874  15.886 0.0000000000
67503  -45.824  5.546  15.643 0.0000000000
67517  -44.887  5.923  13.284 0.0000000000
67524  -44.278  5.619  12.732 0.0000000000
67530  -44.222  5.837  11.888 0.0000000000
68281  -44.790  6.588  11.452 0.0000000000
68289  -44.858  6.652  10.480 0.0000000000
68989  -45.567  7.388  8.950 0.0000000000
68983  -47.365  8.305  10.385 0.0000000000
69701  -46.628  9.534  7.355 0.0000000000
69694  -46.950  9.316  8.201 0.0000000000
69004  -46.063  8.650  6.945 0.0000000000
69718  -45.296  8.491  5.087 0.0000000000
69713  -45.433  9.045  5.529 0.0000000000
69711  -44.307  8.987  5.726 0.0000000000
69716  -44.338  8.790  5.009 0.0000000000
68311  -43.179  7.594  5.089 0.0000000000
68310  -42.797  7.218  5.995 0.0000000000
70335  -44.778  10.079  8.626 0.0000000000
70327  -44.445  9.800  9.482 0.0000000000
69687  -42.778  8.984  10.164 0.0000000000
69693  -43.196  9.134  9.298 0.0000000000
70287  -49.145  9.916  14.843 0.0000000000
70286  -46.967  9.571  15.087 0.0000000000
70303  -46.308  9.532  13.123 0.0000000000
70294  -46.094  9.322  14.258 0.0000000000
105460  -45.294  8.717  15.641 0.0000000000
88641  -44.056  8.597  14.669 0.0000000000
70293  -45.110  9.118  13.695 0.0000000000
69668  -43.048  8.758  12.180 0.0000000000
69650  -42.173  8.139  13.687 0.0000000000
69675  -40.333  8.410  11.496 0.0000000000
69665  -40.267  8.131  12.318 0.0000000000
68956  -40.726  7.726  13.273 0.0000000000
68944  -40.555  7.539  14.160 0.0000000000
90563  -39.922  7.412  14.812 0.0000000000
68921  -40.970  7.408  15.948 0.0000000000
68920  -39.540  7.101  16.204 0.0000000000
71372  -43.109  11.166  21.215 0.0000000000
103527  -42.759  10.623  20.862 0.0000000000
70837  -42.089  10.526  20.648 0.0000000000
70268  -41.760  9.252  19.740 0.0000000000
70803  -50.441  10.022  24.468 0.0000000000
70813  -50.505  10.167  24.194 0.0000000000
71342  -50.313  11.023  24.250 0.0000000000
64100  -37.723  0.800  24.044 0.0000000000
60003  -48.364  -5.142  20.830 0.0000000000
59216  -46.533  -6.639  20.316 0.0000000000
58468  -37.045  -7.446  21.511 0.0000000000
64153  -49.423  0.062  14.099 0.0000000000
64165  -48.925  0.322  13.471 0.0000000000
64164  -48.172  0.080  13.013 0.0000000000
96132  -43.478  3.059  10.932 0.0000000000
66830  -44.094  4.090  9.494 0.0000000000
66060  -43.515  2.828  21.532 0.0000000000
66062  -43.551  2.871  20.614 0.0000000000
68926  -52.056  7.888  15.902 0.0000000000
68937  -51.700  8.325  15.058 0.0000000000
68949  -51.193  8.732  14.149 0.0000000000
68960  -50.845  9.080  13.308 0.0000000000
68969  -49.850  9.456  12.157 0.0000000000
69671  -50.128  10.167  11.773 0.0000000000
70316  -50.329  10.226  11.666 0.0000000000
70305  -49.308  10.148  12.903 0.0000000000
62259  -44.821  -2.506  15.028 0.0000000000
63522  -41.641  -0.271  15.423 0.0000000000
64790  -42.557  1.414  13.337 0.0000000000
68193  -47.778  6.434  22.767 0.0000000000
68195  -49.648  7.297  22.297 0.0000000000
68206  -50.551  7.000  20.371 0.0000000000
68906  -51.830  7.609  19.047 0.0000000000
69605  -48.937  8.322  19.480 0.0000000000
102553  -47.934  8.955  22.512 0.0000000000
69575  -47.040  8.727  21.892 0.0000000000
65506  -43.934  2.570  4.616 0.0000000000
62863  -41.156  -1.700  22.360 0.0000000000
64111  -42.642  -0.156  23.747 0.0000000000
106929  -42.725  -0.076  23.525 0.0000000000
64745  -42.881  0.353  23.873 0.0000000000
64743  -43.157  1.068  24.401 0.0000000000
104608  -43.504  1.702  24.786 0.0000000000
66735  -44.078  4.283  26.619 0.0000000000
66035  -44.691  3.781  26.554 0.0000000000
66749  -45.262  4.562  26.916 0.0000000000
62890  -49.902  -1.120  16.458 0.0000000000
62230  -49.107  -2.956  18.370 0.0000000000
62237  -49.039  -2.661  17.642 0.0000000000
61561  -48.358  -3.076  16.951 0.0000000000
61560  -47.381  -3.336  16.377 0.0000000000
61558  -45.815  -4.088  16.724 0.0000000000
60015  -45.249  -5.366  18.443 0.0000000000
60021  -44.868  -4.826  17.811 0.0000000000
60826  -42.599  -4.336  17.591 0.0000000000
89507  -43.351  -9.564  22.467 0.0000000000
57043  -44.044  -9.558  23.143 0.0000000000
57759  -45.547  -9.294  23.114 0.0000000000
57769  -45.450  -9.027  22.244 0.0000000000
57781  -45.243  -8.672  21.492 0.0000000000
57790  -44.874  -8.297  20.742 0.0000000000
60006  -39.585  -5.742  19.113 0.0000000000
101484  -39.266  -5.070  19.234 0.0000000000
61523  -38.467  -3.812  21.028 0.0000000000
66125  -51.891  3.756  9.142 0.0000000000
90252  -51.088  3.727  8.733 0.0000000000
66124  -50.387  3.515  8.350 0.0000000000
63560  -45.339  -0.368  12.679 0.0000000000
64815  -46.326  0.954  11.010 0.0000000000
65466  -45.082  2.342  9.194 0.0000000000
65467  -46.223  2.198  9.211 0.0000000000
65478  -47.709  3.064  8.382 0.0000000000
66159  -48.207  4.296  5.679 0.0000000000
66846  -45.480  5.481  6.251 0.0000000000
67572  -45.225  6.178  4.276 0.0000000000
68322  -44.946  6.955  4.024 0.0000000000
69016  -44.859  7.467  4.200 0.0000000000
64125  -40.245  0.833  19.889 0.0000000000
64762  -41.479  2.269  18.961 0.0000000000
66066  -43.656  3.422  18.440 0.0000000000
66088  -43.747  3.950  16.209 0.0000000000
66795  -43.959  4.361  15.533 0.0000000000
94444  -46.726  5.282  19.904 0.0000000000
105990  -46.027  6.333  14.339 0.0000000000
68269  -45.608  6.528  12.951 0.0000000000
68982  -46.602  7.814  10.172 0.0000000000
94372  -48.453  9.821  9.338 0.0000000000
93606  -47.535  9.521  8.849 0.0000000000
69702  -46.603  9.929  7.346 0.0000000000
70347  -45.463  9.405  6.057 0.0000000000
102659  -44.841  9.403  5.968 0.0000000000
69637  -49.010  9.469  16.214 0.0000000000
70280  -48.723  9.668  15.471 0.0000000000
69634  -44.630  8.519  15.700 0.0000000000
69651  -43.121  8.396  14.306 0.0000000000
68933  -41.447  7.667  14.894 0.0000000000
90613  -40.600  7.434  17.367 0.0000000000
68903  -40.048  7.396  18.089 0.0000000000
62242  -42.873  -2.735  16.288 0.0000000000
62900  -41.918  -1.025  15.702 0.0000000000
64774  -41.562  1.659  15.939 0.0000000000
68190  -48.225  7.572  24.887 0.0000000000
68864  -49.392  7.759  24.333 0.0000000000
69560  -50.281  8.671  24.292 0.0000000000
68865  -50.190  8.186  23.945 0.0000000000
68871  -49.931  7.727  22.791 0.0000000000
70243  -48.747  9.379  23.080 0.0000000000
70236  -48.210  10.153  23.330 0.0000000000
71347  -47.930  11.053  23.315 0.0000000000
65509  -46.014  2.903  4.811 0.0000000000
104746  -39.819  -1.439  23.015 0.0000000000
102583  -40.169  -0.938  23.414 0.0000000000
64110  -40.549  -0.277  23.823 0.0000000000
64102  -39.935  0.522  24.196 0.0000000000
105027  -40.827  0.248  24.293 0.0000000000
60822  -48.452  -4.221  18.956 0.0000000000
60821  -47.535  -4.470  18.436 0.0000000000
60831  -46.943  -4.365  17.746 0.0000000000
60016  -46.120  -5.268  18.608 0.0000000000
59231  -43.952  -6.013  18.622 0.0000000000
57018  -42.148  -9.147  24.411 0.0000000000
57029  -42.514  -9.363  23.591 0.0000000000
89621  -41.999  -9.594  22.740 0.0000000000
57042  -42.740  -9.578  22.789 0.0000000000
90607  -42.432  -9.671  21.946 0.0000000000
60000  -38.316  -5.791  20.250 0.0000000000
59999  -37.817  -5.788  20.787 0.0000000000
60797  -36.966  -5.229  21.615 0.0000000000
64813  -44.534  1.282  11.255 0.0000000000
65452  -43.972  2.458  10.260 0.0000000000
97893  -46.047  3.936  7.128 0.0000000000
66836  -44.598  4.630  7.968 0.0000000000
68305  -45.216  6.604  6.990 0.0000000000
64759  -42.614  2.241  20.184 0.0000000000
65392  -42.849  2.200  20.579 0.0000000000
65397  -43.429  3.071  19.508 0.0000000000
66067  -43.807  3.489  19.055 0.0000000000
68235  -48.833  6.296  17.812 0.0000000000
68255  -48.747  7.305  15.126 0.0000000000
68263  -47.800  7.440  13.833 0.0000000000
68967  -47.657  8.159  11.819 0.0000000000
69696  -48.612  10.215  9.421 0.0000000000
70336  -47.756  10.296  8.974 0.0000000000
70870  -45.869  10.497  7.951 0.0000000000
70865  -47.440  10.506  9.107 0.0000000000
70328  -46.861  10.506  9.576 0.0000000000
102772  -42.734  7.566  16.979 0.0000000000
68905  -42.253  7.760  17.763 0.0000000000
69611  -41.847  8.193  18.531 0.0000000000
69598  -41.444  8.636  19.237 0.0000000000
62916  -47.450  -1.611  14.329 0.0000000000
63549  -45.974  -0.815  13.162 0.0000000000
64173  -44.744  0.272  12.361 0.0000000000
62913  -43.291  -0.960  14.457 0.0000000000
63546  -43.470  -0.531  13.828 0.0000000000
64802  -44.080  0.900  12.003 0.0000000000
104501  -43.345  3.952  12.190 0.0000000000
66763  -45.197  4.504  22.197 0.0000000000
67460  -45.816  5.022  21.763 0.0000000000
67461  -46.555  5.480  21.405 0.0000000000
67464  -46.766  5.424  20.635 0.0000000000
68198  -49.276  6.737  21.724 0.0000000000
67479  -49.026  6.128  19.303 0.0000000000
68236  -50.153  6.388  18.326 0.0000000000
68246  -51.811  7.328  16.968 0.0000000000
68238  -52.081  7.030  17.977 0.0000000000
69647  -52.178  8.999  15.347 0.0000000000
70299  -51.677  9.563  14.780 0.0000000000
70289  -51.128  10.070  14.908 0.0000000000
70282  -50.999  9.912  15.679 0.0000000000
69628  -50.982  9.245  17.581 0.0000000000
69590  -48.260  8.320  20.188 0.0000000000
96331  -45.396  8.605  20.056 0.0000000000
70264  -44.352  9.266  20.603 0.0000000000
90084  -39.405  -1.771  18.962 0.0000000000
64120  -40.719  0.302  20.745 0.0000000000
62860  -41.561  -1.562  22.755 0.0000000000
63494  -41.804  -1.320  22.584 0.0000000000
64752  -42.829  1.731  21.732 0.0000000000
65388  -43.056  2.130  22.127 0.0000000000
66058  -43.549  2.692  22.565 0.0000000000
65378  -43.778  2.228  25.310 0.0000000000
66045  -44.118  2.715  25.911 0.0000000000
100486  -44.596  3.881  23.593 0.0000000000
64141  -50.486  0.526  15.341 0.0000000000
63539  -49.746  -0.038  14.904 0.0000000000
62917  -48.286  -1.307  14.560 0.0000000000
62889  -49.382  -1.651  16.017 0.0000000000
62243  -43.796  -2.924  15.897 0.0000000000
60834  -44.910  -3.977  16.562 0.0000000000
61557  -44.338  -3.460  16.254 0.0000000000
62235  -41.709  -2.586  17.150 0.0000000000
62234  -41.048  -2.575  17.529 0.0000000000
62229  -40.161  -2.699  18.117 0.0000000000
59205  -47.772  -6.769  22.169 0.0000000000
57723  -46.501  -8.469  27.036 0.0000000000
57010  -44.684  -9.087  25.391 0.0000000000
57738  -47.123  -8.365  25.716 0.0000000000
57761  -47.397  -8.139  23.605 0.0000000000
57771  -46.841  -8.494  22.990 0.0000000000
58466  -47.496  -7.534  22.671 0.0000000000
59210  -46.914  -6.982  21.018 0.0000000000
58493  -45.639  -6.899  19.996 0.0000000000
58482  -45.240  -7.603  20.353 0.0000000000
59224  -44.348  -6.556  19.189 0.0000000000
59230  -43.053  -5.990  18.390 0.0000000000
57788  -42.377  -8.543  20.327 0.0000000000
58479  -42.688  -7.951  19.775 0.0000000000
58489  -42.105  -7.448  19.337 0.0000000000
59222  -42.367  -6.699  18.747 0.0000000000
62222  -39.050  -2.243  19.557 0.0000000000
62217  -39.156  -2.554  20.604 0.0000000000
62206  -39.797  -2.222  22.074 0.0000000000
63485  -38.142  -0.643  23.388 0.0000000000
62851  -37.787  -1.349  23.042 0.0000000000
63484  -37.157  -0.713  23.490 0.0000000000
64107  -37.478  0.040  23.727 0.0000000000
64860  -52.569  2.375  6.679 0.0000000000
66163  -52.433  3.224  6.802 0.0000000000
65493  -51.912  2.406  6.074 0.0000000000
65502  -51.128  2.292  5.550 0.0000000000
65501  -50.337  2.472  5.360 0.0000000000
64828  -47.946  1.760  10.275 0.0000000000
65455  -48.862  2.120  9.958 0.0000000000
66136  -49.970  3.553  7.658 0.0000000000
94946  -49.129  3.476  7.831 0.0000000000
66161  -50.348  4.003  6.200 0.0000000000
65499  -47.904  2.813  5.281 0.0000000000
66848  -46.917  4.887  5.284 0.0000000000
66177  -44.457  3.477  4.428 0.0000000000
99011  -44.149  4.417  4.248 0.0000000000
66863  -44.701  5.435  4.009 0.0000000000
66855  -43.311  4.432  4.510 0.0000000000
100260  -40.168  0.031  17.701 0.0000000000
65400  -42.995  3.106  18.256 0.0000000000
66768  -45.905  4.818  19.890 0.0000000000
66770  -45.263  4.435  19.372 0.0000000000
66787  -45.037  4.206  17.287 0.0000000000
67487  -46.964  5.782  17.820 0.0000000000
66789  -45.827  4.916  17.130 0.0000000000
91377  -44.713  4.390  16.527 0.0000000000
66796  -44.577  4.687  15.840 0.0000000000
92378  -44.237  4.970  14.980 0.0000000000
67509  -44.730  5.559  14.270 0.0000000000
66803  -43.959  5.028  14.017 0.0000000000
67516  -43.732  5.120  13.142 0.0000000000
67523  -43.811  5.151  12.286 0.0000000000
90495  -44.309  5.926  10.033 0.0000000000
69003  -45.527  7.566  7.025 0.0000000000
68990  -46.593  8.311  9.130 0.0000000000
69012  -45.002  8.141  4.541 0.0000000000
102459  -44.603  8.255  4.636 0.0000000000
106766  -44.329  7.609  4.403 0.0000000000
68317  -43.478  7.074  4.543 0.0000000000
102481  -44.942  10.105  7.941 0.0000000000
107178  -43.746  9.612  9.119 0.0000000000
70296  -48.591  9.999  13.924 0.0000000000
92066  -48.185  9.776  14.666 0.0000000000
70304  -47.675  9.861  13.384 0.0000000000
97145  -45.169  8.796  15.291 0.0000000000
69653  -45.461  9.069  14.924 0.0000000000
69667  -42.005  8.654  11.440 0.0000000000
69658  -42.234  8.340  12.714 0.0000000000
69676  -41.104  8.574  11.183 0.0000000000
68955  -39.966  7.632  13.131 0.0000000000
92069  -41.639  7.637  15.681 0.0000000000
105068  -41.200  7.523  15.430 0.0000000000
70827  -44.384  10.497  21.721 0.0000000000
70839  -44.054  10.062  20.905 0.0000000000
105236  -43.042  9.447  20.133 0.0000000000
66173  -51.299  3.032  5.896 0.0000000000
68215  -51.628  7.168  19.381 0.0000000000
68927  -52.342  7.880  16.430 0.0000000000
69017  -45.019  7.535  4.277 0.0000000000
69639  -52.205  9.191  16.258 0.0000000000
99462  -50.958  3.665  6.201 0.0000000000
102417  -52.280  7.489  17.255 0.0000000000
106424  -52.376  8.583  16.879 0.0000000000
106849  -47.700  7.632  13.241 0.0000000000
107159  -36.810  -4.760  21.909 0.0000000000
