#!ascii label  , from subject OASIS_0001 vox2ras=TkReg
966
71332  -49.758  11.355  25.551 0.0000000000
79390  -42.121  30.840  23.711 0.0000000000
91483  -39.645  19.022  22.588 0.0000000000
74789  -48.706  17.678  14.971 0.0000000000
80316  -45.187  29.462  17.502 0.0000000000
77008  -44.606  23.704  17.514 0.0000000000
76561  -48.150  22.673  12.365 0.0000000000
73811  -43.726  17.215  15.444 0.0000000000
68161  -44.158  5.742  26.590 0.0000000000
90158  -45.846  11.102  26.949 0.0000000000
79403  -34.567  29.100  19.717 0.0000000000
80800  -39.130  31.172  17.041 0.0000000000
81291  -43.831  32.433  12.793 0.0000000000
74202  -46.053  18.278  25.757 0.0000000000
77514  -38.473  24.835  20.667 0.0000000000
75220  -44.231  18.937  20.062 0.0000000000
73755  -48.227  15.974  21.138 0.0000000000
72875  -46.186  14.947  19.460 0.0000000000
100456  -41.715  13.760  20.508 0.0000000000
71341  -49.743  11.643  23.845 0.0000000000
79437  -46.570  29.142  16.759 0.0000000000
78574  -47.886  26.473  16.497 0.0000000000
77561  -46.286  25.386  14.856 0.0000000000
76558  -43.989  21.545  13.738 0.0000000000
69550  -44.835  8.074  26.035 0.0000000000
70808  -43.109  10.310  24.686 0.0000000000
79801  -33.825  28.599  22.039 0.0000000000
81262  -41.336  33.689  16.264 0.0000000000
73284  -42.974  16.295  24.944 0.0000000000
74725  -42.498  19.760  24.188 0.0000000000
78955  -38.629  28.246  26.407 0.0000000000
78016  -41.437  26.187  24.412 0.0000000000
75673  -45.865  20.594  15.455 0.0000000000
75664  -43.667  20.661  17.088 0.0000000000
74761  -46.176  18.833  17.603 0.0000000000
75209  -47.933  20.320  21.179 0.0000000000
74257  -49.379  17.366  18.035 0.0000000000
72878  -49.499  14.969  19.751 0.0000000000
73362  -47.809  15.892  17.445 0.0000000000
73348  -42.717  15.989  18.584 0.0000000000
79414  -41.600  29.120  20.258 0.0000000000
107165  -43.909  26.528  21.966 0.0000000000
78553  -45.491  26.312  19.306 0.0000000000
76536  -48.431  23.271  15.380 0.0000000000
75688  -48.186  20.150  12.148 0.0000000000
74283  -46.278  16.944  14.764 0.0000000000
75281  -45.171  19.444  12.507 0.0000000000
74792  -42.028  18.519  14.253 0.0000000000
91257  -45.812  6.052  27.209 0.0000000000
69535  -47.463  8.679  27.464 0.0000000000
71315  -47.812  11.454  27.630 0.0000000000
78519  -32.179  27.072  23.847 0.0000000000
78530  -35.289  26.590  22.559 0.0000000000
88910  -38.201  27.725  21.583 0.0000000000
80297  -40.306  31.612  20.986 0.0000000000
80804  -42.573  33.366  19.542 0.0000000000
81255  -44.470  33.019  16.019 0.0000000000
80361  -44.899  31.692  14.416 0.0000000000
80387  -44.370  31.399  12.253 0.0000000000
72359  -43.877  13.065  24.911 0.0000000000
72821  -46.023  14.845  26.322 0.0000000000
73289  -47.465  15.336  26.091 0.0000000000
92051  -38.236  21.434  20.523 0.0000000000
77526  -41.786  24.093  18.507 0.0000000000
76080  -40.923  21.286  18.726 0.0000000000
75218  -41.455  19.350  20.723 0.0000000000
75618  -45.505  20.635  22.952 0.0000000000
74225  -46.409  17.915  23.737 0.0000000000
72365  -48.410  13.724  24.334 0.0000000000
72380  -48.826  13.603  21.835 0.0000000000
71864  -46.938  12.714  21.817 0.0000000000
71878  -44.514  12.606  21.562 0.0000000000
73360  -45.604  15.930  17.441 0.0000000000
92657  -43.801  14.223  20.694 0.0000000000
71372  -43.109  11.166  21.215 0.0000000000
70796  -49.418  10.591  26.119 0.0000000000
70809  -50.446  10.502  24.296 0.0000000000
71338  -50.232  11.285  24.511 0.0000000000
79446  -45.921  29.154  16.319 0.0000000000
90538  -46.825  27.304  16.081 0.0000000000
78584  -44.901  26.532  16.110 0.0000000000
77559  -44.328  24.378  15.081 0.0000000000
74723  -40.760  18.928  23.534 0.0000000000
79372  -40.874  29.487  25.190 0.0000000000
90421  -47.762  18.610  14.674 0.0000000000
75264  -45.711  19.668  16.142 0.0000000000
74770  -47.544  18.562  16.726 0.0000000000
74763  -48.335  18.613  18.264 0.0000000000
74772  -49.150  17.864  16.745 0.0000000000
93562  -49.246  16.617  17.587 0.0000000000
73816  -48.879  16.889  15.777 0.0000000000
107343  -42.780  29.203  18.051 0.0000000000
78999  -44.350  27.057  20.494 0.0000000000
79418  -45.195  27.410  18.614 0.0000000000
78091  -48.515  25.078  14.716 0.0000000000
77551  -48.642  24.751  15.885 0.0000000000
94148  -49.039  23.204  13.828 0.0000000000
76108  -48.658  21.797  13.329 0.0000000000
76120  -48.268  21.049  11.546 0.0000000000
75282  -46.464  19.106  12.417 0.0000000000
76124  -46.741  21.010  11.621 0.0000000000
104995  -43.186  20.457  13.861 0.0000000000
70217  -45.491  9.623  26.481 0.0000000000
69541  -45.928  8.613  27.094 0.0000000000
70218  -46.248  9.581  27.260 0.0000000000
70212  -47.972  9.736  27.493 0.0000000000
71324  -46.342  11.719  27.260 0.0000000000
79402  -33.412  28.442  20.743 0.0000000000
78979  -34.157  27.721  22.085 0.0000000000
78988  -34.716  27.568  20.989 0.0000000000
78537  -36.594  26.753  22.023 0.0000000000
79404  -36.264  28.538  20.083 0.0000000000
80323  -38.561  30.239  17.878 0.0000000000
79827  -38.609  30.268  19.932 0.0000000000
101043  -39.880  31.395  18.744 0.0000000000
80790  -41.776  32.866  20.916 0.0000000000
80802  -41.101  33.200  19.054 0.0000000000
81720  -42.863  33.267  14.540 0.0000000000
81707  -43.205  34.253  16.200 0.0000000000
81263  -44.556  33.585  15.070 0.0000000000
81277  -45.259  32.436  15.048 0.0000000000
80832  -44.920  32.267  14.190 0.0000000000
80375  -44.698  31.862  13.394 0.0000000000
80854  -44.363  31.353  12.112 0.0000000000
72818  -40.072  14.790  27.168 0.0000000000
71845  -39.464  13.397  26.006 0.0000000000
72356  -40.432  14.069  25.366 0.0000000000
104470  -42.578  12.669  24.563 0.0000000000
72826  -41.554  14.731  24.883 0.0000000000
74200  -44.364  17.950  25.464 0.0000000000
73301  -44.591  15.963  25.209 0.0000000000
96279  -45.622  16.400  25.618 0.0000000000
73270  -46.861  15.069  26.681 0.0000000000
98837  -46.948  16.584  25.920 0.0000000000
76977  -36.970  23.879  21.486 0.0000000000
76498  -37.322  22.484  20.656 0.0000000000
76505  -38.423  22.614  20.127 0.0000000000
104944  -44.077  25.303  19.590 0.0000000000
78048  -43.292  25.513  20.420 0.0000000000
76999  -43.121  24.008  17.917 0.0000000000
75256  -43.688  19.631  17.828 0.0000000000
76082  -42.355  21.256  17.831 0.0000000000
75246  -42.512  19.699  18.666 0.0000000000
75232  -41.169  20.012  19.265 0.0000000000
100627  -43.378  18.883  20.954 0.0000000000
96162  -43.743  20.001  22.856 0.0000000000
94438  -44.808  19.535  21.151 0.0000000000
74233  -47.944  18.680  21.093 0.0000000000
74232  -47.256  18.886  21.988 0.0000000000
73753  -47.271  16.468  22.205 0.0000000000
73305  -47.270  15.136  23.935 0.0000000000
73307  -48.269  15.307  21.857 0.0000000000
72368  -48.896  13.688  22.363 0.0000000000
72843  -49.735  14.538  21.052 0.0000000000
72861  -48.453  14.420  20.076 0.0000000000
102310  -49.012  14.045  20.646 0.0000000000
72396  -47.511  13.852  20.717 0.0000000000
71879  -45.680  12.775  21.761 0.0000000000
72377  -45.216  13.409  21.266 0.0000000000
74282  -45.146  17.232  14.928 0.0000000000
73806  -45.789  16.416  16.162 0.0000000000
73792  -44.427  16.461  16.670 0.0000000000
73332  -42.373  15.453  19.285 0.0000000000
73333  -43.261  15.558  19.401 0.0000000000
72857  -42.931  14.227  20.503 0.0000000000
72393  -43.222  13.510  20.988 0.0000000000
71890  -42.305  12.730  21.045 0.0000000000
71371  -42.383  11.295  21.034 0.0000000000
68849  -48.748  8.369  25.943 0.0000000000
70811  -49.063  10.853  23.540 0.0000000000
79848  -46.298  29.550  17.116 0.0000000000
79426  -46.581  28.144  17.455 0.0000000000
79022  -47.201  27.838  16.791 0.0000000000
78085  -47.901  25.926  15.088 0.0000000000
77043  -47.492  24.135  13.459 0.0000000000
77053  -45.607  22.951  13.392 0.0000000000
77041  -44.855  23.384  14.176 0.0000000000
68171  -44.513  6.439  26.514 0.0000000000
69549  -44.002  8.345  25.162 0.0000000000
71329  -44.531  11.366  25.609 0.0000000000
79821  -32.252  29.577  19.919 0.0000000000
81261  -40.393  33.125  16.279 0.0000000000
89566  -42.247  31.630  12.594 0.0000000000
80864  -43.675  31.446  11.228 0.0000000000
73283  -41.854  16.057  25.340 0.0000000000
74214  -42.556  18.000  24.820 0.0000000000
74700  -44.168  18.841  25.276 0.0000000000
78023  -39.701  25.594  22.168 0.0000000000
76534  -45.566  22.680  16.342 0.0000000000
76525  -44.095  22.893  17.126 0.0000000000
75666  -44.984  20.568  16.147 0.0000000000
75257  -44.503  19.377  17.545 0.0000000000
75249  -45.439  18.887  18.471 0.0000000000
75222  -46.808  20.111  20.527 0.0000000000
75237  -47.385  19.715  19.769 0.0000000000
74745  -48.409  18.976  19.838 0.0000000000
73765  -48.765  16.589  19.740 0.0000000000
72862  -49.712  14.746  20.429 0.0000000000
73339  -49.317  15.556  19.151 0.0000000000
73338  -49.118  15.329  19.076 0.0000000000
73352  -47.324  15.535  18.098 0.0000000000
73791  -43.696  16.486  16.922 0.0000000000
75189  -37.826  19.050  21.921 0.0000000000
79400  -42.678  30.649  23.049 0.0000000000
78985  -42.636  28.782  23.214 0.0000000000
78993  -43.640  27.291  21.873 0.0000000000
78545  -44.819  26.314  20.788 0.0000000000
93296  -45.585  25.210  18.578 0.0000000000
78563  -46.566  26.675  17.857 0.0000000000
95146  -47.077  24.719  17.894 0.0000000000
77019  -46.369  23.436  16.738 0.0000000000
76545  -47.329  22.372  15.045 0.0000000000
75682  -48.034  20.005  13.272 0.0000000000
74787  -47.919  18.379  13.552 0.0000000000
74284  -48.329  17.188  14.459 0.0000000000
74302  -47.678  18.022  13.314 0.0000000000
74299  -45.526  17.974  13.615 0.0000000000
74794  -44.356  18.407  13.647 0.0000000000
76118  -44.444  20.767  13.128 0.0000000000
75276  -43.271  19.130  13.440 0.0000000000
68845  -45.825  6.921  27.469 0.0000000000
68846  -46.319  7.001  27.572 0.0000000000
68848  -47.855  7.782  26.929 0.0000000000
69536  -48.141  8.809  27.300 0.0000000000
70790  -48.510  10.362  27.375 0.0000000000
71325  -48.968  11.393  26.693 0.0000000000
89094  -32.820  26.501  24.458 0.0000000000
78528  -33.728  26.656  23.476 0.0000000000
91416  -34.569  27.133  25.562 0.0000000000
78524  -37.196  26.986  24.826 0.0000000000
78975  -38.786  27.685  22.978 0.0000000000
101209  -40.281  29.637  22.587 0.0000000000
79823  -35.002  29.594  19.191 0.0000000000
79413  -37.253  29.585  19.851 0.0000000000
79406  -39.064  29.739  20.726 0.0000000000
106473  -41.553  31.437  22.822 0.0000000000
80299  -42.929  32.525  22.015 0.0000000000
80305  -42.478  32.397  20.456 0.0000000000
80314  -42.891  30.467  17.607 0.0000000000
100997  -41.828  34.206  18.307 0.0000000000
94344  -43.187  33.961  18.370 0.0000000000
80327  -44.797  30.962  16.970 0.0000000000
80339  -45.583  30.747  16.439 0.0000000000
80350  -45.678  30.648  15.912 0.0000000000
80348  -44.489  30.907  14.531 0.0000000000
80374  -44.249  31.196  12.884 0.0000000000
80866  -44.859  31.116  10.993 0.0000000000
71857  -43.311  11.872  24.967 0.0000000000
71848  -44.863  12.372  25.711 0.0000000000
72828  -43.439  14.721  24.668 0.0000000000
72351  -44.805  13.440  25.477 0.0000000000
71849  -45.727  12.641  26.589 0.0000000000
71839  -46.907  12.930  27.397 0.0000000000
72344  -47.583  13.780  27.257 0.0000000000
72354  -48.603  13.281  26.141 0.0000000000
75203  -39.187  19.750  21.261 0.0000000000
78533  -42.896  26.608  23.272 0.0000000000
78025  -41.210  26.020  21.691 0.0000000000
77518  -39.784  24.980  19.674 0.0000000000
77006  -42.874  23.010  17.724 0.0000000000
76997  -41.586  22.940  18.291 0.0000000000
102322  -39.469  23.041  19.450 0.0000000000
76071  -39.476  21.544  19.703 0.0000000000
75631  -39.860  20.350  20.109 0.0000000000
92352  -40.388  19.508  21.971 0.0000000000
75192  -42.030  19.631  22.876 0.0000000000
75183  -43.534  20.442  24.021 0.0000000000
75175  -45.890  20.354  24.914 0.0000000000
106840  -46.596  20.631  21.915 0.0000000000
74726  -46.608  19.701  24.070 0.0000000000
74203  -46.659  18.235  25.337 0.0000000000
73302  -47.003  16.126  24.795 0.0000000000
72830  -47.875  14.619  25.387 0.0000000000
72362  -49.013  12.993  24.741 0.0000000000
72363  -49.556  12.470  23.847 0.0000000000
71340  -49.096  12.365  23.270 0.0000000000
71866  -48.086  12.131  22.966 0.0000000000
72397  -49.684  14.338  20.759 0.0000000000
71880  -48.087  12.800  22.028 0.0000000000
71346  -46.927  11.437  22.942 0.0000000000
71345  -46.021  11.980  22.437 0.0000000000
71360  -45.065  11.156  22.234 0.0000000000
73807  -47.618  16.423  16.065 0.0000000000
73361  -46.671  15.818  17.457 0.0000000000
73335  -45.615  15.356  18.695 0.0000000000
73349  -44.305  15.985  18.084 0.0000000000
73334  -44.520  15.545  18.773 0.0000000000
72874  -45.022  15.049  19.483 0.0000000000
72376  -44.117  13.460  21.160 0.0000000000
71358  -43.653  11.890  21.474 0.0000000000
70802  -50.312  10.703  24.939 0.0000000000
79031  -45.412  28.337  16.199 0.0000000000
78572  -45.817  27.475  16.160 0.0000000000
104771  -44.603  27.492  16.258 0.0000000000
74735  -39.940  18.771  23.239 0.0000000000
79384  -42.018  30.382  24.583 0.0000000000
79373  -41.881  29.917  25.780 0.0000000000
79385  -42.752  30.401  24.487 0.0000000000
74779  -47.321  18.653  15.787 0.0000000000
74780  -48.429  18.138  15.468 0.0000000000
102015  -48.725  18.145  16.421 0.0000000000
74781  -48.927  17.684  15.795 0.0000000000
74273  -49.138  17.227  16.143 0.0000000000
74285  -48.786  17.256  15.162 0.0000000000
79838  -43.990  29.299  17.769 0.0000000000
79423  -43.581  28.304  18.421 0.0000000000
79424  -44.997  28.455  18.049 0.0000000000
77056  -48.613  23.991  13.593 0.0000000000
77044  -49.030  23.797  14.028 0.0000000000
89724  -48.826  23.108  13.145 0.0000000000
76562  -48.915  22.194  12.341 0.0000000000
100158  -47.656  21.189  11.434 0.0000000000
76567  -47.264  21.838  11.838 0.0000000000
68162  -44.932  5.652  27.086 0.0000000000
70793  -45.498  10.562  26.470 0.0000000000
70794  -45.897  10.323  27.002 0.0000000000
95132  -46.567  10.665  27.416 0.0000000000
92756  -34.148  28.300  20.481 0.0000000000
78987  -34.056  27.851  21.166 0.0000000000
78989  -35.520  27.377  20.934 0.0000000000
97096  -35.237  28.201  20.302 0.0000000000
80811  -38.245  31.398  16.074 0.0000000000
80338  -37.584  30.683  16.257 0.0000000000
80324  -39.471  30.850  18.268 0.0000000000
80801  -40.151  31.674  18.030 0.0000000000
92121  -39.876  31.966  16.976 0.0000000000
81284  -43.305  32.873  13.518 0.0000000000
81274  -43.837  33.488  14.221 0.0000000000
81285  -44.177  32.996  13.508 0.0000000000
81276  -44.944  33.020  14.550 0.0000000000
81286  -44.660  32.709  13.757 0.0000000000
80843  -44.620  31.945  13.172 0.0000000000
81292  -44.302  32.255  12.924 0.0000000000
73281  -40.159  15.357  26.963 0.0000000000
104150  -40.325  14.951  26.817 0.0000000000
107160  -40.306  14.627  26.159 0.0000000000
72825  -40.698  14.847  25.615 0.0000000000
72357  -41.294  13.851  24.699 0.0000000000
96720  -45.253  17.877  25.733 0.0000000000
73728  -44.740  17.028  25.359 0.0000000000
73729  -45.845  17.339  25.746 0.0000000000
102335  -46.398  16.758  25.845 0.0000000000
73730  -46.588  17.425  25.633 0.0000000000
89835  -38.130  24.966  21.497 0.0000000000
77513  -37.687  24.247  20.844 0.0000000000
76981  -38.026  23.445  20.311 0.0000000000
97766  -38.339  24.117  20.275 0.0000000000
104984  -44.577  25.205  18.876 0.0000000000
93896  -43.594  24.757  18.732 0.0000000000
77528  -44.096  24.265  18.093 0.0000000000
75234  -43.900  19.074  19.083 0.0000000000
75247  -43.348  19.434  18.523 0.0000000000
75233  -43.031  19.107  19.461 0.0000000000
73764  -48.135  17.014  20.535 0.0000000000
74230  -47.408  17.448  21.470 0.0000000000
73308  -49.186  14.699  21.434 0.0000000000
73312  -49.537  15.032  21.095 0.0000000000
72876  -47.627  14.821  19.413 0.0000000000
72860  -46.818  14.415  20.114 0.0000000000
72395  -45.968  13.979  20.802 0.0000000000
73812  -44.514  16.963  15.510 0.0000000000
73805  -44.844  16.544  16.095 0.0000000000
73804  -43.894  16.805  16.106 0.0000000000
72856  -42.099  14.281  20.296 0.0000000000
72872  -42.613  14.916  19.915 0.0000000000
72392  -42.393  13.471  20.764 0.0000000000
88545  -41.989  12.119  20.984 0.0000000000
71889  -41.648  13.012  20.733 0.0000000000
70237  -49.511  9.960  23.525 0.0000000000
79853  -46.339  29.600  16.958 0.0000000000
79436  -46.711  29.126  17.032 0.0000000000
103044  -46.951  28.565  16.826 0.0000000000
78585  -46.332  26.681  15.697 0.0000000000
78586  -47.355  26.623  15.507 0.0000000000
78084  -46.880  26.066  15.075 0.0000000000
78090  -47.428  25.406  14.569 0.0000000000
77567  -46.476  24.690  14.269 0.0000000000
77042  -46.025  23.810  13.769 0.0000000000
77566  -45.132  24.190  14.463 0.0000000000
68862  -43.393  7.565  24.953 0.0000000000
70800  -44.077  10.383  25.202 0.0000000000
79813  -32.249  29.097  20.852 0.0000000000
80863  -42.583  31.252  11.636 0.0000000000
80399  -41.882  30.688  11.218 0.0000000000
74710  -42.065  18.749  24.338 0.0000000000
74213  -41.668  17.797  24.690 0.0000000000
74699  -43.152  19.078  24.698 0.0000000000
78948  -37.782  27.760  26.706 0.0000000000
78019  -40.756  25.790  23.176 0.0000000000
76100  -45.427  21.481  15.760 0.0000000000
99257  -45.117  22.073  16.128 0.0000000000
74778  -46.408  18.881  16.545 0.0000000000
74769  -45.400  19.158  17.159 0.0000000000
74760  -45.099  18.972  17.840 0.0000000000
74753  -46.768  19.100  18.672 0.0000000000
97665  -49.090  18.062  17.936 0.0000000000
74754  -48.508  18.799  19.064 0.0000000000
74755  -49.078  18.129  18.796 0.0000000000
74243  -48.967  17.705  19.313 0.0000000000
73772  -49.286  16.377  19.064 0.0000000000
74251  -49.276  17.267  18.674 0.0000000000
73796  -48.718  16.182  17.445 0.0000000000
73354  -49.033  15.959  18.360 0.0000000000
73353  -48.362  15.697  18.236 0.0000000000
73337  -48.158  15.198  18.804 0.0000000000
79407  -42.128  29.589  21.581 0.0000000000
78992  -42.481  28.446  22.090 0.0000000000
79408  -42.021  28.144  20.920 0.0000000000
79000  -44.919  26.783  20.145 0.0000000000
78995  -44.535  26.649  20.965 0.0000000000
78552  -45.226  26.316  20.129 0.0000000000
77529  -45.260  25.747  19.507 0.0000000000
78053  -45.825  25.737  18.778 0.0000000000
79014  -47.072  27.558  17.280 0.0000000000
79008  -46.371  27.356  17.782 0.0000000000
78055  -47.381  26.580  17.252 0.0000000000
77021  -48.755  23.953  15.750 0.0000000000
77541  -47.733  24.705  17.449 0.0000000000
77020  -47.829  23.734  16.405 0.0000000000
77010  -47.201  24.179  17.366 0.0000000000
76535  -46.806  22.917  15.822 0.0000000000
75683  -48.540  20.899  12.697 0.0000000000
75675  -47.739  21.027  13.920 0.0000000000
75277  -47.704  19.221  12.765 0.0000000000
74795  -47.717  18.395  13.308 0.0000000000
75283  -47.424  18.818  12.803 0.0000000000
74800  -45.333  18.693  12.944 0.0000000000
74291  -44.682  17.732  14.282 0.0000000000
76554  -44.450  22.517  13.930 0.0000000000
76559  -45.222  21.793  13.134 0.0000000000
75275  -42.583  19.273  13.917 0.0000000000
75681  -43.284  19.826  13.501 0.0000000000
68854  -45.127  7.089  26.680 0.0000000000
69540  -45.585  7.779  26.943 0.0000000000
97960  -46.666  8.597  27.453 0.0000000000
99167  -46.235  7.648  27.486 0.0000000000
69542  -46.891  7.744  27.498 0.0000000000
68847  -46.987  7.325  27.365 0.0000000000
69543  -47.651  8.009  27.343 0.0000000000
70789  -48.108  10.717  27.581 0.0000000000
71316  -48.438  11.317  27.444 0.0000000000
90002  -48.815  10.718  27.104 0.0000000000
78964  -31.463  27.633  23.610 0.0000000000
104883  -30.930  27.119  23.792 0.0000000000
78518  -31.490  26.887  23.940 0.0000000000
78504  -32.033  26.486  24.293 0.0000000000
99612  -33.649  28.617  22.406 0.0000000000
78974  -34.801  26.832  22.276 0.0000000000
78973  -34.229  27.003  22.557 0.0000000000
78529  -34.552  26.572  23.140 0.0000000000
78521  -34.150  26.614  24.361 0.0000000000
78522  -35.170  26.499  23.957 0.0000000000
78523  -36.211  26.464  24.237 0.0000000000
89928  -36.022  26.471  22.906 0.0000000000
78983  -37.150  27.284  21.180 0.0000000000
78532  -37.576  27.122  22.298 0.0000000000
78976  -39.957  28.918  23.189 0.0000000000
78984  -39.326  28.559  22.005 0.0000000000
79412  -36.414  29.288  19.613 0.0000000000
79825  -36.732  29.569  19.324 0.0000000000
80304  -39.589  30.889  20.149 0.0000000000
79815  -38.257  29.994  20.126 0.0000000000
79806  -40.081  30.772  21.312 0.0000000000
80291  -40.807  31.763  21.648 0.0000000000
80292  -42.127  32.276  22.418 0.0000000000
80298  -41.731  32.544  21.661 0.0000000000
80796  -42.210  32.810  20.656 0.0000000000
80313  -42.439  31.914  18.767 0.0000000000
81251  -40.945  33.931  17.218 0.0000000000
81246  -43.958  33.675  16.786 0.0000000000
81690  -43.358  34.101  17.638 0.0000000000
107022  -43.593  33.638  17.378 0.0000000000
80805  -43.621  32.719  17.194 0.0000000000
80806  -44.746  31.794  16.625 0.0000000000
89111  -45.459  30.753  16.701 0.0000000000
80813  -45.377  31.655  16.265 0.0000000000
80362  -45.309  31.679  15.092 0.0000000000
80823  -45.480  31.647  15.740 0.0000000000
79858  -45.600  29.983  15.750 0.0000000000
80349  -45.262  30.931  15.183 0.0000000000
80360  -44.275  31.169  13.874 0.0000000000
80386  -44.693  30.826  11.463 0.0000000000
80865  -44.177  31.453  11.125 0.0000000000
71335  -41.291  11.976  24.585 0.0000000000
72358  -42.943  13.116  24.489 0.0000000000
89858  -43.216  12.475  24.772 0.0000000000
71328  -44.106  11.891  25.383 0.0000000000
71847  -43.975  12.378  25.213 0.0000000000
73299  -42.676  15.461  24.790 0.0000000000
73286  -45.355  15.419  25.593 0.0000000000
72829  -44.395  14.983  25.012 0.0000000000
72352  -45.698  13.790  26.106 0.0000000000
94487  -45.405  12.979  25.944 0.0000000000
72342  -46.032  13.300  26.753 0.0000000000
71838  -46.272  13.012  27.103 0.0000000000
72805  -46.465  14.149  26.719 0.0000000000
73271  -47.363  15.011  26.656 0.0000000000
72806  -47.154  14.456  27.062 0.0000000000
72807  -47.643  14.520  26.944 0.0000000000
72345  -48.322  13.243  27.043 0.0000000000
72353  -48.142  14.055  26.733 0.0000000000
76499  -38.041  22.079  20.436 0.0000000000
75622  -37.729  20.354  21.201 0.0000000000
78540  -43.459  27.320  22.732 0.0000000000
78534  -43.011  27.540  23.372 0.0000000000
78539  -43.493  26.660  22.661 0.0000000000
77520  -42.326  25.029  19.253 0.0000000000
78034  -42.183  25.979  21.411 0.0000000000
78047  -41.921  25.547  20.180 0.0000000000
78046  -40.608  25.671  20.547 0.0000000000
92784  -40.697  25.137  19.606 0.0000000000
76532  -43.783  22.059  17.104 0.0000000000
76524  -43.367  22.435  17.441 0.0000000000
76090  -43.207  21.328  17.401 0.0000000000
76081  -41.629  21.234  18.278 0.0000000000
76516  -41.895  22.009  17.987 0.0000000000
76515  -41.193  22.030  18.421 0.0000000000
98509  -40.156  23.153  18.986 0.0000000000
76514  -40.516  22.125  18.904 0.0000000000
76507  -39.824  22.253  19.359 0.0000000000
76072  -40.266  21.329  19.343 0.0000000000
75231  -40.649  19.794  20.155 0.0000000000
75217  -39.912  19.932  20.728 0.0000000000
95797  -40.683  19.527  21.271 0.0000000000
95303  -41.094  19.419  22.319 0.0000000000
75204  -41.684  19.378  21.813 0.0000000000
75195  -44.779  20.460  22.693 0.0000000000
75194  -44.037  20.411  23.417 0.0000000000
75606  -44.465  20.603  23.884 0.0000000000
75595  -44.175  20.366  24.501 0.0000000000
75607  -45.302  20.632  23.629 0.0000000000
75223  -47.740  20.233  20.612 0.0000000000
75208  -47.192  20.524  21.305 0.0000000000
74229  -46.786  17.777  22.598 0.0000000000
93824  -46.563  19.021  23.135 0.0000000000
92802  -46.629  18.843  24.254 0.0000000000
74713  -46.670  19.148  24.937 0.0000000000
74215  -46.805  18.153  24.848 0.0000000000
73743  -46.812  17.129  25.316 0.0000000000
73751  -46.641  17.008  24.328 0.0000000000
72832  -47.784  14.367  24.014 0.0000000000
72361  -48.310  13.937  25.674 0.0000000000
72366  -49.053  13.194  23.478 0.0000000000
71861  -49.104  12.827  23.200 0.0000000000
71867  -48.810  12.998  22.538 0.0000000000
100642  -49.521  14.615  20.201 0.0000000000
72379  -48.037  13.470  21.392 0.0000000000
71865  -47.194  12.238  22.410 0.0000000000
70815  -45.968  10.747  22.630 0.0000000000
93173  -45.168  12.017  21.794 0.0000000000
70827  -44.384  10.497  21.721 0.0000000000
71359  -44.385  11.543  21.699 0.0000000000
73820  -47.865  17.024  14.310 0.0000000000
73815  -48.189  16.791  15.104 0.0000000000
92648  -46.744  16.567  15.469 0.0000000000
73793  -45.194  16.287  16.792 0.0000000000
73794  -46.134  16.091  16.838 0.0000000000
73351  -46.155  15.568  18.043 0.0000000000
73350  -45.111  15.679  18.006 0.0000000000
73779  -42.605  16.320  17.854 0.0000000000
73780  -43.513  16.285  17.789 0.0000000000
72873  -43.516  14.951  20.208 0.0000000000
107267  -43.903  15.712  19.192 0.0000000000
104227  -44.093  15.416  19.704 0.0000000000
72858  -44.405  14.796  20.295 0.0000000000
72394  -44.763  14.049  20.724 0.0000000000
71357  -42.791  12.131  21.258 0.0000000000
71877  -43.471  12.779  21.378 0.0000000000
104498  -49.297  9.836  26.183 0.0000000000
70226  -50.109  9.515  24.882 0.0000000000
70233  -50.568  9.899  24.159 0.0000000000
79032  -46.482  28.311  16.453 0.0000000000
97637  -45.495  25.802  15.483 0.0000000000
77560  -45.290  24.920  14.957 0.0000000000
105043  -44.643  25.824  15.919 0.0000000000
74724  -41.648  19.256  23.844 0.0000000000
78956  -39.738  28.878  25.888 0.0000000000
79367  -40.786  29.469  26.456 0.0000000000
78525  -42.511  26.841  24.790 0.0000000000
75270  -46.387  19.829  15.143 0.0000000000
75265  -46.738  19.147  15.427 0.0000000000
74762  -47.457  18.712  17.888 0.0000000000
74771  -48.560  18.376  17.354 0.0000000000
74263  -49.354  17.320  17.121 0.0000000000
73809  -49.070  16.644  16.607 0.0000000000
73795  -48.307  16.250  16.702 0.0000000000
79422  -42.281  28.577  18.703 0.0000000000
79415  -42.034  28.153  19.735 0.0000000000
79416  -43.259  27.662  19.416 0.0000000000
79417  -44.423  27.389  19.119 0.0000000000
79001  -45.291  26.752  19.151 0.0000000000
78086  -48.434  25.514  15.349 0.0000000000
78069  -48.355  25.643  16.223 0.0000000000
107227  -48.751  24.932  15.182 0.0000000000
77562  -49.024  24.337  14.909 0.0000000000
77031  -49.039  23.563  14.702 0.0000000000
76546  -48.801  22.720  14.224 0.0000000000
76555  -48.917  22.537  13.079 0.0000000000
76115  -48.926  21.746  12.346 0.0000000000
99959  -48.070  20.463  11.630 0.0000000000
75288  -47.523  19.728  11.943 0.0000000000
75695  -47.374  20.488  11.469 0.0000000000
75694  -46.386  20.376  11.810 0.0000000000
75693  -45.635  20.017  12.185 0.0000000000
76114  -43.618  20.622  13.604 0.0000000000
68163  -45.517  5.828  27.052 0.0000000000
99597  -45.304  8.666  26.392 0.0000000000
70219  -47.104  9.629  27.522 0.0000000000
70788  -47.470  10.631  27.574 0.0000000000
71314  -47.061  11.526  27.562 0.0000000000
79380  -31.924  28.405  23.356 0.0000000000
79395  -33.690  28.209  21.343 0.0000000000
79388  -33.787  28.040  22.146 0.0000000000
78980  -34.605  27.365  21.794 0.0000000000
78981  -35.279  26.974  21.614 0.0000000000
78536  -35.869  26.656  21.981 0.0000000000
78982  -36.114  26.953  21.282 0.0000000000
78991  -37.282  28.184  20.544 0.0000000000
80310  -37.681  30.082  17.225 0.0000000000
98827  -37.157  29.674  18.905 0.0000000000
79837  -38.142  29.840  18.963 0.0000000000
80311  -39.031  30.406  19.098 0.0000000000
80789  -40.494  31.991  20.410 0.0000000000
80794  -40.447  32.134  19.442 0.0000000000
80795  -41.487  32.980  20.188 0.0000000000
80803  -42.185  33.391  19.671 0.0000000000
81273  -41.661  32.919  14.873 0.0000000000
81713  -42.460  33.746  15.594 0.0000000000
81714  -43.477  33.796  15.182 0.0000000000
81708  -44.044  34.076  15.647 0.0000000000
81254  -44.346  33.738  15.908 0.0000000000
81265  -45.201  32.416  15.717 0.0000000000
81264  -44.900  33.148  15.308 0.0000000000
72817  -38.824  15.156  26.627 0.0000000000
73269  -39.701  15.048  27.181 0.0000000000
72804  -39.589  14.451  27.140 0.0000000000
72350  -40.051  14.331  26.458 0.0000000000
71856  -41.785  12.770  24.528 0.0000000000
99413  -42.258  13.901  24.489 0.0000000000
94462  -43.219  13.849  24.555 0.0000000000
73727  -43.502  17.169  25.121 0.0000000000
73285  -43.909  16.409  24.906 0.0000000000
73287  -46.468  15.874  26.153 0.0000000000
73288  -47.144  15.723  26.312 0.0000000000
76980  -37.331  23.334  20.718 0.0000000000
100611  -37.817  22.787  20.398 0.0000000000
76063  -38.741  21.669  20.144 0.0000000000
78036  -44.221  25.890  21.337 0.0000000000
78035  -43.488  25.860  21.533 0.0000000000
78049  -44.166  25.550  20.499 0.0000000000
77521  -43.307  25.214  19.442 0.0000000000
77527  -42.688  24.474  18.575 0.0000000000
75657  -43.328  20.295  17.536 0.0000000000
75656  -42.776  20.611  17.781 0.0000000000
75649  -42.932  19.974  18.056 0.0000000000
75648  -42.191  20.455  18.276 0.0000000000
75647  -41.385  20.566  18.677 0.0000000000
75646  -40.794  20.698  19.068 0.0000000000
90888  -42.014  19.549  19.299 0.0000000000
75219  -42.262  19.148  20.212 0.0000000000
93970  -42.317  19.082  21.205 0.0000000000
75205  -42.872  19.420  22.213 0.0000000000
75206  -44.142  19.540  22.005 0.0000000000
75207  -45.218  20.276  21.946 0.0000000000
74737  -48.209  19.584  20.796 0.0000000000
74736  -47.886  19.891  21.591 0.0000000000
73752  -46.568  16.923  23.203 0.0000000000
73304  -47.052  15.803  23.227 0.0000000000
72835  -48.209  14.665  22.621 0.0000000000
72833  -48.808  13.925  22.980 0.0000000000
72836  -49.067  14.231  21.708 0.0000000000
98349  -49.391  14.146  21.385 0.0000000000
72877  -49.036  14.909  19.563 0.0000000000
72378  -46.486  13.396  21.347 0.0000000000
73813  -45.513  16.749  15.480 0.0000000000
71876  -42.788  12.940  21.207 0.0000000000
68863  -48.038  7.697  26.007 0.0000000000
79839  -45.936  29.259  17.449 0.0000000000
79425  -45.868  28.381  17.739 0.0000000000
79429  -46.498  28.901  17.295 0.0000000000
79430  -46.950  28.513  17.104 0.0000000000
78566  -47.518  27.181  16.803 0.0000000000
104902  -46.936  27.814  16.448 0.0000000000
78573  -47.412  27.094  16.157 0.0000000000
78587  -48.009  26.331  15.643 0.0000000000
77568  -48.054  24.770  13.970 0.0000000000
76560  -46.546  22.479  12.515 0.0000000000
77565  -44.302  23.739  14.742 0.0000000000
97319  -43.802  6.715  25.671 0.0000000000
68853  -44.322  7.353  25.724 0.0000000000
70225  -44.627  9.270  25.603 0.0000000000
70801  -44.938  10.447  25.855 0.0000000000
71322  -45.312  11.267  26.240 0.0000000000
79805  -33.021  28.759  21.371 0.0000000000
79394  -32.923  28.624  20.916 0.0000000000
79814  -32.835  29.100  20.311 0.0000000000
79410  -33.651  29.085  19.916 0.0000000000
81243  -40.229  32.851  16.704 0.0000000000
80830  -40.847  32.266  14.265 0.0000000000
80831  -41.681  32.425  13.953 0.0000000000
80841  -42.352  32.309  13.345 0.0000000000
80842  -43.102  32.260  12.851 0.0000000000
80852  -43.371  31.878  12.160 0.0000000000
74198  -42.077  17.232  25.219 0.0000000000
95752  -42.799  17.416  25.153 0.0000000000
74199  -43.410  18.076  25.159 0.0000000000
74201  -45.101  18.633  25.707 0.0000000000
78018  -39.525  25.309  23.157 0.0000000000
78032  -38.989  25.358  21.366 0.0000000000
77018  -45.065  23.217  16.901 0.0000000000
76533  -44.518  22.285  16.672 0.0000000000
76099  -44.626  21.419  16.373 0.0000000000
75665  -44.251  20.587  16.704 0.0000000000
75263  -44.749  19.802  16.821 0.0000000000
75658  -43.947  19.942  17.182 0.0000000000
75248  -44.338  19.095  18.324 0.0000000000
75235  -44.874  18.919  19.284 0.0000000000
75221  -45.516  19.412  20.349 0.0000000000
75236  -46.140  19.303  19.497 0.0000000000
75250  -47.866  19.243  18.980 0.0000000000
75238  -48.029  19.610  19.915 0.0000000000
75224  -48.116  19.926  20.565 0.0000000000
74242  -48.398  18.197  20.220 0.0000000000
73756  -49.150  15.468  20.392 0.0000000000
73321  -49.467  15.320  19.680 0.0000000000
73781  -49.241  16.474  18.440 0.0000000000
73336  -46.837  15.263  18.714 0.0000000000
73803  -42.979  16.914  16.435 0.0000000000
73790  -42.847  16.528  17.210 0.0000000000
104197  -41.767  15.644  18.851 0.0000000000
72871  -41.675  14.977  19.613 0.0000000000
72855  -41.297  14.317  20.187 0.0000000000
79391  -42.593  30.547  23.816 0.0000000000
78998  -43.269  27.455  20.666 0.0000000000
78994  -44.257  26.806  21.342 0.0000000000
78544  -44.367  26.340  21.281 0.0000000000
78037  -44.626  25.936  20.952 0.0000000000
77539  -45.155  24.490  18.073 0.0000000000
79007  -45.868  27.585  18.034 0.0000000000
78554  -45.843  26.752  18.458 0.0000000000
78562  -46.063  26.106  18.644 0.0000000000
78060  -47.763  25.592  17.213 0.0000000000
77531  -47.184  25.206  17.979 0.0000000000
93339  -46.492  25.623  18.332 0.0000000000
77530  -46.448  25.166  18.323 0.0000000000
77540  -46.282  24.572  17.992 0.0000000000
77009  -45.770  23.932  17.433 0.0000000000
76544  -45.996  22.218  15.628 0.0000000000
76106  -46.614  21.468  15.011 0.0000000000
76107  -47.781  21.837  14.300 0.0000000000
75674  -46.946  20.397  14.578 0.0000000000
75271  -47.474  19.375  14.153 0.0000000000
74788  -48.396  17.983  14.316 0.0000000000
74295  -48.395  17.561  14.365 0.0000000000
74796  -48.105  17.898  13.647 0.0000000000
74294  -47.954  17.464  13.854 0.0000000000
74301  -47.273  17.665  13.531 0.0000000000
74801  -46.673  18.234  13.088 0.0000000000
74292  -45.855  17.336  14.183 0.0000000000
74281  -44.054  17.417  14.897 0.0000000000
76119  -46.225  21.588  12.216 0.0000000000
76123  -45.597  20.754  12.394 0.0000000000
75687  -44.700  20.060  12.671 0.0000000000
75280  -44.009  19.568  13.075 0.0000000000
74799  -44.169  19.004  13.161 0.0000000000
98171  -45.404  6.313  27.050 0.0000000000
98330  -45.929  6.401  27.402 0.0000000000
68164  -46.322  6.568  27.308 0.0000000000
68173  -47.173  7.114  26.794 0.0000000000
69544  -48.335  8.408  26.931 0.0000000000
98608  -48.567  8.939  26.968 0.0000000000
70213  -48.535  9.510  27.208 0.0000000000
70220  -48.926  9.376  26.646 0.0000000000
70795  -48.930  10.049  26.936 0.0000000000
71331  -49.085  12.061  26.134 0.0000000000
78966  -32.757  27.485  23.208 0.0000000000
78972  -33.530  27.301  22.800 0.0000000000
78520  -32.948  26.848  23.689 0.0000000000
91898  -33.435  26.601  24.692 0.0000000000
78506  -34.125  26.981  25.605 0.0000000000
101925  -34.495  27.251  26.069 0.0000000000
90452  -35.401  27.070  25.491 0.0000000000
90317  -36.262  27.100  25.572 0.0000000000
78510  -37.614  27.767  26.117 0.0000000000
78531  -36.924  26.676  23.207 0.0000000000
102939  -37.833  27.069  23.519 0.0000000000
78967  -38.443  27.642  24.754 0.0000000000
78968  -39.713  28.390  24.392 0.0000000000
79383  -40.731  29.500  24.129 0.0000000000
79389  -41.130  30.291  23.551 0.0000000000
79411  -35.527  29.170  19.600 0.0000000000
102248  -36.962  29.008  20.108 0.0000000000
79405  -37.854  29.189  20.367 0.0000000000
79396  -38.563  28.521  20.987 0.0000000000
79397  -40.116  30.022  21.824 0.0000000000
79398  -41.297  30.852  23.111 0.0000000000
79399  -42.187  31.325  23.282 0.0000000000
79808  -42.283  31.781  22.891 0.0000000000
79809  -42.623  31.775  22.298 0.0000000000
79817  -42.715  31.283  21.488 0.0000000000
80791  -42.493  32.666  21.471 0.0000000000
91856  -42.953  32.159  21.482 0.0000000000
79828  -41.870  30.443  20.029 0.0000000000
106947  -41.871  30.040  18.684 0.0000000000
81244  -41.096  33.622  18.019 0.0000000000
81245  -42.506  33.998  19.027 0.0000000000
81699  -43.004  34.455  17.302 0.0000000000
81253  -42.847  34.346  18.314 0.0000000000
80325  -42.836  32.151  17.752 0.0000000000
80326  -43.860  31.338  17.102 0.0000000000
80315  -44.527  30.248  17.351 0.0000000000
80328  -45.699  30.051  17.156 0.0000000000
89480  -45.946  30.077  16.939 0.0000000000
97605  -46.062  29.858  16.620 0.0000000000
79859  -46.017  29.747  16.479 0.0000000000
79445  -44.982  29.195  15.809 0.0000000000
80853  -44.065  31.960  11.932 0.0000000000
95033  -44.747  30.800  11.346 0.0000000000
71336  -42.483  11.121  24.663 0.0000000000
89745  -42.428  12.054  24.694 0.0000000000
71337  -43.588  11.237  25.073 0.0000000000
105009  -44.637  11.959  25.683 0.0000000000
71330  -45.182  11.982  26.064 0.0000000000
73298  -41.873  15.333  24.971 0.0000000000
72827  -42.463  14.665  24.625 0.0000000000
73300  -43.669  15.622  24.791 0.0000000000
72360  -44.155  14.002  24.960 0.0000000000
102165  -44.580  12.785  25.470 0.0000000000
71323  -45.760  11.928  26.753 0.0000000000
88485  -46.265  12.495  27.147 0.0000000000
71831  -46.755  12.234  27.433 0.0000000000
71832  -47.406  12.215  27.558 0.0000000000
72343  -46.704  13.617  27.148 0.0000000000
71840  -47.840  12.809  27.417 0.0000000000
71841  -48.507  12.310  27.173 0.0000000000
96704  -48.721  12.756  26.606 0.0000000000
75201  -37.299  19.726  21.568 0.0000000000
75202  -38.228  19.680  21.463 0.0000000000
75190  -38.853  19.139  22.061 0.0000000000
78977  -43.009  29.167  24.066 0.0000000000
91700  -42.159  26.389  23.768 0.0000000000
78543  -43.493  26.183  22.228 0.0000000000
78538  -42.786  26.159  22.498 0.0000000000
78020  -41.804  26.070  22.792 0.0000000000
78024  -40.603  25.880  22.140 0.0000000000
102005  -39.966  25.775  21.335 0.0000000000
78033  -39.382  25.297  20.544 0.0000000000
77007  -43.655  23.392  17.573 0.0000000000
76998  -42.340  23.548  18.072 0.0000000000
76523  -42.641  22.091  17.681 0.0000000000
98731  -42.233  22.696  17.890 0.0000000000
76988  -40.300  24.328  19.049 0.0000000000
76987  -39.526  23.932  19.406 0.0000000000
77517  -38.994  24.462  20.016 0.0000000000
76986  -38.812  23.429  19.865 0.0000000000
76506  -39.097  22.396  19.740 0.0000000000
75630  -39.265  20.911  20.073 0.0000000000
75639  -40.412  20.491  19.597 0.0000000000
75638  -39.834  20.905  19.743 0.0000000000
75216  -39.221  20.330  20.553 0.0000000000
88342  -39.748  19.395  22.021 0.0000000000
75191  -40.421  19.202  22.734 0.0000000000
75181  -41.408  19.372  23.192 0.0000000000
75182  -42.284  19.759  23.655 0.0000000000
75193  -42.979  20.095  23.436 0.0000000000
101226  -42.856  20.189  24.021 0.0000000000
75174  -43.291  20.125  24.402 0.0000000000
94033  -44.960  20.099  25.026 0.0000000000
74702  -45.744  19.170  25.649 0.0000000000
90587  -46.117  20.320  21.429 0.0000000000
75196  -46.197  20.529  22.593 0.0000000000
91752  -47.251  20.476  21.976 0.0000000000
75197  -46.479  20.093  22.962 0.0000000000
75608  -45.877  20.592  23.366 0.0000000000
106265  -46.204  20.421  24.452 0.0000000000
74712  -46.316  19.717  25.353 0.0000000000
74703  -46.410  18.938  25.504 0.0000000000
95916  -47.143  16.114  25.763 0.0000000000
73303  -47.401  15.319  25.132 0.0000000000
72822  -47.813  14.685  26.399 0.0000000000
71850  -49.176  12.536  25.559 0.0000000000
71858  -49.779  12.075  24.508 0.0000000000
71862  -49.953  11.705  24.150 0.0000000000
98483  -49.570  12.247  23.672 0.0000000000
104267  -48.834  11.673  23.349 0.0000000000
71347  -47.930  11.053  23.315 0.0000000000
104429  -49.215  13.876  21.156 0.0000000000
73808  -48.533  16.596  16.038 0.0000000000
100117  -46.653  16.317  16.286 0.0000000000
95199  -47.199  16.105  16.812 0.0000000000
96760  -43.709  15.959  18.629 0.0000000000
72859  -45.469  14.561  20.204 0.0000000000
70221  -49.484  9.372  25.739 0.0000000000
71833  -48.104  12.060  27.569 0.0000000000
71851  -49.707  11.897  25.196 0.0000000000
72820  -45.078  14.384  25.505 0.0000000000
73814  -47.289  16.836  14.635 0.0000000000
74293  -47.059  17.162  14.054 0.0000000000
74300  -46.488  17.600  13.660 0.0000000000
74701  -44.929  19.452  25.465 0.0000000000
74711  -44.085  19.746  24.957 0.0000000000
75168  -45.592  19.846  25.416 0.0000000000
75176  -46.489  20.087  24.712 0.0000000000
75184  -46.225  20.355  23.880 0.0000000000
75245  -41.820  20.004  18.774 0.0000000000
75287  -46.469  19.835  11.908 0.0000000000
75596  -45.108  20.468  24.341 0.0000000000
75597  -45.849  20.554  24.109 0.0000000000
75609  -46.107  20.481  23.170 0.0000000000
75617  -44.829  20.629  23.312 0.0000000000
75624  -45.821  20.546  22.273 0.0000000000
75629  -38.674  20.920  20.476 0.0000000000
75686  -43.885  20.100  13.120 0.0000000000
75689  -48.616  20.981  11.886 0.0000000000
76061  -36.775  22.155  20.935 0.0000000000
76098  -43.934  21.386  16.847 0.0000000000
76568  -48.411  21.725  11.800 0.0000000000
76996  -40.935  23.661  18.654 0.0000000000
77054  -46.999  23.361  12.965 0.0000000000
77055  -48.202  23.483  13.037 0.0000000000
77519  -41.263  24.721  19.048 0.0000000000
77550  -48.161  24.334  16.711 0.0000000000
77569  -48.827  24.414  14.200 0.0000000000
78038  -45.117  26.004  20.419 0.0000000000
78050  -45.467  26.049  19.622 0.0000000000
78054  -46.934  25.895  17.904 0.0000000000
78509  -36.807  27.466  26.237 0.0000000000
78951  -41.278  29.148  27.177 0.0000000000
78965  -32.189  27.753  23.378 0.0000000000
78990  -36.264  27.624  20.651 0.0000000000
79363  -40.637  29.086  27.087 0.0000000000
79368  -41.501  29.569  26.641 0.0000000000
79369  -42.281  29.714  25.945 0.0000000000
79374  -42.706  30.069  25.257 0.0000000000
79421  -41.640  29.097  19.299 0.0000000000
79807  -41.196  31.615  22.332 0.0000000000
79816  -39.520  30.743  20.603 0.0000000000
79826  -37.617  29.729  19.654 0.0000000000
80312  -39.767  31.172  19.339 0.0000000000
80322  -36.758  30.049  16.717 0.0000000000
81247  -44.148  32.899  16.678 0.0000000000
81248  -44.903  32.374  16.246 0.0000000000
81252  -41.991  34.396  17.446 0.0000000000
81275  -44.474  33.327  14.278 0.0000000000
81283  -42.355  32.720  14.030 0.0000000000
81698  -42.366  34.273  16.590 0.0000000000
81700  -43.740  34.166  16.662 0.0000000000
81715  -44.161  33.742  14.855 0.0000000000
90993  -44.724  25.647  20.182 0.0000000000
91322  -40.455  32.565  17.690 0.0000000000
94997  -38.786  25.212  22.257 0.0000000000
96762  -49.928  10.004  25.352 0.0000000000
100029  -40.851  22.762  18.624 0.0000000000
101225  -48.258  24.893  16.818 0.0000000000
101233  -41.490  19.532  19.875 0.0000000000
101464  -38.279  30.624  16.805 0.0000000000
101610  -39.975  19.688  21.432 0.0000000000
103164  -48.807  21.552  11.919 0.0000000000
103389  -47.165  19.840  22.304 0.0000000000
103537  -42.205  13.224  24.461 0.0000000000
103797  -38.132  24.829  22.373 0.0000000000
104951  -41.811  33.924  19.006 0.0000000000
105189  -37.821  27.821  20.932 0.0000000000
105589  -40.932  32.623  20.296 0.0000000000
106076  -39.124  28.215  25.354 0.0000000000
107397  -46.277  28.331  17.562 0.0000000000
