#!ascii label  , from subject OASIS_0001 vox2ras=TkReg
923
89028  -22.658  -15.190  -23.497 0.5555555820
53957  -23.258  -14.709  -23.987 0.6666666865
54702  -23.545  -13.205  -24.327 0.7777777910
106275  -24.231  -13.400  -24.582 0.7777777910
95838  -23.732  -11.789  -24.889 0.8888888955
55403  -25.380  -11.945  -25.297 0.8888888955
53946  -21.898  -15.198  -22.912 0.5555555820
102666  -21.641  -14.488  -22.988 0.5555555820
91312  -22.845  -13.780  -23.849 0.6666666865
54701  -22.851  -13.022  -24.029 0.8888888955
104082  -24.563  -11.827  -25.299 0.8888888955
94508  -24.794  -11.200  -25.599 1.0000000000
56110  -25.239  -11.292  -25.524 0.8888888955
96116  -25.616  -10.727  -25.444 1.0000000000
54688  -21.268  -13.263  -22.905 0.7777777910
56085  -21.930  -11.767  -23.904 1.0000000000
56097  -22.293  -11.040  -24.403 1.0000000000
56755  -23.199  -10.950  -25.050 1.0000000000
56766  -23.780  -10.473  -25.485 1.0000000000
56767  -24.457  -10.481  -25.682 1.0000000000
56765  -23.156  -10.074  -25.389 1.0000000000
57464  -23.876  -9.693  -25.764 1.0000000000
57465  -24.767  -9.676  -25.967 1.0000000000
91311  -25.447  -9.943  -25.663 1.0000000000
58181  -24.259  -9.022  -26.123 1.0000000000
57466  -25.388  -9.074  -26.002 1.0000000000
58194  -24.810  -7.982  -26.487 1.0000000000
58182  -25.372  -8.115  -26.260 0.7777777910
56753  -21.729  -10.340  -24.185 0.8888888955
56754  -22.493  -10.297  -24.897 1.0000000000
96796  -23.029  -9.306  -25.586 1.0000000000
57463  -22.584  -9.680  -25.239 1.0000000000
58180  -23.564  -8.769  -25.946 1.0000000000
58193  -24.160  -8.182  -26.330 1.0000000000
58909  -24.453  -7.496  -26.492 1.0000000000
58910  -25.026  -7.243  -26.470 1.0000000000
58895  -25.662  -7.254  -26.061 0.8888888955
59621  -25.457  -6.524  -26.209 1.0000000000
59622  -26.040  -6.503  -25.778 0.7777777910
59623  -26.701  -6.489  -25.373 0.7777777910
58153  -20.928  -8.651  -24.020 0.5555555820
58882  -21.618  -7.441  -25.130 0.7777777910
58178  -21.941  -8.316  -25.248 0.8888888955
58894  -23.249  -7.829  -26.000 1.0000000000
93738  -22.695  -7.149  -25.899 0.8888888955
58907  -23.225  -7.081  -26.244 1.0000000000
58908  -23.827  -7.318  -26.421 1.0000000000
59636  -24.340  -6.680  -26.556 1.0000000000
59637  -24.956  -6.432  -26.474 0.8888888955
97416  -24.627  -5.818  -26.515 1.0000000000
60403  -25.297  -5.786  -26.271 0.8888888955
60404  -25.848  -4.991  -25.854 0.7777777910
95820  -27.029  -5.029  -25.171 0.6666666865
105300  -26.457  -4.989  -25.506 0.6666666865
58873  -20.547  -7.282  -23.616 0.4444444478
58881  -20.976  -7.323  -24.437 0.7777777910
106046  -20.848  -6.192  -24.607 0.6666666865
95007  -21.957  -5.886  -25.580 0.7777777910
59620  -22.308  -6.546  -25.759 0.8888888955
59634  -22.862  -6.513  -26.220 0.8888888955
59635  -23.532  -6.533  -26.468 1.0000000000
60400  -23.075  -5.719  -26.437 1.0000000000
60401  -23.910  -5.815  -26.613 1.0000000000
60402  -24.277  -5.055  -26.589 1.0000000000
91792  -25.007  -5.046  -26.297 0.7777777910
61203  -25.300  -4.265  -25.933 0.7777777910
61192  -25.851  -4.080  -25.654 0.7777777910
61193  -26.465  -4.322  -25.369 0.6666666865
60380  -20.576  -5.613  -24.379 0.6666666865
60369  -20.019  -5.813  -23.740 0.6666666865
60381  -21.292  -5.873  -24.935 0.7777777910
60388  -21.076  -4.974  -24.758 0.7777777910
60389  -21.635  -5.105  -25.405 0.8888888955
60390  -22.374  -5.190  -26.006 0.8888888955
61190  -21.923  -4.389  -25.815 1.0000000000
61191  -22.544  -4.361  -26.251 1.0000000000
61200  -23.225  -4.271  -26.512 1.0000000000
96561  -23.570  -5.008  -26.607 0.8888888955
61957  -24.305  -3.424  -26.421 0.8888888955
61958  -24.930  -3.700  -26.059 0.8888888955
61956  -23.510  -3.510  -26.531 0.8888888955
62637  -24.971  -2.981  -26.076 0.7777777910
61949  -26.096  -3.472  -25.445 0.7777777910
61950  -26.740  -3.522  -25.023 0.6666666865
60379  -20.097  -4.991  -23.894 0.6666666865
94738  -20.519  -4.794  -24.359 0.7777777910
61189  -21.342  -4.284  -25.253 0.8888888955
61946  -21.620  -3.640  -25.740 1.0000000000
61955  -22.742  -3.610  -26.382 1.0000000000
62636  -24.349  -2.500  -26.276 0.7777777910
62626  -24.939  -2.176  -25.881 0.7777777910
63275  -26.032  -2.270  -25.118 0.6666666865
62617  -26.735  -2.252  -24.713 0.5555555820
62629  -27.055  -2.893  -24.781 0.5555555820
61179  -20.203  -4.242  -24.194 0.7777777910
61165  -19.698  -4.322  -23.561 0.6666666865
61180  -20.768  -4.201  -24.689 0.8888888955
61945  -21.061  -3.535  -25.153 1.0000000000
61954  -22.121  -3.032  -26.162 1.0000000000
102440  -22.419  -2.461  -26.229 0.8888888955
62634  -22.977  -2.740  -26.432 0.8888888955
63279  -22.735  -1.944  -26.250 0.8888888955
62635  -23.775  -2.806  -26.471 0.8888888955
63273  -24.338  -1.787  -26.089 0.7777777910
91958  -24.677  -1.334  -25.502 0.7777777910
63898  -23.563  -0.509  -25.597 0.7777777910
63899  -25.247  -1.200  -24.931 0.5555555820
63263  -26.031  -1.530  -24.669 0.5555555820
63888  -24.662  -0.497  -24.833 0.6666666865
61146  -18.433  -4.000  -21.809 0.4444444478
96756  -19.248  -4.074  -22.882 0.5555555820
61923  -19.563  -3.405  -23.445 0.7777777910
99783  -20.790  -2.842  -25.071 1.0000000000
61938  -20.427  -3.492  -24.558 0.8888888955
62624  -21.146  -2.093  -25.412 0.8888888955
62625  -21.942  -2.147  -25.934 0.8888888955
106813  -22.377  -1.413  -25.918 0.8888888955
63272  -23.154  -1.118  -25.986 0.8888888955
97658  -24.137  -0.688  -25.409 0.6666666865
63889  -25.548  -0.645  -24.409 0.5555555820
96334  -18.200  -2.087  -21.611 0.6666666865
62601  -18.649  -2.742  -22.249 0.6666666865
63261  -19.646  -1.854  -23.686 0.7777777910
63262  -20.259  -1.576  -24.398 0.8888888955
63887  -20.486  -0.729  -24.592 0.7777777910
63269  -20.779  -1.348  -25.092 0.8888888955
63270  -21.609  -1.198  -25.546 0.8888888955
63895  -21.019  -0.450  -25.172 0.7777777910
63271  -22.457  -0.688  -25.710 0.7777777910
98771  -23.057  -0.357  -25.709 0.6666666865
64513  -21.245  0.564  -25.165 0.6666666865
64515  -22.705  0.833  -25.490 0.6666666865
64516  -23.261  0.344  -25.477 0.6666666865
65155  -22.392  1.440  -25.377 0.6666666865
65156  -23.125  1.229  -25.296 0.5555555820
64505  -23.720  0.821  -24.895 0.5555555820
61883  -15.958  -1.659  -19.543 0.3333333433
62572  -16.515  -1.685  -20.117 0.3333333433
62574  -17.658  -1.590  -21.251 0.5555555820
63247  -18.623  -1.470  -22.198 0.6666666865
63855  -17.514  -0.936  -21.077 0.5555555820
95396  -19.028  -1.042  -22.664 0.7777777910
63875  -19.488  -1.026  -23.228 0.7777777910
64493  -18.828  0.099  -22.551 0.6666666865
92326  -20.273  -0.240  -24.020 0.6666666865
63885  -19.736  -0.255  -23.504 0.6666666865
64503  -20.206  0.535  -23.840 0.6666666865
96542  -20.730  0.929  -24.609 0.6666666865
65147  -20.942  1.719  -24.717 0.6666666865
65789  -22.110  2.168  -25.272 0.6666666865
65150  -23.577  1.664  -24.592 0.5555555820
65149  -22.872  1.917  -24.903 0.6666666865
63210  -15.977  -0.957  -19.573 0.4444444478
61863  -14.885  -0.988  -19.152 0.4444444478
63211  -16.395  -1.238  -19.956 0.4444444478
63196  -15.871  -0.549  -19.446 0.5555555820
63854  -17.048  -0.919  -20.546 0.5555555820
64479  -17.577  -0.093  -21.185 0.6666666865
63856  -18.019  -0.573  -21.536 0.6666666865
64480  -18.284  0.202  -21.813 0.6666666865
65146  -20.366  1.395  -24.033 0.6666666865
92987  -19.995  1.843  -23.658 0.6666666865
65783  -21.781  2.716  -24.820 0.6666666865
65784  -22.620  2.642  -24.608 0.5555555820
104243  -23.332  2.288  -24.417 0.6666666865
63823  -15.557  -0.189  -19.060 0.4444444478
64462  -17.187  0.365  -20.641 0.6666666865
65119  -18.342  1.121  -21.841 0.6666666865
64494  -19.444  0.482  -23.113 0.6666666865
65135  -18.868  0.774  -22.505 0.6666666865
65781  -20.445  2.150  -24.129 0.6666666865
55389  -23.248  -12.486  -24.448 0.8888888955
55379  -22.403  -12.455  -23.977 1.0000000000
56098  -22.784  -11.768  -24.510 1.0000000000
56109  -24.138  -11.132  -25.373 1.0000000000
56768  -25.040  -10.604  -25.763 1.0000000000
59608  -20.574  -6.504  -24.158 0.5555555820
61201  -23.932  -4.261  -26.637 0.8888888955
106618  -19.411  -4.604  -23.103 0.5555555820
92586  -18.463  -3.670  -21.928 0.5555555820
61937  -19.956  -3.716  -24.005 0.7777777910
97584  -21.411  -2.871  -25.642 1.0000000000
63280  -23.634  -1.968  -26.302 0.8888888955
64517  -23.907  -0.024  -25.110 0.6666666865
63886  -20.002  -0.940  -23.897 0.7777777910
64506  -24.358  0.413  -24.525 0.4444444478
64478  -17.124  -0.360  -20.614 0.6666666865
64445  -16.682  0.853  -20.236 0.6666666865
60368  -19.570  -5.182  -23.333 0.4444444478
65138  -24.093  2.324  -23.957 0.5555555820
95894  -24.914  2.071  -23.712 0.5555555820
62531  -14.687  -1.080  -17.980 0.2222222239
63194  -14.483  -0.811  -18.824 0.3333333433
65774  -23.408  2.812  -23.971 0.5555555820
52431  -22.516  -15.927  -23.226 0.5555555820
53219  -23.236  -15.538  -23.774 0.5555555820
53972  -24.106  -14.684  -24.452 0.5555555820
54704  -25.534  -13.045  -24.754 0.7777777910
105292  -25.427  -12.434  -25.058 0.8888888955
53207  -21.769  -15.930  -22.613 0.5555555820
54703  -24.558  -14.019  -24.673 0.6666666865
54713  -24.844  -13.267  -24.880 0.6666666865
55391  -25.895  -12.309  -24.843 0.7777777910
56111  -25.935  -11.460  -25.052 0.7777777910
53206  -21.159  -15.513  -22.249 0.4444444478
95201  -21.126  -14.012  -22.662 0.5555555820
55368  -20.725  -12.619  -22.399 0.2222222239
55378  -21.430  -12.420  -23.256 0.6666666865
58183  -25.958  -8.502  -25.724 0.8888888955
99673  -26.527  -7.951  -25.474 0.6666666865
58896  -26.312  -7.225  -25.606 0.7777777910
58897  -27.067  -7.308  -25.136 0.6666666865
98408  -21.482  -11.044  -23.674 0.5555555820
59610  -27.320  -6.408  -24.932 0.6666666865
57440  -20.642  -9.872  -23.040 0.4444444478
60392  -27.017  -5.816  -25.180 0.5555555820
61181  -27.803  -4.724  -24.477 0.5555555820
58152  -20.554  -8.163  -23.237 0.2222222239
61194  -27.173  -4.168  -24.818 0.5555555820
59598  -19.928  -6.652  -23.416 0.4444444478
61939  -27.418  -3.462  -24.636 0.5555555820
59596  -19.322  -5.541  -22.937 0.3333333433
62618  -27.745  -2.796  -24.456 0.5555555820
61147  -18.775  -4.257  -22.422 0.4444444478
91250  -27.485  -2.130  -24.367 0.4444444478
60335  -18.571  -4.588  -21.521 0.3333333433
63890  -26.984  -1.468  -24.254 0.5555555820
64496  -25.942  0.036  -23.893 0.4444444478
61865  -15.954  -2.058  -19.488 0.3333333433
61885  -16.707  -2.061  -20.339 0.3333333433
61899  -17.276  -2.317  -20.790 0.4444444478
104344  -24.847  0.816  -24.076 0.4444444478
65139  -25.053  1.369  -23.806 0.4444444478
63173  -14.337  -0.245  -18.035 0.3333333433
64443  -15.796  0.127  -19.342 0.6666666865
65099  -17.206  1.164  -20.694 0.6666666865
65120  -18.958  1.603  -22.551 0.6666666865
102650  -19.263  2.093  -22.770 0.6666666865
65759  -19.434  2.549  -22.939 0.6666666865
66462  -20.814  3.139  -24.295 0.6666666865
65773  -20.507  2.769  -24.083 0.6666666865
66464  -22.154  3.221  -24.440 0.6666666865
65775  -24.755  2.864  -23.430 0.3333333433
64444  -16.172  0.673  -19.592 0.5555555820
53956  -22.363  -14.551  -23.452 0.6666666865
53239  -23.790  -15.254  -24.206 0.6666666865
99054  -23.779  -13.957  -24.305 0.7777777910
55390  -24.226  -12.618  -24.771 0.8888888955
103642  -25.010  -11.750  -25.507 1.0000000000
55402  -25.014  -12.444  -25.240 0.8888888955
53935  -20.669  -15.020  -22.011 0.4444444478
53945  -21.126  -14.749  -22.452 0.5555555820
53955  -21.831  -13.894  -23.316 0.6666666865
54689  -22.087  -13.156  -23.589 0.8888888955
57467  -26.041  -9.300  -25.468 0.8888888955
57477  -24.817  -8.706  -26.318 1.0000000000
99724  -25.931  -7.822  -25.852 0.7777777910
57451  -21.964  -9.647  -24.761 1.0000000000
57441  -21.154  -9.581  -23.920 0.5555555820
56744  -21.007  -10.393  -23.345 0.6666666865
57462  -22.275  -9.068  -25.271 1.0000000000
58179  -22.736  -8.516  -25.639 1.0000000000
103134  -25.808  -5.885  -25.942 0.8888888955
58165  -21.316  -8.090  -24.627 0.6666666865
94340  -21.546  -8.903  -24.731 0.7777777910
59609  -21.145  -6.683  -24.790 0.6666666865
59619  -21.727  -6.604  -25.286 0.8888888955
100073  -22.142  -7.108  -25.531 0.8888888955
58893  -22.385  -7.743  -25.596 1.0000000000
60391  -26.419  -5.658  -25.552 0.7777777910
60382  -27.553  -5.615  -24.739 0.5555555820
58872  -19.916  -7.265  -23.040 0.3333333433
58164  -20.840  -7.893  -24.005 0.6666666865
99574  -22.492  -5.979  -26.069 0.8888888955
99625  -22.947  -4.912  -26.433 1.0000000000
61202  -24.604  -4.300  -26.331 0.7777777910
61948  -25.500  -3.509  -25.775 0.7777777910
62627  -25.649  -2.722  -25.595 0.7777777910
62628  -26.368  -2.856  -25.113 0.6666666865
95131  -19.567  -5.942  -23.325 0.4444444478
61947  -22.153  -3.803  -26.107 1.0000000000
63274  -25.457  -1.867  -25.366 0.6666666865
103148  -27.268  -2.518  -24.586 0.5555555820
89874  -23.936  -1.184  -25.906 0.8888888955
61164  -18.823  -3.727  -22.485 0.5555555820
100006  -20.358  -2.813  -24.558 1.0000000000
62603  -19.684  -2.667  -23.725 0.7777777910
61922  -19.068  -3.318  -22.723 0.7777777910
62616  -20.572  -2.174  -24.801 0.8888888955
62615  -20.048  -2.379  -24.229 0.7777777910
63876  -26.402  -0.751  -24.044 0.5555555820
104636  -17.686  -2.486  -21.274 0.5555555820
62585  -17.488  -2.006  -21.053 0.4444444478
98865  -18.746  -2.144  -22.362 0.6666666865
63248  -19.201  -1.708  -22.818 0.6666666865
62602  -19.299  -2.570  -22.967 0.7777777910
61901  -18.186  -3.007  -21.617 0.6666666865
64504  -20.642  0.114  -24.620 0.6666666865
63897  -22.569  0.125  -25.589 0.6666666865
105073  -21.132  1.175  -24.973 0.6666666865
64514  -22.027  0.750  -25.477 0.6666666865
101744  -24.358  1.373  -24.218 0.4444444478
64507  -25.147  0.167  -24.274 0.4444444478
62573  -16.977  -1.879  -20.555 0.4444444478
63212  -16.742  -1.436  -20.373 0.5555555820
63226  -18.121  -1.229  -21.576 0.6666666865
63874  -19.210  -0.360  -22.860 0.7777777910
65148  -21.481  2.173  -25.060 0.6666666865
99996  -16.611  -0.551  -20.220 0.5555555820
64461  -16.638  0.099  -20.215 0.6666666865
65136  -19.399  1.195  -22.957 0.6666666865
65772  -19.958  2.501  -23.572 0.6666666865
61145  -17.750  -3.620  -21.277 0.3333333433
59597  -19.576  -6.450  -23.089 0.4444444478
66456  -24.129  3.183  -23.493 0.3333333433
52416  -22.106  -16.598  -22.684 0.5555555820
56769  -26.191  -10.115  -25.201 0.7777777910
53199  -21.026  -15.678  -21.801 0.3333333433
53944  -20.739  -14.245  -22.107 0.4444444478
102692  -21.215  -11.664  -23.276 0.7777777910
58137  -20.532  -8.989  -22.762 0.1111111119
58151  -20.368  -8.104  -22.989 0.1111111119
59578  -19.213  -5.467  -22.748 0.3333333433
60367  -19.196  -4.778  -22.838 0.3333333433
61886  -17.149  -2.572  -20.659 0.3333333433
66463  -21.431  3.187  -24.451 0.6666666865
66454  -22.800  3.144  -24.048 0.4444444478
52435  -26.225  -16.157  -23.863 0.4444444478
52418  -28.201  -17.135  -23.088 0.2222222239
52432  -23.841  -16.829  -23.557 0.4444444478
52433  -24.690  -16.836  -23.979 0.4444444478
53220  -24.019  -16.001  -23.969 0.4444444478
52451  -24.910  -16.110  -24.277 0.4444444478
52452  -25.551  -15.980  -24.183 0.4444444478
53221  -26.756  -15.465  -23.838 0.4444444478
53222  -27.605  -15.598  -23.495 0.2222222239
53240  -24.492  -15.385  -24.411 0.4444444478
53241  -25.256  -15.434  -24.433 0.4444444478
53974  -25.697  -14.730  -24.496 0.4444444478
53959  -27.855  -14.702  -23.660 0.1111111119
53960  -28.692  -14.305  -23.553 0.1111111119
53976  -27.117  -14.293  -23.952 0.3333333433
53973  -24.909  -14.736  -24.642 0.4444444478
53975  -26.495  -14.782  -24.127 0.3333333433
54705  -26.205  -13.900  -24.336 0.4444444478
95634  -25.291  -14.000  -24.758 0.4444444478
55393  -27.834  -13.056  -23.827 0.2222222239
55380  -28.461  -12.499  -23.678 0.1111111119
56086  -28.959  -11.823  -23.595 0.1111111119
104804  -27.160  -12.736  -24.125 0.3333333433
95625  -27.670  -12.237  -23.963 0.3333333433
55392  -26.774  -12.016  -24.440 0.4444444478
56099  -26.744  -11.187  -24.621 0.5555555820
104732  -26.262  -10.765  -24.964 0.6666666865
98182  -28.008  -10.623  -24.189 0.4444444478
57453  -28.466  -9.452  -24.183 0.3333333433
57468  -26.779  -9.435  -24.863 0.6666666865
57452  -27.645  -9.466  -24.492 0.5555555820
58166  -27.295  -8.709  -24.711 0.5555555820
58167  -28.091  -8.719  -24.381 0.5555555820
99675  -27.720  -7.875  -24.640 0.3333333433
58184  -26.605  -8.667  -25.203 0.5555555820
58883  -27.659  -7.025  -24.668 0.4444444478
65100  -17.717  1.685  -21.246 0.5555555820
65743  -18.763  2.483  -22.311 0.5555555820
66452  -19.621  3.277  -23.197 0.5555555820
66453  -20.317  3.344  -23.692 0.5555555820
67158  -21.079  3.622  -23.920 0.5555555820
52434  -25.452  -16.658  -24.068 0.4444444478
52417  -27.473  -16.668  -23.412 0.2222222239
54691  -28.760  -13.401  -23.605 0.1111111119
56100  -27.588  -11.333  -24.224 0.4444444478
104966  -28.215  -11.792  -23.795 0.3333333433
56756  -27.153  -10.378  -24.583 0.6666666865
56757  -28.035  -10.045  -24.319 0.4444444478
58884  -28.303  -7.183  -24.272 0.3333333433
59611  -27.951  -6.332  -24.475 0.4444444478
100907  -27.748  -3.975  -24.425 0.4444444478
65726  -17.369  2.624  -20.794 0.5555555820
66422  -17.678  3.420  -21.213 0.5555555820
103322  -28.741  -10.246  -23.879 0.2222222239
51620  -24.914  -18.278  -23.552 0.4444444478
50903  -25.763  -18.281  -23.478 0.4444444478
51622  -27.525  -17.633  -23.324 0.2222222239
104490  -28.116  -17.808  -22.996 0.2222222239
51623  -28.716  -17.587  -22.678 0.1111111119
103736  -22.905  -16.775  -23.241 0.4444444478
90534  -24.100  -18.193  -23.198 0.4444444478
52436  -28.329  -16.210  -23.105 0.1111111119
53223  -28.659  -15.206  -23.291 0.1111111119
52419  -28.923  -16.808  -22.781 0.1111111119
96209  -29.302  -14.606  -23.299 0.1111111119
106173  -29.423  -13.328  -23.480 0.1111111119
93156  -29.724  -11.894  -23.479 0.1111111119
58168  -28.847  -8.739  -24.002 0.1111111119
99674  -28.479  -8.018  -24.189 0.2222222239
106959  -28.751  -7.547  -23.998 0.2222222239
60383  -28.265  -5.516  -24.252 0.4444444478
98146  -28.611  -4.783  -23.966 0.3333333433
61182  -28.332  -4.116  -24.110 0.3333333433
61940  -28.097  -3.460  -24.296 0.3333333433
61900  -17.532  -2.978  -21.075 0.4444444478
64495  -25.505  0.803  -23.778 0.3333333433
64430  -15.469  0.425  -19.218 0.4444444478
67159  -21.876  3.680  -23.965 0.5555555820
65082  -16.680  1.606  -20.391 0.5555555820
65725  -16.761  2.336  -20.474 0.5555555820
66443  -19.006  3.315  -22.531 0.5555555820
66444  -19.298  3.974  -22.736 0.5555555820
67149  -20.570  4.165  -23.564 0.5555555820
65724  -16.118  2.868  -20.462 0.5555555820
96596  -23.268  -16.207  -23.581 0.4444444478
101796  -27.076  -8.100  -25.069 0.5555555820
93780  -26.418  -12.914  -24.373 0.3333333433
98046  -26.732  -16.630  -23.619 0.4444444478
51640  -26.796  -17.324  -23.520 0.3333333433
95845  -26.103  -16.992  -23.690 0.4444444478
105083  -23.520  -17.530  -23.240 0.4444444478
51637  -24.436  -17.552  -23.555 0.4444444478
51638  -25.347  -17.522  -23.798 0.4444444478
53242  -26.001  -15.419  -24.189 0.4444444478
96037  -26.974  -16.085  -23.627 0.4444444478
53958  -27.164  -14.944  -23.792 0.4444444478
53224  -29.577  -15.157  -22.923 0.1111111119
54706  -27.104  -13.482  -24.064 0.3333333433
54690  -27.894  -13.895  -23.793 0.2222222239
55381  -29.375  -12.672  -23.509 0.1111111119
56101  -28.484  -11.125  -23.816 0.3333333433
57454  -29.189  -9.480  -23.763 0.1111111119
65742  -18.024  2.589  -21.534 0.5555555820
65083  -17.194  1.874  -20.649 0.5555555820
51639  -26.136  -17.679  -23.553 0.4444444478
66406  -17.192  3.474  -20.626 0.5555555820
51621  -26.745  -18.230  -23.402 0.4444444478
50888  -27.636  -18.400  -23.103 0.2222222239
51619  -22.567  -17.486  -22.720 0.4444444478
96053  -29.509  -13.911  -23.423 0.1111111119
96445  -26.319  -24.671  -20.592 0.1111111119
48654  -23.521  -21.859  -21.313 0.3333333433
47871  -25.366  -22.905  -21.306 0.2222222239
47138  -25.838  -23.495  -20.854 0.2222222239
91944  -26.487  -23.950  -20.594 0.1111111119
91290  -26.671  -23.215  -20.653 0.1111111119
49400  -22.063  -20.026  -21.035 0.3333333433
91737  -22.236  -20.847  -20.837 0.3333333433
48653  -22.773  -21.612  -20.854 0.3333333433
48671  -24.768  -21.682  -21.956 0.3333333433
48672  -25.403  -21.467  -21.699 0.3333333433
47872  -26.323  -22.549  -20.796 0.2222222239
48657  -26.398  -21.888  -20.872 0.2222222239
50851  -21.518  -18.838  -20.650 0.2222222239
50135  -21.842  -19.218  -21.177 0.2222222239
50124  -21.693  -19.587  -20.662 0.2222222239
49411  -22.625  -20.440  -21.330 0.3333333433
48669  -23.031  -21.103  -21.376 0.3333333433
48670  -24.009  -21.276  -21.857 0.3333333433
48673  -26.464  -21.211  -21.250 0.1111111119
50872  -21.592  -18.322  -21.335 0.2222222239
51609  -21.937  -17.930  -22.035 0.3333333433
50873  -22.294  -18.781  -21.753 0.3333333433
50883  -22.804  -18.388  -22.390 0.3333333433
50874  -23.177  -19.119  -22.091 0.3333333433
50136  -22.678  -19.690  -21.585 0.3333333433
50149  -23.818  -19.391  -22.423 0.3333333433
106985  -24.739  -20.307  -22.487 0.3333333433
50150  -24.376  -19.340  -22.765 0.3333333433
49432  -25.336  -20.219  -22.445 0.3333333433
50151  -25.635  -19.525  -22.827 0.3333333433
50139  -26.165  -19.970  -22.184 0.3333333433
100610  -26.556  -20.414  -21.710 0.1111111119
94128  -21.468  -17.327  -21.528 0.2222222239
51618  -21.837  -17.120  -22.185 0.3333333433
103141  -23.321  -18.111  -22.912 0.3333333433
50884  -23.744  -18.773  -22.701 0.3333333433
50885  -24.574  -18.831  -23.160 0.3333333433
90006  -24.952  -19.344  -23.079 0.3333333433
50886  -25.332  -18.912  -23.314 0.3333333433
50140  -27.237  -19.816  -22.005 0.1111111119
52407  -21.318  -16.517  -21.469 0.3333333433
50887  -26.204  -18.953  -23.227 0.3333333433
59612  -28.632  -6.301  -24.013 0.2222222239
60384  -28.976  -5.502  -23.794 0.2222222239
63264  -28.199  -2.290  -24.056 0.3333333433
62619  -28.458  -2.980  -24.073 0.2222222239
48655  -24.278  -22.140  -21.619 0.3333333433
47883  -25.005  -22.270  -21.655 0.3333333433
48658  -27.000  -21.850  -20.750 0.1111111119
49413  -24.132  -20.474  -22.205 0.3333333433
49414  -24.922  -20.982  -22.312 0.3333333433
49415  -25.799  -20.651  -21.846 0.3333333433
46448  -25.473  -24.567  -20.993 0.1111111119
47868  -22.529  -22.053  -20.307 0.3333333433
47869  -23.238  -22.399  -20.842 0.3333333433
47135  -23.708  -23.298  -21.025 0.3333333433
47870  -24.464  -23.065  -21.523 0.3333333433
47137  -24.967  -23.815  -21.349 0.3333333433
46438  -26.663  -25.128  -20.336 0.1111111119
46449  -27.329  -24.335  -20.348 0.1111111119
47139  -27.406  -23.443  -20.530 0.1111111119
48659  -27.943  -21.904  -20.729 0.1111111119
51602  -21.381  -17.917  -20.969 0.2222222239
48674  -27.560  -21.147  -21.061 0.1111111119
106863  -27.204  -19.342  -22.665 0.1111111119
52406  -21.233  -15.933  -21.384 0.1111111119
52415  -21.373  -16.396  -22.022 0.3333333433
61941  -28.715  -3.639  -23.888 0.2222222239
92975  -23.815  -22.605  -21.322 0.3333333433
49399  -21.719  -20.262  -20.443 0.2222222239
48656  -25.787  -21.997  -21.072 0.2222222239
49412  -23.338  -20.461  -21.726 0.3333333433
50137  -23.565  -19.825  -22.068 0.3333333433
50138  -24.261  -19.868  -22.458 0.3333333433
49431  -24.893  -19.812  -22.751 0.3333333433
49416  -27.178  -20.578  -21.465 0.1111111119
52395  -21.329  -17.193  -21.120 0.2222222239
50152  -26.587  -19.438  -22.707 0.3333333433
89552  -27.071  -19.005  -23.127 0.1111111119
46436  -25.081  -25.434  -21.054 0.1111111119
47136  -24.330  -23.853  -21.266 0.3333333433
48652  -21.706  -20.985  -20.184 0.2222222239
98588  -29.359  -4.802  -23.676 0.1111111119
60373  -29.702  -5.514  -23.543 0.1111111119
97930  -29.970  -4.896  -23.491 0.1111111119
61170  -29.816  -4.261  -23.457 0.1111111119
98467  -30.453  -4.015  -23.086 0.1111111119
61929  -30.061  -3.607  -23.200 0.1111111119
62620  -29.009  -3.228  -23.702 0.1111111119
63877  -27.305  -0.658  -23.674 0.2222222239
62607  -29.622  -2.980  -23.311 0.1111111119
64497  -27.228  0.210  -23.177 0.1111111119
65140  -26.397  0.759  -23.388 0.1111111119
99098  -26.654  -0.090  -23.610 0.1111111119
92979  -25.690  1.629  -23.418 0.1111111119
65072  -14.387  2.232  -19.334 0.4444444478
65716  -15.552  2.231  -20.127 0.4444444478
65777  -26.083  2.199  -22.823 0.1111111119
66423  -18.378  3.379  -21.805 0.4444444478
66455  -23.416  3.505  -23.635 0.3333333433
91341  -25.165  3.216  -23.127 0.1111111119
65776  -25.378  2.519  -23.266 0.1111111119
66458  -25.779  2.988  -22.710 0.1111111119
98757  -18.010  4.215  -21.461 0.4444444478
98686  -17.395  4.184  -20.890 0.4444444478
67117  -18.265  5.007  -21.732 0.4444444478
98756  -18.651  4.247  -22.166 0.4444444478
94527  -19.543  4.992  -23.137 0.4444444478
67872  -19.995  4.840  -23.430 0.4444444478
67873  -20.740  5.042  -23.418 0.4444444478
67874  -21.666  5.177  -23.398 0.4444444478
90618  -22.299  4.398  -23.568 0.2222222239
67152  -23.295  4.349  -23.350 0.2222222239
95633  -24.071  4.012  -23.347 0.2222222239
67141  -24.885  4.496  -22.805 0.2222222239
66457  -24.745  3.751  -23.212 0.2222222239
69252  -26.504  7.399  -21.390 0.1111111119
68588  -25.677  5.997  -22.061 0.1111111119
67142  -26.276  4.409  -22.279 0.1111111119
94938  -14.733  3.508  -19.337 0.4444444478
67087  -15.150  4.366  -19.534 0.4444444478
66396  -15.419  3.640  -19.812 0.4444444478
67101  -16.284  4.311  -20.324 0.3333333433
67102  -17.044  4.894  -20.567 0.4444444478
67842  -18.538  5.739  -22.021 0.4444444478
94432  -19.584  6.101  -22.478 0.4444444478
67861  -20.006  5.531  -22.895 0.4444444478
68582  -19.728  6.997  -22.364 0.3333333433
67863  -22.091  5.809  -22.695 0.3333333433
67865  -23.959  5.947  -22.979 0.1111111119
67876  -23.639  5.241  -23.077 0.1111111119
67877  -24.207  5.201  -23.021 0.1111111119
67153  -24.437  4.515  -23.071 0.2222222239
67140  -24.533  4.992  -22.786 0.1111111119
67867  -25.117  5.320  -22.464 0.1111111119
67086  -14.684  4.309  -18.971 0.2222222239
99483  -16.569  5.097  -20.061 0.3333333433
68565  -17.766  6.251  -21.112 0.3333333433
68581  -18.961  6.394  -22.214 0.3333333433
67862  -21.018  5.873  -22.881 0.4444444478
68583  -20.668  6.852  -22.564 0.2222222239
68584  -21.522  6.430  -22.483 0.2222222239
67864  -23.086  5.924  -22.554 0.2222222239
69266  -21.506  7.210  -22.161 0.1111111119
100494  -22.313  6.468  -22.218 0.1111111119
68585  -23.629  6.625  -22.455 0.1111111119
68587  -24.938  6.251  -22.320 0.1111111119
100571  -22.997  6.734  -22.289 0.1111111119
68586  -24.203  6.503  -22.521 0.1111111119
67831  -16.836  5.764  -20.350 0.3333333433
68549  -17.160  6.569  -19.677 0.3333333433
68566  -18.373  6.366  -21.530 0.3333333433
69269  -23.859  7.333  -22.188 0.1111111119
69270  -24.705  7.223  -21.936 0.1111111119
69927  -26.067  8.294  -21.267 0.1111111119
69221  -16.992  7.408  -17.196 0.1111111119
93093  -17.902  7.482  -17.941 0.1111111119
94207  -17.563  7.103  -19.363 0.2222222239
88319  -18.174  7.573  -19.386 0.2222222239
69233  -17.687  7.139  -20.075 0.3333333433
69235  -18.923  7.768  -19.740 0.2222222239
68567  -18.992  7.145  -21.526 0.3333333433
69242  -18.913  7.518  -20.579 0.3333333433
69920  -19.882  8.323  -21.095 0.2222222239
69922  -21.520  8.521  -21.107 0.1111111119
69247  -21.958  7.970  -21.654 0.1111111119
69248  -22.813  7.993  -21.718 0.1111111119
69268  -23.261  7.360  -22.121 0.1111111119
69249  -23.475  8.091  -21.851 0.1111111119
69250  -24.076  8.183  -21.874 0.1111111119
96811  -27.496  7.872  -21.111 0.1111111119
69883  -19.084  8.459  -17.453 0.1111111119
69230  -18.385  7.821  -18.533 0.1111111119
69894  -19.012  8.479  -18.372 0.1111111119
69895  -19.802  8.465  -18.638 0.1111111119
100233  -20.292  8.483  -19.490 0.1111111119
69910  -19.536  8.138  -20.253 0.2222222239
69912  -21.182  8.634  -20.236 0.1111111119
69911  -20.238  8.518  -20.512 0.1111111119
69913  -22.125  8.761  -20.472 0.1111111119
69923  -22.465  8.605  -21.150 0.1111111119
70505  -23.052  9.310  -20.999 0.1111111119
69924  -23.100  8.603  -21.403 0.1111111119
69884  -19.867  8.511  -17.653 0.1111111119
69865  -20.411  8.530  -16.759 0.1111111119
69885  -20.767  8.509  -17.454 0.1111111119
69896  -20.798  8.494  -18.378 0.1111111119
69897  -21.942  8.599  -18.575 0.1111111119
69902  -21.416  8.599  -19.251 0.1111111119
69903  -22.398  8.789  -19.287 0.1111111119
97099  -22.525  8.882  -19.918 0.1111111119
69886  -21.611  8.520  -17.731 0.1111111119
88681  -22.238  8.541  -17.130 0.1111111119
69887  -22.630  8.618  -18.063 0.1111111119
60374  -30.318  -5.481  -23.242 0.1111111119
61171  -30.519  -4.671  -23.083 0.1111111119
63252  -28.680  -1.808  -23.578 0.1111111119
62606  -28.882  -2.577  -23.665 0.1111111119
65141  -27.195  1.079  -22.684 0.1111111119
99805  -15.590  3.068  -20.188 0.4444444478
67151  -22.625  3.666  -23.813 0.3333333433
67866  -24.431  5.678  -22.739 0.1111111119
67868  -26.166  5.339  -22.053 0.1111111119
68568  -25.632  6.762  -21.789 0.1111111119
105943  -18.701  8.210  -19.044 0.2222222239
69921  -20.591  8.488  -21.067 0.1111111119
93452  -21.967  8.753  -19.804 0.1111111119
106559  -22.550  8.728  -18.736 0.1111111119
60356  -31.699  -5.436  -22.500 0.1111111119
60375  -30.933  -5.418  -22.807 0.1111111119
63251  -27.855  -1.496  -23.831 0.2222222239
102771  -26.457  1.532  -22.985 0.1111111119
65715  -14.906  2.116  -19.547 0.4444444478
66404  -15.848  3.653  -20.378 0.4444444478
67860  -19.112  5.512  -22.589 0.4444444478
67841  -17.921  5.733  -21.458 0.4444444478
100623  -18.697  8.220  -16.798 0.1111111119
92311  -20.173  8.489  -15.981 0.1111111119
69866  -21.315  8.530  -16.872 0.1111111119
59601  -29.379  -6.317  -23.660 0.1111111119
59602  -30.139  -6.373  -23.399 0.1111111119
60357  -32.541  -5.458  -22.226 0.1111111119
61154  -31.170  -4.057  -22.755 0.1111111119
61908  -30.735  -3.502  -22.851 0.1111111119
62608  -30.350  -3.120  -22.947 0.1111111119
63879  -29.086  -1.314  -23.107 0.1111111119
63253  -29.433  -2.097  -23.274 0.1111111119
63254  -30.242  -2.426  -22.794 0.1111111119
64485  -28.689  -0.052  -22.512 0.1111111119
64498  -27.941  0.466  -22.637 0.1111111119
65074  -15.521  1.404  -19.613 0.4444444478
65764  -26.658  2.761  -22.458 0.1111111119
65765  -27.487  2.544  -22.106 0.1111111119
65714  -14.355  2.796  -19.272 0.4444444478
66395  -15.149  2.868  -19.623 0.4444444478
66430  -27.852  3.886  -21.701 0.1111111119
67121  -26.959  4.873  -21.778 0.1111111119
97323  -14.693  4.960  -18.636 0.2222222239
67813  -14.963  5.158  -19.300 0.3333333433
67814  -15.603  5.771  -19.233 0.2222222239
68548  -16.282  6.286  -19.253 0.2222222239
67844  -27.045  5.647  -21.573 0.1111111119
68520  -15.457  6.441  -17.494 0.1111111119
68537  -17.121  6.684  -18.833 0.2222222239
104459  -27.296  7.036  -21.327 0.1111111119
96836  -28.520  8.030  -21.170 0.1111111119
69201  -15.710  6.950  -16.747 0.1111111119
69180  -16.315  7.216  -15.572 0.1111111119
69863  -18.914  8.361  -15.918 0.1111111119
69849  -19.559  8.469  -15.794 0.1111111119
106775  -26.775  8.057  -21.154 0.1111111119
89433  -20.960  8.507  -16.076 0.1111111119
69925  -23.590  9.119  -21.486 0.1111111119
92115  -25.352  8.915  -21.407 0.1111111119
70509  -26.173  9.403  -21.193 0.1111111119
70491  -22.983  9.406  -19.753 0.1111111119
70497  -23.034  10.055  -20.512 0.1111111119
70486  -23.056  8.925  -18.840 0.1111111119
67150  -21.415  4.289  -23.592 0.4444444478
61183  -29.042  -4.208  -23.770 0.1111111119
99241  -16.957  4.103  -20.518 0.4444444478
61928  -29.380  -3.690  -23.575 0.1111111119
89575  -27.954  -0.248  -23.126 0.1111111119
65778  -26.912  1.963  -22.516 0.1111111119
67875  -22.719  5.176  -23.172 0.2222222239
103555  -23.999  4.681  -23.231 0.2222222239
66446  -25.506  3.863  -22.725 0.2222222239
69251  -25.581  7.543  -21.561 0.1111111119
104270  -26.572  6.352  -21.602 0.1111111119
67122  -27.622  4.537  -21.698 0.1111111119
67143  -27.051  4.083  -21.971 0.1111111119
95737  -25.553  4.684  -22.499 0.2222222239
90875  -20.253  6.258  -22.543 0.3333333433
68562  -17.379  6.373  -20.458 0.3333333433
67815  -16.350  5.701  -19.738 0.3333333433
68561  -16.704  6.204  -20.000 0.3333333433
68563  -18.236  6.878  -20.773 0.3333333433
69245  -19.767  7.639  -21.620 0.2222222239
69265  -20.496  7.440  -22.101 0.1111111119
96186  -25.011  8.175  -21.534 0.1111111119
69202  -16.186  7.280  -16.487 0.1111111119
69220  -16.193  7.097  -17.335 0.1111111119
69203  -17.204  7.305  -16.260 0.1111111119
69228  -16.925  7.275  -18.087 0.1111111119
69229  -17.713  7.321  -18.717 0.1111111119
69234  -18.323  7.462  -20.137 0.3333333433
103504  -19.380  7.815  -21.064 0.2222222239
103290  -20.324  8.004  -21.498 0.1111111119
69926  -24.432  9.060  -21.567 0.1111111119
69222  -18.563  8.098  -17.710 0.1111111119
103883  -18.050  7.514  -16.999 0.1111111119
69901  -19.277  8.392  -19.250 0.1111111119
70496  -22.759  9.061  -20.441 0.1111111119
69864  -19.498  8.486  -16.618 0.1111111119
61172  -31.219  -4.793  -22.709 0.1111111119
92149  -28.020  -0.846  -23.459 0.1111111119
66447  -26.413  3.563  -22.385 0.1111111119
67845  -27.895  5.354  -21.538 0.1111111119
70506  -23.331  10.224  -21.162 0.1111111119
91589  -23.275  9.754  -19.241 0.1111111119
92353  -32.019  -4.596  -22.433 0.1111111119
63878  -28.600  -0.711  -23.042 0.1111111119
66448  -27.268  3.318  -22.078 0.1111111119
68569  -27.715  6.340  -21.371 0.1111111119
68536  -16.335  6.596  -18.285 0.1111111119
68503  -15.351  6.407  -16.655 0.1111111119
69253  -28.118  7.226  -21.206 0.1111111119
70507  -23.908  10.175  -21.570 0.1111111119
71012  -23.357  10.691  -20.048 0.1111111119
47127  -23.412  -23.587  -20.088 0.2222222239
56743  -20.426  -10.454  -22.592 0.2222222239
57428  -20.398  -9.742  -22.422 0.2222222239
54675  -20.774  -13.421  -22.224 0.3333333433
64421  -14.122  1.179  -18.565 0.3333333433
64420  -12.985  0.500  -17.794 0.2222222239
66368  -13.030  3.274  -16.977 0.1111111119
67073  -14.336  4.223  -18.327 0.1111111119
66383  -14.311  3.587  -18.786 0.2222222239
61130  -16.757  -2.715  -20.325 0.2222222239
61131  -17.359  -3.081  -20.809 0.1111111119
55377  -20.654  -11.852  -22.622 0.2222222239
93204  -16.868  -3.024  -20.438 0.1111111119
62533  -15.567  -2.189  -18.879 0.1111111119
62522  -14.845  -1.100  -17.832 0.1111111119
91503  -13.265  1.200  -15.850 0.1111111119
66350  -13.874  3.526  -17.168 0.1111111119
67060  -13.872  3.524  -17.121 0.1111111119
67061  -14.370  4.365  -17.595 0.1111111119
64429  -14.787  0.344  -18.212 0.2222222239
62521  -14.546  -0.965  -17.624 0.1111111119
54674  -20.690  -13.676  -21.877 0.2222222239
95467  -20.239  -11.995  -22.050 0.2222222239
63794  -12.888  -0.285  -17.187 0.1111111119
58858  -19.932  -6.907  -23.247 0.1111111119
65062  -13.266  1.636  -18.396 0.3333333433
65705  -12.803  2.217  -17.924 0.3333333433
66367  -12.875  2.906  -17.735 0.1111111119
56074  -20.276  -11.191  -22.223 0.2222222239
63146  -12.892  0.164  -16.474 0.1111111119
64407  -12.634  0.791  -17.134 0.1111111119
66348  -12.823  2.883  -16.172 0.1111111119
63796  -15.196  -0.479  -17.481 0.1111111119
65681  -12.727  2.124  -16.452 0.1111111119
64398  -13.406  0.553  -16.398 0.1111111119
64399  -13.893  1.068  -16.511 0.1111111119
65046  -13.339  1.653  -15.868 0.1111111119
63795  -13.658  -0.271  -17.010 0.1111111119
56087  -29.479  -11.015  -23.535 0.1111111119
47128  -24.105  -24.122  -20.839 0.1111111119
46435  -24.612  -24.907  -20.674 0.1111111119
47116  -21.989  -23.745  -18.886 0.1111111119
47860  -22.141  -22.461  -19.711 0.1111111119
48643  -21.848  -21.685  -19.892 0.1111111119
106118  -22.180  -21.425  -20.417 0.1111111119
98518  -20.896  -14.242  -21.567 0.1111111119
56734  -20.333  -10.413  -22.380 0.1111111119
56084  -20.680  -11.125  -22.961 0.1111111119
59577  -18.709  -5.185  -21.854 0.2222222239
60349  -18.927  -4.837  -22.608 0.2222222239
59550  -18.815  -4.883  -21.534 0.2222222239
60325  -18.476  -4.502  -21.124 0.2222222239
47125  -21.653  -22.946  -19.114 0.1111111119
92423  -20.679  -9.155  -23.144 0.1111111119
46433  -22.920  -24.014  -19.275 0.1111111119
46434  -23.867  -24.332  -19.765 0.1111111119
46447  -24.679  -24.561  -21.167 0.1111111119
47848  -20.999  -22.730  -18.679 0.1111111119
47859  -21.400  -22.076  -19.220 0.1111111119
48642  -21.455  -21.213  -19.522 0.1111111119
49385  -21.482  -20.449  -19.838 0.1111111119
102550  -21.491  -18.286  -20.397 0.1111111119
53917  -20.976  -14.772  -21.478 0.1111111119
101164  -20.770  -13.241  -21.632 0.1111111119
56723  -20.759  -10.088  -22.073 0.1111111119
61118  -18.739  -4.355  -20.753 0.2222222239
61117  -17.949  -4.070  -20.643 0.1111111119
61132  -17.614  -3.562  -21.128 0.2222222239
104051  -20.481  -12.927  -21.899 0.1111111119
53934  -20.762  -14.389  -21.761 0.1111111119
50850  -21.538  -19.066  -20.004 0.1111111119
53198  -20.851  -15.193  -21.749 0.1111111119
50109  -21.524  -19.651  -20.146 0.1111111119
47861  -22.924  -22.852  -20.292 0.1111111119
47126  -22.497  -23.260  -19.551 0.1111111119
54665  -20.740  -13.598  -21.713 0.1111111119
56066  -20.143  -11.513  -22.125 0.1111111119
60336  -19.036  -4.877  -21.369 0.1111111119
53918  -21.142  -14.845  -21.350 0.1111111119
61867  -18.179  -3.609  -20.260 0.1111111119
61866  -17.479  -3.487  -19.950 0.1111111119
61102  -16.306  -2.465  -19.595 0.1111111119
59579  -19.409  -6.157  -22.868 0.1111111119
61116  -16.652  -3.084  -20.148 0.1111111119
61849  -15.885  -2.326  -19.201 0.1111111119
99212  -15.604  -2.010  -19.160 0.1111111119
61103  -16.397  -2.732  -19.517 0.1111111119
61114  -16.459  -2.336  -19.961 0.3333333433
61115  -16.518  -2.878  -20.023 0.2222222239
61840  -15.354  -1.347  -18.594 0.4444444478
61848  -15.499  -1.708  -18.900 0.4444444478
61850  -15.918  -2.463  -19.118 0.1111111119
61864  -15.723  -1.666  -19.300 0.3333333433
61884  -16.304  -1.888  -19.811 0.3333333433
61921  -18.619  -3.257  -22.212 0.7777777910
62520  -13.728  -0.247  -17.216 0.1111111119
62530  -14.156  -0.861  -18.233 0.1111111119
62532  -15.474  -1.772  -18.751 0.1111111119
62540  -14.535  -0.712  -18.134 0.3333333433
62541  -15.259  -1.261  -18.365 0.2222222239
62542  -15.605  -2.161  -18.987 0.1111111119
62555  -14.456  -0.927  -19.195 0.4444444478
62556  -15.882  -1.354  -19.492 0.3333333433
62571  -16.222  -1.396  -19.746 0.3333333433
63157  -12.879  -0.337  -16.902 0.1111111119
63158  -13.235  -0.369  -16.852 0.1111111119
63165  -14.142  -0.451  -17.077 0.1111111119
63166  -15.122  -1.123  -17.504 0.1111111119
63174  -15.363  -1.556  -17.735 0.1111111119
63179  -14.804  -0.689  -18.164 0.3333333433
63180  -15.492  -0.483  -18.878 0.3333333433
63195  -14.822  -1.144  -19.788 0.3333333433
63225  -17.261  -1.508  -20.762 0.5555555820
63779  -12.281  0.601  -15.808 0.1111111119
63780  -12.484  0.333  -15.915 0.1111111119
63787  -12.677  0.207  -16.664 0.1111111119
63788  -12.789  0.211  -17.213 0.1111111119
63804  -13.898  -0.131  -17.252 0.3333333433
63805  -13.934  0.099  -17.563 0.1111111119
63806  -14.886  0.156  -18.098 0.3333333433
63840  -16.307  -0.794  -19.813 0.5555555820
63873  -18.569  -0.633  -22.180 0.7777777910
63896  -21.778  -0.158  -25.480 0.6666666865
64387  -12.575  0.708  -15.826 0.1111111119
64397  -12.059  1.008  -16.307 0.1111111119
64408  -13.948  0.210  -17.018 0.1111111119
64431  -15.463  0.781  -19.376 0.4444444478
64460  -16.266  -0.168  -19.694 0.6666666865
64463  -17.657  0.721  -21.283 0.6666666865
65033  -12.384  1.071  -15.840 0.1111111119
65034  -13.039  1.495  -15.717 0.1111111119
65045  -12.087  1.203  -15.923 0.1111111119
65052  -12.577  1.500  -16.688 0.1111111119
65054  -14.722  1.051  -17.347 0.1111111119
65073  -14.957  1.335  -19.432 0.3333333433
65081  -16.139  1.460  -20.002 0.5555555820
65101  -18.392  1.889  -21.859 0.5555555820
65137  -19.799  1.274  -23.493 0.6666666865
65154  -21.610  1.485  -25.275 0.6666666865
65667  -12.777  1.880  -15.878 0.1111111119
65668  -13.116  2.547  -15.861 0.1111111119
65692  -12.734  2.202  -17.239 0.1111111119
65706  -13.971  2.685  -19.184 0.3333333433
65771  -19.555  1.852  -23.234 0.6666666865
65782  -21.022  2.591  -24.600 0.6666666865
66349  -13.999  2.818  -16.985 0.1111111119
66358  -12.774  2.805  -16.808 0.1111111119
66359  -13.725  2.920  -17.184 0.1111111119
66382  -13.880  3.062  -18.945 0.2222222239
66405  -16.513  3.593  -20.497 0.5555555820
67072  -13.780  3.772  -18.080 0.1111111119
67088  -16.020  4.900  -19.617 0.3333333433
67100  -15.691  4.186  -20.037 0.4444444478
67116  -17.632  4.982  -21.195 0.4444444478
67138  -18.677  5.076  -22.317 0.4444444478
67139  -19.183  4.714  -22.695 0.4444444478
67148  -19.739  4.250  -23.312 0.5555555820
67803  -14.969  5.629  -18.653 0.2222222239
67832  -17.424  5.676  -20.861 0.3333333433
69246  -21.081  7.900  -21.582 0.1111111119
69267  -22.500  7.237  -21.944 0.1111111119
90872  -15.202  -0.908  -17.134 0.1111111119
92118  -16.103  2.121  -20.468 0.4444444478
93035  -15.598  -0.587  -19.137 0.3333333433
93347  -28.473  -1.227  -23.409 0.1111111119
97303  -13.338  0.730  -18.182 0.2222222239
100061  -16.860  2.984  -20.502 0.5555555820
100277  -12.713  1.332  -17.711 0.1111111119
100286  -19.995  -3.088  -24.103 1.0000000000
101149  -13.219  0.013  -16.639 0.1111111119
105528  -15.642  -0.230  -19.169 0.4444444478
106297  -14.208  -0.318  -16.763 0.1111111119
106452  -14.213  0.228  -18.169 0.2222222239
106526  -16.569  -0.932  -20.209 0.4444444478
106955  -28.548  6.691  -21.281 0.1111111119
107327  -15.017  -0.160  -17.915 0.3333333433
