#!ascii label  , from subject OASIS_0001 vox2ras=TkReg
342
60401  -23.910  -5.815  -26.613 0.0000000000
56754  -22.493  -10.297  -24.897 0.0000000000
57468  -26.779  -9.435  -24.863 0.0000000000
54703  -24.558  -14.019  -24.673 0.0000000000
98757  -18.010  4.215  -21.461 0.0000000000
65789  -22.110  2.168  -25.272 0.0000000000
100006  -20.358  -2.813  -24.558 0.0000000000
90534  -24.100  -18.193  -23.198 0.0000000000
95838  -23.732  -11.789  -24.889 0.0000000000
91312  -22.845  -13.780  -23.849 0.0000000000
65759  -19.434  2.549  -22.939 0.0000000000
64480  -18.284  0.202  -21.813 0.0000000000
59619  -21.727  -6.604  -25.286 0.0000000000
60379  -20.097  -4.991  -23.894 0.0000000000
61190  -21.923  -4.389  -25.815 0.0000000000
63279  -22.735  -1.944  -26.250 0.0000000000
61958  -24.930  -3.700  -26.059 0.0000000000
60391  -26.419  -5.658  -25.552 0.0000000000
58153  -20.928  -8.651  -24.020 0.0000000000
58180  -23.564  -8.769  -25.946 0.0000000000
58182  -25.372  -8.115  -26.260 0.0000000000
56767  -24.457  -10.481  -25.682 0.0000000000
55391  -25.895  -12.309  -24.843 0.0000000000
53976  -27.117  -14.293  -23.952 0.0000000000
96334  -18.200  -2.087  -21.611 0.0000000000
63887  -20.486  -0.729  -24.592 0.0000000000
64517  -23.907  -0.024  -25.110 0.0000000000
52431  -22.516  -15.927  -23.226 0.0000000000
52451  -24.910  -16.110  -24.277 0.0000000000
54689  -22.087  -13.156  -23.589 0.0000000000
95201  -21.126  -14.012  -22.662 0.0000000000
64462  -17.187  0.365  -20.641 0.0000000000
63854  -17.048  -0.919  -20.546 0.0000000000
59634  -22.862  -6.513  -26.220 0.0000000000
60389  -21.635  -5.105  -25.405 0.0000000000
99625  -22.947  -4.912  -26.433 0.0000000000
61956  -23.510  -3.510  -26.531 0.0000000000
60402  -24.277  -5.055  -26.589 0.0000000000
61203  -25.300  -4.265  -25.933 0.0000000000
60403  -25.297  -5.786  -26.271 0.0000000000
57451  -21.964  -9.647  -24.761 0.0000000000
58178  -21.941  -8.316  -25.248 0.0000000000
96796  -23.029  -9.306  -25.586 0.0000000000
58181  -24.259  -9.022  -26.123 0.0000000000
56766  -23.780  -10.473  -25.485 0.0000000000
106275  -24.231  -13.400  -24.582 0.0000000000
55402  -25.014  -12.444  -25.240 0.0000000000
54704  -25.534  -13.045  -24.754 0.0000000000
93780  -26.418  -12.914  -24.373 0.0000000000
54705  -26.205  -13.900  -24.336 0.0000000000
66404  -15.848  3.653  -20.378 0.0000000000
67087  -15.150  4.366  -19.534 0.0000000000
67102  -17.044  4.894  -20.567 0.0000000000
68566  -18.373  6.366  -21.530 0.0000000000
67872  -19.995  4.840  -23.430 0.0000000000
65781  -20.445  2.150  -24.129 0.0000000000
61937  -19.956  -3.716  -24.005 0.0000000000
61923  -19.563  -3.405  -23.445 0.0000000000
62602  -19.299  -2.570  -22.967 0.0000000000
63875  -19.488  -1.026  -23.228 0.0000000000
63262  -20.259  -1.576  -24.398 0.0000000000
63273  -24.338  -1.787  -26.089 0.0000000000
63898  -23.563  -0.509  -25.597 0.0000000000
63888  -24.662  -0.497  -24.833 0.0000000000
58183  -25.958  -8.502  -25.724 0.0000000000
99673  -26.527  -7.951  -25.474 0.0000000000
51619  -22.567  -17.486  -22.720 0.0000000000
103736  -22.905  -16.775  -23.241 0.0000000000
53219  -23.236  -15.538  -23.774 0.0000000000
52433  -24.690  -16.836  -23.979 0.0000000000
56085  -21.930  -11.767  -23.904 0.0000000000
56755  -23.199  -10.950  -25.050 0.0000000000
55379  -22.403  -12.455  -23.977 0.0000000000
54702  -23.545  -13.205  -24.327 0.0000000000
99054  -23.779  -13.957  -24.305 0.0000000000
65725  -16.761  2.336  -20.474 0.0000000000
66443  -19.006  3.315  -22.531 0.0000000000
65100  -17.717  1.685  -21.246 0.0000000000
65120  -18.958  1.603  -22.551 0.0000000000
65146  -20.366  1.395  -24.033 0.0000000000
59608  -20.574  -6.504  -24.158 0.0000000000
60380  -20.576  -5.613  -24.379 0.0000000000
61189  -21.342  -4.284  -25.253 0.0000000000
61945  -21.061  -3.535  -25.153 0.0000000000
62624  -21.146  -2.093  -25.412 0.0000000000
61954  -22.121  -3.032  -26.162 0.0000000000
62635  -23.775  -2.806  -26.471 0.0000000000
62627  -25.649  -2.722  -25.595 0.0000000000
61949  -26.096  -3.472  -25.445 0.0000000000
50886  -25.332  -18.912  -23.314 0.0000000000
50903  -25.763  -18.281  -23.478 0.0000000000
58882  -21.618  -7.441  -25.130 0.0000000000
93738  -22.695  -7.149  -25.899 0.0000000000
58908  -23.827  -7.318  -26.421 0.0000000000
58910  -25.026  -7.243  -26.470 0.0000000000
58194  -24.810  -7.982  -26.487 0.0000000000
57466  -25.388  -9.074  -26.002 0.0000000000
91311  -25.447  -9.943  -25.663 0.0000000000
56109  -24.138  -11.132  -25.373 0.0000000000
56110  -25.239  -11.292  -25.524 0.0000000000
104732  -26.262  -10.765  -24.964 0.0000000000
55392  -26.774  -12.016  -24.440 0.0000000000
55393  -27.834  -13.056  -23.827 0.0000000000
67158  -21.079  3.622  -23.920 0.0000000000
63226  -18.121  -1.229  -21.576 0.0000000000
63885  -19.736  -0.255  -23.504 0.0000000000
64513  -21.245  0.564  -25.165 0.0000000000
63270  -21.609  -1.198  -25.546 0.0000000000
63897  -22.569  0.125  -25.589 0.0000000000
65156  -23.125  1.229  -25.296 0.0000000000
59622  -26.040  -6.503  -25.778 0.0000000000
59610  -27.320  -6.408  -24.932 0.0000000000
53945  -21.126  -14.749  -22.452 0.0000000000
89028  -22.658  -15.190  -23.497 0.0000000000
53239  -23.790  -15.254  -24.206 0.0000000000
53240  -24.492  -15.385  -24.411 0.0000000000
52434  -25.452  -16.658  -24.068 0.0000000000
52452  -25.551  -15.980  -24.183 0.0000000000
53974  -25.697  -14.730  -24.496 0.0000000000
63211  -16.395  -1.238  -19.956 0.0000000000
59635  -23.532  -6.533  -26.468 0.0000000000
60400  -23.075  -5.719  -26.437 0.0000000000
96561  -23.570  -5.008  -26.607 0.0000000000
91792  -25.007  -5.046  -26.297 0.0000000000
97416  -24.627  -5.818  -26.515 0.0000000000
56753  -21.729  -10.340  -24.185 0.0000000000
57463  -22.584  -9.680  -25.239 0.0000000000
56765  -23.156  -10.074  -25.389 0.0000000000
54713  -24.844  -13.267  -24.880 0.0000000000
95634  -25.291  -14.000  -24.758 0.0000000000
66406  -17.192  3.474  -20.626 0.0000000000
99241  -16.957  4.103  -20.518 0.0000000000
98686  -17.395  4.184  -20.890 0.0000000000
67117  -18.265  5.007  -21.732 0.0000000000
94527  -19.543  4.992  -23.137 0.0000000000
98756  -18.651  4.247  -22.166 0.0000000000
65148  -21.481  2.173  -25.060 0.0000000000
65783  -21.781  2.716  -24.820 0.0000000000
65149  -22.872  1.917  -24.903 0.0000000000
61938  -20.427  -3.492  -24.558 0.0000000000
61922  -19.068  -3.318  -22.723 0.0000000000
62603  -19.684  -2.667  -23.725 0.0000000000
63261  -19.646  -1.854  -23.686 0.0000000000
62615  -20.048  -2.379  -24.229 0.0000000000
91958  -24.677  -1.334  -25.502 0.0000000000
57467  -26.041  -9.300  -25.468 0.0000000000
58184  -26.605  -8.667  -25.203 0.0000000000
103141  -23.321  -18.111  -22.912 0.0000000000
105083  -23.520  -17.530  -23.240 0.0000000000
52432  -23.841  -16.829  -23.557 0.0000000000
51637  -24.436  -17.552  -23.555 0.0000000000
54701  -22.851  -13.022  -24.029 0.0000000000
65082  -16.680  1.606  -20.391 0.0000000000
65083  -17.194  1.874  -20.649 0.0000000000
65119  -18.342  1.121  -21.841 0.0000000000
65135  -18.868  0.774  -22.505 0.0000000000
65136  -19.399  1.195  -22.957 0.0000000000
64494  -19.444  0.482  -23.113 0.0000000000
59609  -21.145  -6.683  -24.790 0.0000000000
60381  -21.292  -5.873  -24.935 0.0000000000
61180  -20.768  -4.201  -24.689 0.0000000000
61946  -21.620  -3.640  -25.740 0.0000000000
61947  -22.153  -3.803  -26.107 0.0000000000
61957  -24.305  -3.424  -26.421 0.0000000000
62636  -24.349  -2.500  -26.276 0.0000000000
62637  -24.971  -2.981  -26.076 0.0000000000
61948  -25.500  -3.509  -25.775 0.0000000000
60404  -25.848  -4.991  -25.854 0.0000000000
61193  -26.465  -4.322  -25.369 0.0000000000
95820  -27.029  -5.029  -25.171 0.0000000000
90006  -24.952  -19.344  -23.079 0.0000000000
50151  -25.635  -19.525  -22.827 0.0000000000
58164  -20.840  -7.893  -24.005 0.0000000000
58165  -21.316  -8.090  -24.627 0.0000000000
58179  -22.736  -8.516  -25.639 0.0000000000
58893  -22.385  -7.743  -25.596 0.0000000000
58894  -23.249  -7.829  -26.000 0.0000000000
58907  -23.225  -7.081  -26.244 0.0000000000
58909  -24.453  -7.496  -26.492 0.0000000000
58193  -24.160  -8.182  -26.330 0.0000000000
57465  -24.767  -9.676  -25.967 0.0000000000
104082  -24.563  -11.827  -25.299 0.0000000000
55403  -25.380  -11.945  -25.297 0.0000000000
103642  -25.010  -11.750  -25.507 0.0000000000
96116  -25.616  -10.727  -25.444 0.0000000000
56111  -25.935  -11.460  -25.052 0.0000000000
56099  -26.744  -11.187  -24.621 0.0000000000
54706  -27.104  -13.482  -24.064 0.0000000000
104804  -27.160  -12.736  -24.125 0.0000000000
66452  -19.621  3.277  -23.197 0.0000000000
66453  -20.317  3.344  -23.692 0.0000000000
60369  -20.019  -5.813  -23.740 0.0000000000
104636  -17.686  -2.486  -21.274 0.0000000000
62585  -17.488  -2.006  -21.053 0.0000000000
62574  -17.658  -1.590  -21.251 0.0000000000
63247  -18.623  -1.470  -22.198 0.0000000000
63886  -20.002  -0.940  -23.897 0.0000000000
92326  -20.273  -0.240  -24.020 0.0000000000
64503  -20.206  0.535  -23.840 0.0000000000
64504  -20.642  0.114  -24.620 0.0000000000
62625  -21.942  -2.147  -25.934 0.0000000000
106813  -22.377  -1.413  -25.918 0.0000000000
98771  -23.057  -0.357  -25.709 0.0000000000
64516  -23.261  0.344  -25.477 0.0000000000
64515  -22.705  0.833  -25.490 0.0000000000
64505  -23.720  0.821  -24.895 0.0000000000
59621  -25.457  -6.524  -26.209 0.0000000000
58895  -25.662  -7.254  -26.061 0.0000000000
58897  -27.067  -7.308  -25.136 0.0000000000
53207  -21.769  -15.930  -22.613 0.0000000000
53206  -21.159  -15.513  -22.249 0.0000000000
53946  -21.898  -15.198  -22.912 0.0000000000
102666  -21.641  -14.488  -22.988 0.0000000000
53220  -24.019  -16.001  -23.969 0.0000000000
53972  -24.106  -14.684  -24.452 0.0000000000
51638  -25.347  -17.522  -23.798 0.0000000000
53242  -26.001  -15.419  -24.189 0.0000000000
55378  -21.430  -12.420  -23.256 0.0000000000
54688  -21.268  -13.263  -22.905 0.0000000000
53955  -21.831  -13.894  -23.316 0.0000000000
64445  -16.682  0.853  -20.236 0.0000000000
64461  -16.638  0.099  -20.215 0.0000000000
64478  -17.124  -0.360  -20.614 0.0000000000
64479  -17.577  -0.093  -21.185 0.0000000000
59620  -22.308  -6.546  -25.759 0.0000000000
95007  -21.957  -5.886  -25.580 0.0000000000
99574  -22.492  -5.979  -26.069 0.0000000000
60390  -22.374  -5.190  -26.006 0.0000000000
61191  -22.544  -4.361  -26.251 0.0000000000
61955  -22.742  -3.610  -26.382 0.0000000000
61200  -23.225  -4.271  -26.512 0.0000000000
61201  -23.932  -4.261  -26.637 0.0000000000
61202  -24.604  -4.300  -26.331 0.0000000000
103134  -25.808  -5.885  -25.942 0.0000000000
57441  -21.154  -9.581  -23.920 0.0000000000
94340  -21.546  -8.903  -24.731 0.0000000000
57462  -22.275  -9.068  -25.271 0.0000000000
57464  -23.876  -9.693  -25.764 0.0000000000
55390  -24.226  -12.618  -24.771 0.0000000000
105292  -25.427  -12.434  -25.058 0.0000000000
66395  -15.149  2.868  -19.623 0.0000000000
67101  -16.284  4.311  -20.324 0.0000000000
67841  -17.921  5.733  -21.458 0.0000000000
67873  -20.740  5.042  -23.418 0.0000000000
65772  -19.958  2.501  -23.572 0.0000000000
66462  -20.814  3.139  -24.295 0.0000000000
65773  -20.507  2.769  -24.083 0.0000000000
61164  -18.823  -3.727  -22.485 0.0000000000
62601  -18.649  -2.742  -22.249 0.0000000000
98865  -18.746  -2.144  -22.362 0.0000000000
63248  -19.201  -1.708  -22.818 0.0000000000
63280  -23.634  -1.968  -26.302 0.0000000000
63272  -23.154  -1.118  -25.986 0.0000000000
89874  -23.936  -1.184  -25.906 0.0000000000
97658  -24.137  -0.688  -25.409 0.0000000000
99724  -25.931  -7.822  -25.852 0.0000000000
101796  -27.076  -8.100  -25.069 0.0000000000
52416  -22.106  -16.598  -22.684 0.0000000000
96596  -23.268  -16.207  -23.581 0.0000000000
98408  -21.482  -11.044  -23.674 0.0000000000
56097  -22.293  -11.040  -24.403 0.0000000000
56098  -22.784  -11.768  -24.510 0.0000000000
55389  -23.248  -12.486  -24.448 0.0000000000
65072  -14.387  2.232  -19.334 0.0000000000
99805  -15.590  3.068  -20.188 0.0000000000
65724  -16.118  2.868  -20.462 0.0000000000
66422  -17.678  3.420  -21.213 0.0000000000
66423  -18.378  3.379  -21.805 0.0000000000
65726  -17.369  2.624  -20.794 0.0000000000
65742  -18.024  2.589  -21.534 0.0000000000
65743  -18.763  2.483  -22.311 0.0000000000
65099  -17.206  1.164  -20.694 0.0000000000
102650  -19.263  2.093  -22.770 0.0000000000
92987  -19.995  1.843  -23.658 0.0000000000
65147  -20.942  1.719  -24.717 0.0000000000
60388  -21.076  -4.974  -24.758 0.0000000000
94738  -20.519  -4.794  -24.359 0.0000000000
99783  -20.790  -2.842  -25.071 0.0000000000
97584  -21.411  -2.871  -25.642 0.0000000000
102440  -22.419  -2.461  -26.229 0.0000000000
62634  -22.977  -2.740  -26.432 0.0000000000
62626  -24.939  -2.176  -25.881 0.0000000000
63274  -25.457  -1.867  -25.366 0.0000000000
63275  -26.032  -2.270  -25.118 0.0000000000
62628  -26.368  -2.856  -25.113 0.0000000000
61192  -25.851  -4.080  -25.654 0.0000000000
56756  -27.153  -10.378  -24.583 0.0000000000
50885  -24.574  -18.831  -23.160 0.0000000000
51620  -24.914  -18.278  -23.552 0.0000000000
58881  -20.976  -7.323  -24.437 0.0000000000
100073  -22.142  -7.108  -25.531 0.0000000000
59636  -24.340  -6.680  -26.556 0.0000000000
57477  -24.817  -8.706  -26.318 0.0000000000
56769  -26.191  -10.115  -25.201 0.0000000000
94508  -24.794  -11.200  -25.599 0.0000000000
56768  -25.040  -10.604  -25.763 0.0000000000
95625  -27.670  -12.237  -23.963 0.0000000000
66444  -19.298  3.974  -22.736 0.0000000000
67149  -20.570  4.165  -23.564 0.0000000000
63212  -16.742  -1.436  -20.373 0.0000000000
63855  -17.514  -0.936  -21.077 0.0000000000
63856  -18.019  -0.573  -21.536 0.0000000000
95396  -19.028  -1.042  -22.664 0.0000000000
63874  -19.210  -0.360  -22.860 0.0000000000
64493  -18.828  0.099  -22.551 0.0000000000
96542  -20.730  0.929  -24.609 0.0000000000
105073  -21.132  1.175  -24.973 0.0000000000
62616  -20.572  -2.174  -24.801 0.0000000000
63269  -20.779  -1.348  -25.092 0.0000000000
63895  -21.019  -0.450  -25.172 0.0000000000
63271  -22.457  -0.688  -25.710 0.0000000000
64514  -22.027  0.750  -25.477 0.0000000000
65155  -22.392  1.440  -25.377 0.0000000000
65150  -23.577  1.664  -24.592 0.0000000000
59637  -24.956  -6.432  -26.474 0.0000000000
58896  -26.312  -7.225  -25.606 0.0000000000
59623  -26.701  -6.489  -25.373 0.0000000000
60392  -27.017  -5.816  -25.180 0.0000000000
53956  -22.363  -14.551  -23.452 0.0000000000
53957  -23.258  -14.709  -23.987 0.0000000000
53973  -24.909  -14.736  -24.642 0.0000000000
53241  -25.256  -15.434  -24.433 0.0000000000
61179  -20.203  -4.242  -24.194 0.0000000000
61921  -18.619  -3.257  -22.212 0.0000000000
63225  -17.261  -1.508  -20.762 0.0000000000
63873  -18.569  -0.633  -22.180 0.0000000000
63896  -21.778  -0.158  -25.480 0.0000000000
64460  -16.266  -0.168  -19.694 0.0000000000
64463  -17.657  0.721  -21.283 0.0000000000
65081  -16.139  1.460  -20.002 0.0000000000
65101  -18.392  1.889  -21.859 0.0000000000
65137  -19.799  1.274  -23.493 0.0000000000
65154  -21.610  1.485  -25.275 0.0000000000
65771  -19.555  1.852  -23.234 0.0000000000
65782  -21.022  2.591  -24.600 0.0000000000
66405  -16.513  3.593  -20.497 0.0000000000
67116  -17.632  4.982  -21.195 0.0000000000
67139  -19.183  4.714  -22.695 0.0000000000
67148  -19.739  4.250  -23.312 0.0000000000
100061  -16.860  2.984  -20.502 0.0000000000
100286  -19.995  -3.088  -24.103 0.0000000000
106526  -16.569  -0.932  -20.209 0.0000000000
