#!ascii label  , from subject OASIS_0001 vox2ras=TkReg
713
19015  -40.735  -61.927  -31.801 0.5000000000
19009  -39.018  -61.880  -31.674 0.8000000119
19002  -38.269  -61.742  -29.656 0.8000000119
19003  -38.703  -61.796  -30.660 0.8000000119
104354  -39.281  -61.525  -30.795 0.8000000119
100115  -40.599  -62.666  -31.814 0.5000000000
19014  -39.826  -61.861  -31.921 0.5000000000
19010  -39.872  -61.504  -31.384 0.6000000238
19908  -37.370  -60.665  -28.660 0.6999999881
19909  -38.245  -60.896  -29.021 0.6999999881
19004  -39.807  -61.098  -30.212 0.8000000119
19919  -40.727  -60.980  -30.991 0.6999999881
17263  -41.041  -63.155  -31.359 0.6000000238
19016  -41.846  -61.761  -31.507 0.5000000000
19017  -42.421  -61.386  -31.354 0.6000000238
97450  -35.405  -60.167  -28.718 0.6999999881
19920  -41.266  -61.332  -31.547 0.6000000238
19926  -42.699  -60.954  -31.200 0.6000000238
19907  -36.726  -59.996  -28.632 0.6999999881
18994  -36.007  -61.020  -28.100 0.6999999881
19915  -39.176  -60.616  -29.381 0.6999999881
92725  -41.665  -60.751  -31.170 0.6000000238
19922  -43.112  -60.367  -30.755 0.6000000238
19916  -40.185  -60.256  -29.636 0.8000000119
102915  -41.254  -60.167  -30.218 0.8000000119
19921  -42.490  -60.458  -30.880 0.6999999881
18115  -42.134  -62.921  -30.534 0.4000000060
18122  -42.730  -62.038  -31.188 0.6000000238
91670  -35.175  -59.476  -29.864 0.6999999881
90169  -44.234  -60.153  -30.504 0.6000000238
20734  -36.505  -59.097  -29.418 0.6999999881
20735  -37.485  -59.849  -28.744 0.6999999881
20741  -38.440  -59.899  -28.875 0.6999999881
95235  -39.284  -59.882  -29.092 0.6999999881
20743  -40.728  -59.340  -29.550 0.6000000238
20746  -42.545  -59.384  -30.379 0.6999999881
101502  -43.967  -56.681  -30.642 0.5000000000
20742  -39.704  -59.209  -29.194 0.6000000238
21507  -41.140  -58.431  -29.751 0.6000000238
21509  -42.270  -58.193  -30.136 0.6000000238
95778  -43.217  -57.315  -30.453 0.6000000238
101698  -41.461  -57.492  -30.248 0.6000000238
22236  -42.330  -56.569  -30.554 0.5000000000
19007  -43.447  -62.224  -29.821 0.4000000060
18110  -43.458  -62.279  -30.178 0.5000000000
20733  -34.872  -59.405  -29.977 0.6999999881
18111  -43.861  -61.977  -30.247 0.6000000238
19924  -44.736  -60.329  -30.174 0.6000000238
20740  -37.499  -58.915  -29.240 0.6999999881
20749  -44.592  -59.018  -30.505 0.6000000238
21505  -39.099  -58.357  -29.372 0.6999999881
21512  -44.780  -57.906  -30.556 0.5000000000
22238  -45.522  -57.113  -30.480 0.6000000238
21506  -40.068  -58.397  -29.522 0.6000000238
95329  -44.099  -56.135  -30.661 0.5000000000
22901  -45.073  -56.027  -30.281 0.5000000000
95974  -32.420  -59.965  -29.807 0.6000000238
20725  -32.911  -59.441  -29.401 0.6000000238
18999  -43.056  -61.727  -29.239 0.5000000000
19910  -43.386  -61.087  -28.691 0.5000000000
21498  -34.548  -58.978  -29.848 0.6999999881
19914  -33.882  -60.081  -30.287 0.6999999881
19001  -44.266  -61.121  -29.581 0.5000000000
19912  -44.959  -60.272  -29.236 0.5000000000
19897  -45.676  -59.693  -28.703 0.4000000060
20738  -35.714  -59.072  -29.839 0.6999999881
19913  -46.093  -59.570  -29.051 0.5000000000
20739  -36.575  -58.738  -29.416 0.6999999881
21503  -37.314  -58.195  -29.463 0.6999999881
20736  -46.666  -59.153  -28.962 0.5000000000
100870  -38.634  -57.704  -29.699 0.6999999881
92390  -39.378  -57.595  -29.854 0.6000000238
21514  -46.112  -57.463  -30.042 0.5000000000
22231  -40.379  -57.371  -30.157 0.6000000238
22902  -45.912  -56.786  -30.155 0.5000000000
22234  -40.320  -56.271  -30.381 0.5000000000
22898  -41.792  -55.240  -30.726 0.5000000000
22899  -42.768  -55.167  -30.721 0.5000000000
94245  -44.448  -55.225  -30.171 0.5000000000
22900  -43.553  -55.147  -30.561 0.5000000000
22886  -44.075  -56.316  -29.124 0.3000000119
20713  -43.833  -58.922  -26.987 0.3000000119
20724  -32.002  -59.511  -28.993 0.6000000238
19895  -43.830  -60.395  -28.038 0.4000000060
20727  -44.333  -59.527  -27.644 0.4000000060
100452  -46.436  -59.160  -28.608 0.5000000000
21500  -36.247  -58.593  -29.377 0.6999999881
21502  -36.833  -58.234  -29.335 0.6999999881
22233  -46.512  -57.999  -29.386 0.5000000000
22228  -38.036  -57.380  -29.596 0.5000000000
93353  -46.271  -57.494  -29.424 0.5000000000
22229  -38.788  -56.953  -29.977 0.5000000000
22887  -45.341  -56.702  -29.184 0.4000000060
22894  -44.852  -55.661  -29.799 0.3000000119
24210  -42.972  -54.570  -30.377 0.5000000000
22893  -43.496  -54.907  -29.741 0.4000000060
20709  -32.624  -59.124  -27.907 0.6000000238
21491  -33.523  -58.726  -28.412 0.6000000238
21492  -34.334  -58.504  -28.723 0.6000000238
21493  -35.166  -58.461  -28.868 0.6000000238
21495  -46.011  -58.631  -27.771 0.3000000119
21496  -46.471  -58.437  -28.302 0.4000000060
21499  -35.390  -58.844  -29.764 0.6000000238
21484  -46.098  -58.140  -27.605 0.3000000119
22225  -36.838  -57.654  -29.026 0.6000000238
91187  -45.573  -56.968  -26.791 0.3000000119
22224  -46.326  -57.999  -28.032 0.3000000119
22227  -37.329  -57.457  -29.289 0.6000000238
22882  -45.794  -57.597  -27.901 0.3000000119
22890  -37.688  -56.446  -29.368 0.5000000000
22891  -38.363  -56.205  -29.680 0.5000000000
22892  -39.135  -55.831  -29.958 0.5000000000
100068  -44.320  -56.637  -27.069 0.3000000119
22881  -44.828  -57.149  -27.847 0.3000000119
22896  -39.938  -55.425  -30.276 0.5000000000
23529  -40.504  -54.211  -30.249 0.5000000000
22880  -43.624  -56.727  -27.880 0.3000000119
23524  -39.492  -54.396  -29.900 0.5000000000
23520  -42.329  -55.153  -29.304 0.4000000060
22885  -42.912  -56.198  -28.731 0.3000000119
20708  -31.638  -59.297  -27.587 0.5000000000
21479  -33.484  -58.781  -26.761 0.6000000238
21480  -34.269  -58.479  -27.170 0.5000000000
89771  -36.152  -57.928  -28.659 0.6000000238
22878  -36.068  -56.524  -27.728 0.5000000000
23498  -45.991  -55.328  -25.443 0.3000000119
23497  -44.982  -55.271  -25.755 0.3000000119
22875  -45.399  -56.569  -26.547 0.3000000119
22889  -37.159  -56.555  -28.972 0.6000000238
96738  -38.674  -55.137  -29.744 0.5000000000
24207  -40.181  -53.746  -29.980 0.5000000000
23525  -41.827  -54.071  -29.945 0.4000000060
23519  -41.107  -55.147  -28.907 0.4000000060
21464  -33.165  -58.380  -25.666 0.5000000000
21465  -34.042  -58.295  -26.147 0.5000000000
22217  -34.530  -57.905  -26.653 0.5000000000
22222  -34.864  -58.155  -27.609 0.5000000000
95582  -34.923  -57.458  -27.128 0.5000000000
25000  -46.303  -53.915  -24.877 0.3000000119
25011  -46.095  -53.777  -25.144 0.3000000119
22883  -36.706  -56.518  -28.489 0.6000000238
23516  -36.767  -55.566  -28.943 0.6000000238
23521  -37.318  -55.704  -29.258 0.5000000000
98683  -39.420  -54.056  -29.582 0.5000000000
22884  -41.996  -56.153  -28.210 0.4000000060
23514  -40.297  -55.454  -27.637 0.4000000060
22209  -34.276  -57.439  -25.852 0.5000000000
22872  -34.663  -56.943  -26.508 0.5000000000
22877  -35.202  -56.571  -27.149 0.5000000000
24987  -45.890  -53.696  -24.015 0.4000000060
25775  -45.877  -52.811  -25.053 0.4000000060
23512  -36.049  -55.327  -28.388 0.5000000000
25784  -45.783  -52.928  -25.199 0.4000000060
25010  -45.369  -53.589  -25.398 0.3000000119
24188  -44.358  -54.526  -25.573 0.3000000119
24204  -37.120  -54.806  -29.408 0.4000000060
24205  -37.827  -54.235  -29.431 0.4000000060
23518  -40.041  -54.372  -29.007 0.4000000060
22865  -33.961  -56.858  -25.151 0.5000000000
22866  -34.239  -56.423  -25.756 0.5000000000
23503  -34.587  -55.857  -26.676 0.5000000000
25765  -45.633  -52.856  -24.384 0.4000000060
23511  -35.278  -55.416  -27.554 0.4000000060
103129  -45.221  -51.462  -25.851 0.4000000060
26538  -45.377  -51.922  -25.606 0.4000000060
105335  -35.445  -54.804  -28.131 0.4000000060
25783  -45.144  -52.391  -25.572 0.4000000060
24199  -36.923  -54.031  -29.240 0.4000000060
24200  -37.734  -53.775  -29.065 0.4000000060
24201  -38.593  -53.840  -29.075 0.4000000060
24202  -39.480  -54.049  -29.593 0.4000000060
23513  -39.408  -54.764  -27.755 0.4000000060
23493  -40.383  -55.358  -25.972 0.4000000060
23504  -39.852  -55.424  -26.532 0.4000000060
22853  -34.027  -56.166  -24.976 0.5000000000
26520  -44.960  -52.017  -24.298 0.4000000060
26529  -45.621  -52.039  -25.084 0.4000000060
98276  -33.966  -55.157  -26.637 0.5000000000
92244  -34.212  -54.881  -27.312 0.4000000060
99879  -35.597  -54.379  -28.603 0.4000000060
26537  -44.997  -51.259  -26.399 0.4000000060
24198  -35.992  -53.953  -28.992 0.4000000060
24186  -41.572  -54.780  -25.528 0.3000000119
102642  -38.767  -54.305  -27.719 0.4000000060
23481  -34.039  -55.621  -25.335 0.4000000060
24182  -33.724  -54.907  -26.041 0.5000000000
24192  -33.586  -54.526  -26.934 0.4000000060
27356  -45.176  -50.514  -26.507 0.4000000060
24195  -33.758  -54.096  -27.527 0.4000000060
24197  -34.722  -54.356  -27.989 0.4000000060
25020  -34.100  -53.527  -27.895 0.4000000060
25021  -35.114  -53.846  -28.510 0.4000000060
25022  -35.683  -53.600  -28.576 0.4000000060
91444  -36.581  -53.629  -28.755 0.4000000060
25019  -37.793  -53.656  -28.532 0.4000000060
24173  -40.192  -54.219  -25.143 0.4000000060
24194  -39.014  -54.844  -26.652 0.4000000060
24184  -39.645  -54.948  -25.727 0.4000000060
25005  -33.581  -54.081  -25.587 0.4000000060
25013  -33.342  -54.180  -26.525 0.4000000060
25017  -33.340  -53.485  -27.430 0.4000000060
25794  -34.929  -53.200  -28.286 0.4000000060
25795  -35.808  -53.126  -28.219 0.4000000060
24174  -41.062  -54.204  -25.214 0.4000000060
25796  -36.626  -53.224  -27.980 0.4000000060
25018  -37.290  -53.404  -27.728 0.4000000060
25793  -36.883  -52.834  -27.106 0.4000000060
92545  -37.935  -53.941  -26.223 0.4000000060
24183  -38.642  -54.502  -25.886 0.4000000060
25012  -33.004  -53.521  -26.570 0.4000000060
25016  -32.845  -53.133  -27.117 0.4000000060
25789  -33.176  -52.923  -27.440 0.4000000060
25790  -34.010  -52.708  -27.800 0.4000000060
25791  -35.086  -52.490  -27.870 0.4000000060
25792  -36.103  -52.560  -27.494 0.4000000060
25787  -36.518  -52.188  -26.541 0.4000000060
24996  -39.810  -53.461  -24.797 0.3000000119
25006  -37.626  -53.261  -25.687 0.4000000060
25008  -39.249  -54.069  -25.231 0.4000000060
105255  -32.848  -52.560  -25.872 0.4000000060
25786  -32.574  -52.412  -26.998 0.4000000060
25777  -32.502  -52.038  -26.417 0.4000000060
26546  -33.050  -52.156  -27.286 0.4000000060
26548  -35.633  -51.832  -27.104 0.4000000060
25773  -41.164  -52.704  -24.985 0.4000000060
24997  -40.679  -53.483  -24.912 0.3000000119
25788  -37.019  -52.714  -26.077 0.4000000060
25007  -38.397  -53.703  -25.426 0.5000000000
104010  -39.473  -52.799  -24.629 0.4000000060
25779  -37.365  -52.484  -25.299 0.5000000000
26530  -32.044  -50.659  -26.155 0.4000000060
27365  -32.114  -50.372  -26.251 0.4000000060
26539  -32.465  -51.384  -26.531 0.4000000060
27366  -32.890  -50.526  -26.694 0.4000000060
26540  -33.476  -51.161  -27.091 0.4000000060
25778  -36.839  -52.036  -25.642 0.4000000060
25780  -38.118  -52.922  -24.979 0.5000000000
28071  -31.860  -50.012  -26.066 0.4000000060
28079  -31.933  -49.658  -26.157 0.4000000060
28080  -32.603  -49.713  -26.507 0.4000000060
26533  -37.195  -51.712  -24.973 0.4000000060
25770  -37.895  -52.109  -24.655 0.5000000000
28729  -31.798  -48.412  -25.980 0.4000000060
28741  -31.860  -49.128  -26.013 0.4000000060
28742  -32.238  -48.796  -26.321 0.4000000060
27359  -37.155  -50.843  -24.933 0.5000000000
30876  -31.906  -45.315  -26.053 0.4000000060
30177  -31.759  -46.892  -26.126 0.4000000060
102131  -31.837  -48.323  -25.947 0.4000000060
30880  -32.026  -46.002  -26.199 0.4000000060
30178  -32.763  -46.930  -26.494 0.5000000000
89728  -31.638  -46.907  -26.000 0.4000000060
89367  -40.120  -53.753  -29.888 0.5000000000
18120  -39.899  -62.334  -32.125 0.5000000000
18104  -37.614  -62.294  -29.658 0.8000000119
18098  -37.048  -61.830  -28.822 0.8000000119
18995  -36.776  -60.999  -28.431 0.6999999881
17258  -41.441  -63.293  -30.813 0.5000000000
98294  -36.196  -60.317  -28.492 0.6999999881
17254  -41.607  -63.287  -30.238 0.5000000000
19891  -34.615  -60.575  -28.551 0.6999999881
19006  -42.804  -62.277  -29.592 0.4000000060
19905  -34.449  -59.950  -30.012 0.6999999881
21497  -33.774  -59.218  -29.686 0.6999999881
93106  -42.194  -61.823  -29.086 0.4000000060
18987  -42.459  -61.218  -28.415 0.4000000060
20732  -31.621  -59.921  -29.299 0.6000000238
20726  -43.257  -59.705  -27.336 0.4000000060
21477  -31.143  -59.033  -26.627 0.5000000000
21478  -32.109  -58.774  -26.258 0.5000000000
22196  -33.295  -57.133  -24.742 0.4000000060
23480  -33.956  -55.535  -24.558 0.4000000060
24171  -33.996  -54.764  -23.981 0.4000000060
24172  -34.007  -54.831  -24.898 0.4000000060
24158  -33.991  -54.056  -24.358 0.4000000060
24994  -33.615  -52.689  -24.822 0.4000000060
25769  -32.921  -51.970  -25.548 0.4000000060
27357  -32.191  -50.589  -25.830 0.4000000060
28072  -32.304  -50.053  -25.620 0.4000000060
28730  -32.129  -49.262  -25.682 0.4000000060
106035  -31.911  -46.329  -25.589 0.4000000060
98883  -38.988  -61.382  -29.803 0.8000000119
89747  -42.305  -62.473  -31.099 0.5000000000
89668  -38.687  -59.043  -29.090 0.6999999881
19923  -43.445  -60.910  -30.756 0.6000000238
20747  -43.226  -59.608  -30.585 0.6999999881
20744  -41.694  -59.271  -29.967 0.6999999881
20750  -45.214  -59.419  -30.097 0.6000000238
21511  -44.032  -57.669  -30.591 0.6000000238
21510  -43.236  -58.507  -30.432 0.6000000238
106431  -45.761  -58.804  -29.809 0.5000000000
19894  -42.848  -60.529  -27.778 0.5000000000
19911  -44.173  -60.829  -28.962 0.5000000000
21494  -45.018  -58.787  -27.288 0.3000000119
24212  -41.742  -54.199  -30.305 0.5000000000
22223  -35.525  -57.594  -27.750 0.6000000238
23523  -38.669  -54.347  -29.567 0.5000000000
96988  -41.302  -53.936  -30.139 0.5000000000
23517  -39.173  -53.922  -28.959 0.4000000060
24206  -38.718  -54.026  -29.320 0.4000000060
23515  -41.231  -56.074  -27.353 0.4000000060
24193  -38.321  -54.281  -26.924 0.4000000060
25023  -37.217  -53.551  -28.570 0.4000000060
25004  -33.152  -53.219  -25.747 0.4000000060
25014  -37.386  -53.308  -26.706 0.4000000060
29408  -32.070  -47.745  -26.277 0.4000000060
13523  -26.355  -68.078  -32.805 0.4000000060
14296  -27.530  -67.828  -33.197 0.4000000060
15034  -28.556  -67.126  -32.965 0.4000000060
15035  -29.140  -67.190  -32.972 0.4000000060
15026  -28.079  -66.896  -32.842 0.4000000060
102587  -28.826  -66.722  -32.341 0.4000000060
15027  -29.338  -66.698  -32.389 0.4000000060
15028  -30.227  -66.085  -32.034 0.4000000060
98929  -30.759  -65.646  -32.071 0.5000000000
15013  -28.774  -66.672  -31.499 0.4000000060
15014  -29.596  -66.510  -31.605 0.5000000000
15029  -30.939  -65.301  -31.897 0.5000000000
15771  -31.396  -64.780  -32.012 0.6000000238
15011  -27.283  -66.258  -31.249 0.4000000060
15012  -28.031  -66.517  -31.515 0.4000000060
88965  -29.564  -67.000  -30.489 0.4000000060
18108  -41.981  -63.046  -29.950 0.3000000119
18102  -41.529  -62.774  -29.558 0.4000000060
19893  -41.927  -60.753  -27.466 0.3000000119
15776  -31.361  -64.856  -32.024 0.5000000000
16499  -39.316  -64.269  -31.904 0.5000000000
16489  -40.385  -63.982  -30.537 0.4000000060
14275  -28.593  -67.110  -29.191 0.4000000060
89606  -30.322  -66.449  -30.871 0.5000000000
15015  -30.970  -65.666  -31.461 0.5000000000
14274  -27.880  -67.054  -29.638 0.4000000060
15777  -32.025  -64.590  -32.008 0.6000000238
16494  -32.740  -64.348  -32.036 0.6000000238
16496  -34.203  -63.866  -32.140 0.6999999881
17267  -39.366  -63.475  -32.285 0.5000000000
105781  -33.315  -64.393  -32.212 0.6999999881
102408  -35.477  -63.652  -32.408 0.6999999881
16505  -37.965  -63.595  -32.491 0.6999999881
15772  -32.297  -64.827  -31.645 0.6000000238
15773  -33.387  -64.852  -31.141 0.6000000238
15001  -29.498  -67.308  -29.315 0.4000000060
15002  -30.437  -67.225  -29.801 0.5000000000
15765  -31.890  -65.707  -30.941 0.6000000238
15778  -32.841  -64.410  -32.030 0.6000000238
15779  -33.706  -64.134  -31.835 0.6000000238
16490  -34.429  -63.709  -31.911 0.6000000238
16497  -34.979  -63.445  -32.191 0.6999999881
17266  -38.590  -63.139  -32.374 0.6000000238
17261  -40.018  -63.004  -32.261 0.5000000000
14984  -30.548  -66.740  -27.795 0.6000000238
14990  -31.202  -66.728  -28.865 0.6000000238
15761  -32.720  -65.927  -28.779 0.6999999881
15766  -32.980  -65.676  -30.078 0.6000000238
89460  -34.934  -64.232  -31.178 0.6000000238
14989  -30.296  -67.242  -28.809 0.5000000000
15003  -31.253  -66.672  -30.300 0.6000000238
16491  -35.102  -63.454  -31.839 0.6000000238
17259  -35.494  -63.311  -32.142 0.6999999881
17260  -36.267  -63.134  -32.106 0.6999999881
17264  -35.781  -63.357  -32.221 0.6999999881
18125  -39.250  -62.733  -32.278 0.6000000238
18123  -37.824  -62.819  -32.239 0.6999999881
15760  -32.054  -66.193  -28.274 0.6000000238
15762  -33.377  -65.407  -28.604 0.6999999881
14991  -32.156  -66.405  -29.563 0.6999999881
16485  -34.782  -64.442  -30.156 0.6000000238
18119  -39.096  -62.180  -32.097 0.5000000000
17255  -35.973  -63.409  -31.341 0.6999999881
18124  -38.548  -62.536  -32.182 0.6000000238
17246  -35.046  -63.432  -28.190 0.6999999881
17248  -36.412  -63.031  -29.356 0.6999999881
16480  -34.012  -64.676  -28.157 0.6999999881
16482  -35.268  -63.831  -29.299 0.6000000238
17251  -35.958  -63.541  -29.913 0.5000000000
15767  -34.083  -65.125  -29.739 0.6999999881
104226  -36.794  -63.000  -31.450 0.6999999881
18118  -38.227  -62.334  -32.006 0.5000000000
17256  -37.229  -62.820  -32.054 0.6000000238
98484  -36.098  -62.486  -28.442 0.6999999881
18103  -36.818  -62.452  -29.058 0.6999999881
18097  -36.413  -61.767  -28.373 0.6999999881
18113  -37.698  -62.552  -31.207 0.6000000238
18112  -37.082  -62.920  -30.135 0.6999999881
16500  -40.068  -63.744  -31.565 0.5000000000
103995  -36.498  -63.253  -30.431 0.6000000238
14284  -27.784  -66.675  -30.530 0.4000000060
15000  -28.591  -66.991  -30.263 0.4000000060
16503  -36.337  -63.896  -32.556 0.6999999881
17265  -36.848  -63.238  -32.298 0.6999999881
15768  -34.290  -64.562  -31.048 0.6000000238
16481  -34.597  -64.215  -28.796 0.6999999881
16486  -35.479  -63.980  -30.686 0.6000000238
17247  -35.744  -63.179  -28.687 0.6000000238
15756  -32.680  -65.474  -27.682 0.5000000000
14988  -29.693  -67.262  -28.148 0.4000000060
14985  -31.386  -66.340  -27.804 0.5000000000
15757  -33.381  -64.924  -27.634 0.6000000238
14247  -28.993  -67.230  -27.469 0.4000000060
14978  -29.475  -66.866  -26.469 0.5000000000
14983  -29.831  -66.943  -27.318 0.5000000000
14980  -31.115  -66.153  -26.985 0.5000000000
16474  -32.936  -64.672  -26.980 0.5000000000
16471  -33.062  -63.967  -26.622 0.5000000000
15755  -31.829  -65.793  -27.281 0.5000000000
16476  -34.351  -63.754  -27.734 0.6000000238
16475  -33.603  -64.067  -27.212 0.5000000000
17242  -34.650  -62.842  -27.582 0.6999999881
17241  -33.984  -63.101  -27.119 0.6000000238
18092  -34.990  -62.018  -27.571 0.6000000238
14231  -28.538  -67.177  -26.495 0.5000000000
14969  -30.077  -66.387  -26.095 0.5000000000
15750  -30.768  -65.974  -26.163 0.5000000000
16470  -32.430  -64.274  -26.327 0.5000000000
15751  -31.470  -65.547  -26.432 0.5000000000
17243  -35.390  -62.626  -27.942 0.6000000238
17237  -33.361  -63.285  -26.650 0.6000000238
18091  -34.223  -62.260  -27.277 0.5000000000
18983  -35.267  -61.204  -27.900 0.6000000238
14977  -28.768  -66.847  -25.845 0.5000000000
15741  -30.154  -65.754  -25.713 0.5000000000
91125  -30.166  -65.097  -25.438 0.5000000000
15742  -30.912  -65.191  -25.752 0.5000000000
17223  -32.189  -63.630  -25.959 0.5000000000
18096  -35.704  -61.840  -27.925 0.6000000238
18077  -32.892  -62.637  -26.482 0.5000000000
18981  -33.701  -61.694  -27.364 0.6000000238
14215  -27.991  -67.112  -25.911 0.5000000000
14967  -28.675  -66.176  -25.447 0.5000000000
15740  -29.358  -65.442  -25.346 0.5000000000
16459  -29.729  -64.463  -25.250 0.5000000000
17220  -29.816  -63.508  -25.516 0.6000000238
16460  -30.507  -64.495  -25.492 0.4000000060
18061  -29.520  -62.714  -26.046 0.4000000060
18063  -31.217  -62.831  -25.841 0.5000000000
17222  -31.554  -63.542  -25.797 0.4000000060
18074  -29.968  -62.374  -26.799 0.4000000060
18089  -30.474  -61.890  -27.517 0.5000000000
18075  -31.597  -62.293  -26.314 0.5000000000
18088  -29.606  -61.859  -27.673 0.4000000060
18965  -32.297  -61.952  -26.854 0.6000000238
18966  -33.092  -61.945  -26.954 0.6000000238
19890  -33.832  -60.927  -28.332 0.6000000238
19904  -33.842  -60.343  -29.994 0.6000000238
99829  -30.846  -62.254  -26.445 0.5000000000
18978  -30.968  -61.621  -28.503 0.5000000000
18964  -31.351  -61.843  -27.225 0.5000000000
18989  -29.854  -61.134  -28.972 0.4000000060
18990  -30.638  -61.261  -29.127 0.5000000000
18992  -32.337  -60.917  -29.337 0.6000000238
18980  -32.935  -61.330  -27.943 0.6000000238
18993  -33.053  -60.642  -29.642 0.6000000238
18991  -31.480  -61.201  -29.193 0.5000000000
20707  -30.711  -59.327  -27.416 0.3000000119
20730  -29.993  -59.980  -28.681 0.4000000060
19901  -30.311  -60.630  -29.141 0.4000000060
19902  -31.130  -60.606  -29.363 0.5000000000
103292  -32.643  -60.451  -29.997 0.5000000000
101890  -33.362  -60.111  -30.136 0.6000000238
22852  -33.554  -56.288  -24.453 0.3000000119
22195  -32.484  -57.451  -24.578 0.3000000119
21455  -32.341  -58.243  -25.076 0.4000000060
93545  -33.328  -55.036  -23.597 0.3000000119
24983  -34.072  -53.144  -23.966 0.3000000119
96404  -33.822  -53.859  -23.650 0.3000000119
25763  -34.113  -52.384  -23.986 0.3000000119
26522  -33.916  -51.823  -24.427 0.3000000119
27350  -33.399  -50.430  -24.866 0.3000000119
28065  -33.325  -49.678  -24.721 0.3000000119
90425  -33.345  -48.933  -24.411 0.3000000119
29394  -32.020  -47.672  -25.707 0.3000000119
20723  -31.161  -59.602  -28.564 0.5000000000
23468  -33.504  -55.566  -23.947 0.3000000119
14979  -30.317  -66.467  -26.850 0.5000000000
18076  -32.123  -62.845  -26.000 0.5000000000
16493  -39.707  -64.388  -30.830 0.3000000119
15787  -35.889  -64.551  -32.606 0.6000000238
16504  -37.400  -64.254  -32.561 0.6000000238
18100  -39.615  -62.616  -28.700 0.3000000119
18106  -40.331  -63.276  -29.343 0.3000000119
18101  -40.743  -62.624  -29.206 0.3000000119
17250  -39.647  -63.644  -29.143 0.3000000119
17252  -40.359  -63.835  -29.718 0.3000000119
18107  -41.155  -63.293  -29.754 0.3000000119
15780  -36.899  -65.137  -32.432 0.6000000238
16498  -38.476  -64.582  -32.213 0.5000000000
18095  -38.930  -62.208  -27.999 0.3000000119
18985  -40.529  -61.338  -27.762 0.3000000119
18997  -40.497  -61.872  -28.543 0.3000000119
18986  -41.411  -61.389  -28.223 0.3000000119
16492  -39.040  -64.864  -31.184 0.4000000060
14262  -28.954  -67.194  -28.477 0.4000000060
18967  -38.818  -61.869  -27.238 0.3000000119
18984  -39.623  -61.646  -27.818 0.3000000119
18969  -40.184  -61.195  -26.996 0.3000000119
14305  -30.037  -67.964  -33.520 0.5000000000
14306  -30.884  -68.030  -33.452 0.5000000000
14300  -28.081  -67.600  -33.286 0.4000000060
14301  -28.605  -67.786  -33.371 0.4000000060
14304  -29.312  -67.899  -33.503 0.4000000060
13536  -29.865  -68.622  -33.789 0.5000000000
96176  -32.633  -65.729  -32.610 0.5000000000
101651  -32.262  -66.575  -32.786 0.5000000000
15044  -30.485  -67.095  -32.815 0.5000000000
15038  -31.463  -67.034  -32.813 0.5000000000
15043  -29.689  -67.277  -33.053 0.4000000060
15786  -34.681  -65.353  -32.605 0.6000000238
102463  -33.948  -65.429  -32.618 0.6000000238
15036  -30.000  -66.465  -32.478 0.3000000119
15037  -30.884  -65.949  -32.335 0.4000000060
15783  -31.714  -65.602  -32.451 0.5000000000
15041  -35.525  -65.302  -32.555 0.6000000238
16501  -33.945  -64.510  -32.396 0.6000000238
15785  -33.161  -64.895  -32.440 0.6000000238
16484  -39.560  -64.285  -29.482 0.3000000119
15782  -38.421  -65.187  -31.474 0.4000000060
16502  -34.906  -64.132  -32.537 0.6000000238
15784  -32.160  -64.727  -32.203 0.4000000060
94366  -38.906  -64.612  -29.244 0.3000000119
16488  -39.977  -64.378  -30.008 0.3000000119
15781  -37.832  -65.214  -32.086 0.5000000000
15775  -38.528  -65.269  -30.518 0.3000000119
92527  -35.261  -66.371  -32.353 0.5000000000
98130  -35.950  -66.008  -32.216 0.5000000000
15031  -35.824  -66.629  -31.431 0.4000000060
15032  -36.636  -66.001  -31.779 0.5000000000
15030  -34.683  -67.170  -32.205 0.5000000000
14297  -35.190  -67.320  -31.394 0.4000000060
15017  -36.480  -66.564  -30.492 0.4000000060
15018  -37.265  -65.994  -30.838 0.4000000060
15033  -37.353  -65.647  -31.722 0.5000000000
15039  -33.486  -66.074  -32.692 0.5000000000
15040  -34.316  -66.487  -32.588 0.5000000000
15774  -37.923  -65.590  -31.132 0.4000000060
96194  -29.024  -71.891  -29.313 0.3000000119
10505  -28.744  -72.661  -29.426 0.3000000119
11249  -29.854  -71.525  -29.079 0.3000000119
11999  -31.331  -70.686  -29.770 0.3000000119
11998  -30.130  -70.888  -30.046 0.3000000119
12000  -32.257  -70.949  -29.717 0.4000000060
12014  -32.051  -70.491  -30.757 0.4000000060
12025  -29.776  -70.318  -31.506 0.3000000119
92239  -32.984  -70.687  -31.585 0.4000000060
12029  -33.458  -70.835  -33.176 0.4000000060
12027  -31.424  -70.273  -31.841 0.4000000060
12013  -30.847  -70.409  -30.959 0.4000000060
12026  -30.516  -70.031  -32.490 0.4000000060
11290  -35.351  -71.236  -33.905 0.3000000119
105045  -34.149  -71.311  -33.184 0.4000000060
12028  -32.307  -70.416  -32.394 0.4000000060
12044  -31.450  -70.214  -33.216 0.4000000060
12761  -35.564  -70.624  -33.620 0.3000000119
12047  -34.652  -71.088  -34.247 0.4000000060
12759  -33.762  -70.318  -34.296 0.4000000060
12046  -33.670  -70.709  -34.171 0.4000000060
12052  -32.830  -70.234  -34.350 0.4000000060
12765  -32.300  -69.767  -34.534 0.4000000060
12050  -31.487  -70.162  -34.211 0.4000000060
12764  -31.561  -69.818  -34.441 0.4000000060
12049  -30.856  -69.994  -33.673 0.4000000060
12758  -30.175  -69.540  -33.427 0.4000000060
12747  -34.928  -69.693  -32.951 0.4000000060
13535  -34.086  -69.631  -33.838 0.4000000060
13540  -32.607  -69.195  -34.380 0.4000000060
13539  -31.797  -69.150  -34.466 0.4000000060
12763  -30.817  -69.653  -34.131 0.4000000060
12746  -29.500  -69.454  -32.712 0.4000000060
93174  -33.716  -68.628  -33.246 0.4000000060
13534  -33.324  -69.217  -34.081 0.4000000060
97094  -32.297  -68.546  -33.974 0.4000000060
101002  -30.418  -69.167  -34.104 0.4000000060
13538  -31.157  -68.753  -34.166 0.4000000060
14308  -32.826  -68.327  -33.577 0.4000000060
14302  -32.987  -67.023  -32.998 0.4000000060
96668  -33.383  -68.007  -33.078 0.4000000060
90500  -33.665  -67.048  -32.793 0.4000000060
89873  -31.688  -68.254  -33.643 0.4000000060
15769  -37.863  -65.640  -29.914 0.3000000119
12053  -35.189  -71.067  -34.203 0.4000000060
12030  -34.321  -71.308  -34.015 0.4000000060
12048  -35.847  -71.000  -33.535 0.3000000119
12045  -32.422  -70.471  -34.070 0.4000000060
12760  -34.743  -70.582  -34.277 0.4000000060
12766  -32.960  -69.809  -34.478 0.4000000060
92579  -31.027  -69.289  -34.352 0.4000000060
14307  -32.324  -67.649  -33.213 0.4000000060
14303  -34.043  -67.686  -32.523 0.4000000060
11264  -34.655  -72.108  -31.512 0.3000000119
11253  -32.975  -71.576  -29.767 0.3000000119
11252  -32.371  -71.555  -29.345 0.3000000119
12015  -33.002  -71.015  -30.531 0.3000000119
11275  -33.896  -71.217  -31.821 0.3000000119
11276  -34.697  -71.634  -32.962 0.3000000119
11289  -34.872  -71.389  -34.051 0.3000000119
13526  -34.230  -68.650  -32.504 0.3000000119
14285  -34.603  -67.937  -31.579 0.3000000119
11277  -35.489  -71.606  -33.137 0.3000000119
11292  -35.049  -71.225  -34.217 0.3000000119
12051  -32.064  -70.175  -34.374 0.4000000060
12762  -29.975  -69.113  -33.842 0.4000000060
13537  -30.518  -68.714  -34.016 0.4000000060
14968  -29.460  -66.363  -25.771 0.5000000000
15042  -36.251  -65.481  -32.396 0.6000000238
15752  -32.210  -65.136  -26.734 0.5000000000
16461  -31.228  -64.330  -25.734 0.4000000060
16462  -31.863  -64.118  -25.925 0.5000000000
16469  -31.702  -64.795  -26.118 0.5000000000
16487  -39.253  -64.809  -30.011 0.3000000119
16495  -33.425  -64.168  -32.065 0.6999999881
16506  -38.802  -63.903  -32.417 0.6999999881
17221  -30.694  -63.656  -25.627 0.4000000060
17236  -32.729  -63.437  -26.248 0.5000000000
17253  -40.997  -63.574  -30.316 0.5000000000
17257  -40.814  -63.551  -31.053 0.5000000000
17262  -40.545  -63.250  -31.664 0.5000000000
18062  -30.329  -62.831  -25.941 0.5000000000
18090  -33.539  -62.463  -26.888 0.5000000000
18105  -38.179  -62.156  -30.484 0.8000000119
18109  -42.770  -62.622  -30.044 0.4000000060
18114  -38.374  -62.120  -31.402 0.8000000119
18116  -42.847  -62.444  -30.582 0.5000000000
18117  -43.351  -62.082  -30.684 0.6000000238
18121  -41.524  -62.672  -31.399 0.5000000000
18977  -30.157  -61.492  -28.424 0.4000000060
18979  -31.862  -61.481  -28.254 0.6000000238
18982  -34.480  -61.463  -27.669 0.6000000238
18996  -37.579  -61.472  -28.943 0.8000000119
18998  -41.394  -62.105  -29.112 0.4000000060
19000  -43.861  -61.677  -29.551 0.4000000060
19005  -42.164  -62.524  -29.584 0.3000000119
19008  -44.172  -61.670  -29.929 0.6000000238
19011  -40.498  -61.574  -31.636 0.5000000000
19012  -43.585  -61.642  -30.620 0.6000000238
19013  -44.125  -61.152  -30.323 0.6000000238
19018  -43.045  -61.534  -31.066 0.6000000238
19896  -44.748  -60.023  -28.438 0.5000000000
19903  -31.979  -60.524  -29.651 0.5000000000
19906  -35.911  -59.473  -29.196 0.6999999881
19917  -44.590  -60.798  -29.813 0.5000000000
19918  -45.331  -59.964  -29.614 0.5000000000
19925  -42.037  -61.060  -31.450 0.6000000238
20722  -30.302  -59.574  -28.234 0.3000000119
20728  -45.488  -59.357  -28.043 0.3000000119
20731  -30.752  -59.959  -28.987 0.5000000000
20737  -34.106  -59.798  -30.127 0.6999999881
20745  -46.149  -59.221  -29.353 0.5000000000
20748  -43.761  -59.721  -30.614 0.6000000238
21483  -45.644  -58.101  -26.840 0.3000000119
21501  -46.756  -58.732  -28.901 0.5000000000
21504  -38.152  -58.260  -29.529 0.6999999881
21508  -46.221  -58.377  -29.635 0.5000000000
21513  -45.525  -58.243  -30.279 0.5000000000
22207  -33.016  -57.843  -25.009 0.4000000060
22208  -33.697  -57.681  -25.368 0.5000000000
22219  -45.698  -57.704  -26.967 0.3000000119
22226  -46.616  -58.046  -28.801 0.5000000000
22230  -39.575  -56.652  -30.206 0.5000000000
22232  -46.159  -57.201  -29.843 0.5000000000
22235  -41.128  -56.387  -30.522 0.5000000000
22237  -44.684  -56.828  -30.639 0.5000000000
22842  -33.014  -56.117  -23.877 0.3000000119
22874  -43.316  -56.395  -26.907 0.3000000119
22879  -42.761  -56.523  -27.669 0.3000000119
22888  -46.214  -57.471  -28.904 0.5000000000
22895  -45.852  -56.685  -29.822 0.5000000000
22897  -40.812  -55.255  -30.546 0.5000000000
23492  -34.007  -55.628  -26.098 0.5000000000
23494  -41.194  -55.308  -25.911 0.3000000119
23505  -40.755  -55.678  -26.501 0.4000000060
23509  -45.727  -55.887  -25.908 0.3000000119
23522  -37.877  -55.185  -29.625 0.5000000000
23526  -43.329  -54.589  -30.221 0.5000000000
23527  -43.723  -54.870  -30.327 0.5000000000
23528  -44.184  -55.276  -30.348 0.5000000000
23530  -41.390  -54.379  -30.458 0.5000000000
23531  -42.101  -54.683  -30.630 0.5000000000
23532  -42.955  -54.755  -30.548 0.5000000000
24185  -40.651  -54.868  -25.572 0.4000000060
24189  -45.714  -54.529  -25.404 0.3000000119
24191  -33.190  -53.819  -27.090 0.4000000060
24196  -38.333  -53.863  -28.228 0.4000000060
24203  -40.854  -53.764  -29.910 0.5000000000
24208  -40.674  -53.758  -30.074 0.5000000000
24209  -42.328  -54.309  -30.246 0.5000000000
24211  -40.980  -53.810  -30.146 0.5000000000
24988  -46.194  -53.958  -24.379 0.4000000060
24995  -38.950  -53.269  -24.794 0.4000000060
25015  -37.791  -53.724  -27.408 0.4000000060
25776  -46.110  -53.448  -24.682 0.3000000119
25785  -46.140  -53.392  -25.047 0.4000000060
26521  -33.201  -51.193  -25.195 0.4000000060
26528  -45.007  -51.147  -25.102 0.4000000060
26531  -32.317  -51.224  -26.091 0.4000000060
28724  -32.686  -48.335  -25.065 0.3000000119
29400  -31.827  -47.655  -26.049 0.4000000060
30170  -31.679  -46.118  -26.036 0.4000000060
88609  -36.365  -54.615  -29.063 0.4000000060
95445  -32.682  -52.787  -26.596 0.4000000060
96406  -44.405  -54.769  -29.922 0.5000000000
96666  -28.140  -66.648  -25.588 0.5000000000
96827  -43.411  -55.996  -30.690 0.5000000000
97108  -42.440  -54.491  -30.434 0.5000000000
97336  -43.565  -60.291  -30.648 0.6000000238
97590  -44.009  -58.766  -30.635 0.6999999881
98037  -33.331  -45.949  -26.361 0.5000000000
101139  -41.993  -60.080  -30.495 0.8000000119
103368  -42.834  -54.365  -29.952 0.5000000000
103427  -30.429  -65.965  -31.642 0.5000000000
103612  -33.754  -53.478  -24.809 0.4000000060
104461  -43.892  -62.100  -29.959 0.5000000000
104742  -46.678  -58.798  -29.113 0.5000000000
104843  -30.211  -64.036  -25.383 0.5000000000
105759  -44.840  -55.601  -29.781 0.3000000119
