#!ascii label  , from subject OASIS_0001 vox2ras=TkReg
1537
24991  -26.298  -53.192  -24.854 0.5000000000
98422  -25.219  -53.133  -24.772 0.4000000060
25768  -25.598  -52.636  -24.411 0.6000000238
25760  -26.914  -52.659  -23.377 0.6000000238
24978  -26.507  -52.985  -24.286 0.5000000000
26503  -27.141  -51.384  -22.344 0.6000000238
25767  -24.496  -52.740  -24.167 0.6999999881
24990  -24.310  -53.456  -24.282 0.6999999881
26515  -24.849  -51.427  -23.400 0.6999999881
25759  -25.841  -52.203  -23.851 0.6999999881
26516  -26.397  -51.907  -22.857 0.6999999881
100609  -27.688  -50.645  -22.123 0.5000000000
25749  -27.648  -52.328  -22.619 0.5000000000
17971  -21.418  -62.641  -18.313 0.5000000000
25766  -23.895  -53.080  -23.556 0.6999999881
26514  -23.663  -51.698  -23.451 0.6999999881
26502  -25.851  -51.065  -22.640 0.6999999881
106933  -23.541  -51.070  -23.238 0.6999999881
27333  -25.396  -50.243  -22.492 0.6999999881
26501  -24.390  -50.694  -22.871 0.6999999881
23459  -26.984  -55.659  -22.562 0.6999999881
103776  -26.038  -53.905  -22.159 0.6999999881
24977  -23.993  -53.279  -23.501 0.6999999881
24141  -24.196  -53.755  -23.547 0.6999999881
17955  -21.341  -61.676  -17.767 0.6000000238
17138  -19.398  -63.171  -18.507 0.4000000060
105143  -23.096  -51.932  -23.139 0.6999999881
27334  -26.716  -50.488  -22.346 0.6999999881
91240  -27.566  -49.668  -22.327 0.6999999881
28705  -26.835  -48.789  -22.581 0.6999999881
28050  -28.538  -49.415  -22.306 0.6000000238
22832  -28.377  -56.446  -21.800 0.6999999881
23452  -27.689  -55.613  -22.051 0.6999999881
24143  -25.901  -54.440  -22.567 0.6999999881
24136  -26.821  -54.348  -22.010 0.6999999881
91432  -27.620  -54.897  -21.725 0.6999999881
19759  -22.906  -60.666  -17.405 0.6000000238
24959  -25.568  -53.347  -21.993 0.6999999881
24957  -23.568  -52.634  -22.565 0.6999999881
24967  -25.038  -53.725  -22.484 0.6999999881
95847  -26.646  -53.698  -21.700 0.6999999881
18860  -19.663  -61.689  -18.319 0.5000000000
17970  -19.871  -62.678  -18.585 0.5000000000
27332  -24.026  -49.979  -22.532 0.6999999881
26500  -23.009  -51.277  -23.103 0.6999999881
24948  -26.332  -52.924  -21.403 0.6999999881
17969  -19.103  -62.440  -18.521 0.4000000060
103014  -23.015  -51.826  -22.907 0.6999999881
25743  -24.753  -52.631  -21.803 0.6999999881
17954  -17.976  -62.763  -18.248 0.4000000060
27331  -23.323  -50.287  -22.274 0.6999999881
25731  -24.636  -51.889  -21.260 0.6999999881
25732  -25.682  -52.300  -21.226 0.6999999881
28049  -26.268  -49.584  -22.402 0.6999999881
28048  -25.106  -49.522  -22.426 0.6999999881
28030  -23.925  -49.155  -21.204 0.6999999881
26483  -24.067  -50.605  -20.843 0.6999999881
28037  -23.797  -49.393  -21.779 0.6999999881
106624  -28.336  -47.422  -22.817 0.6000000238
29375  -26.849  -47.499  -23.137 0.6999999881
97877  -26.009  -48.023  -22.816 0.6999999881
97785  -28.897  -45.399  -22.641 0.5000000000
97403  -28.975  -46.240  -22.717 0.5000000000
30150  -31.542  -46.016  -22.563 0.4000000060
30149  -30.697  -46.323  -22.507 0.5000000000
24950  -28.222  -54.022  -20.818 0.6999999881
21392  -23.496  -58.620  -17.745 0.6000000238
18847  -20.508  -61.235  -17.838 0.5000000000
90737  -26.656  -52.296  -20.804 0.6999999881
28047  -24.454  -49.148  -22.258 0.6999999881
27325  -23.288  -49.957  -22.133 0.6999999881
28704  -25.578  -48.864  -22.421 0.6999999881
29366  -24.503  -48.030  -21.604 0.6999999881
102217  -28.267  -44.645  -22.729 0.6999999881
29376  -27.790  -47.827  -22.869 0.6999999881
92432  -28.127  -46.167  -22.924 0.6999999881
30147  -27.667  -47.000  -23.116 0.6999999881
94059  -29.199  -44.362  -22.534 0.6999999881
22128  -26.621  -57.803  -18.408 0.6999999881
22787  -28.556  -56.794  -18.814 0.6999999881
89291  -28.970  -56.033  -18.810 0.8000000119
23439  -29.478  -55.092  -19.439 0.8000000119
105603  -26.979  -56.905  -18.173 0.6000000238
22786  -27.795  -56.541  -18.276 0.6000000238
23449  -29.426  -55.284  -20.018 0.8000000119
22127  -25.570  -57.661  -18.300 0.6000000238
22784  -25.201  -56.984  -18.008 0.6000000238
24132  -28.996  -54.613  -20.529 0.6999999881
89631  -24.304  -58.476  -18.020 0.6000000238
106659  -24.304  -57.835  -18.125 0.6000000238
20591  -21.942  -59.398  -17.323 0.6000000238
21375  -22.652  -58.832  -17.536 0.6000000238
25733  -27.272  -52.836  -20.853 0.6999999881
19757  -20.512  -60.339  -17.543 0.5000000000
91650  -21.228  -59.885  -17.283 0.6000000238
25734  -28.124  -53.208  -20.598 0.6999999881
28703  -24.866  -48.291  -22.268 0.6999999881
28046  -23.666  -49.669  -22.072 0.6999999881
26484  -24.853  -51.220  -20.822 0.6999999881
30850  -26.314  -45.655  -23.341 0.8000000119
30146  -26.563  -46.670  -23.304 0.6999999881
28717  -24.629  -47.968  -22.061 0.6999999881
27304  -24.319  -49.847  -20.696 0.6999999881
31518  -27.270  -44.925  -23.071 0.8000000119
89234  -25.756  -47.134  -23.094 0.6999999881
31505  -29.960  -44.955  -22.534 0.5000000000
31506  -31.527  -44.798  -22.547 0.5000000000
97706  -31.153  -44.070  -22.481 0.5000000000
30854  -31.977  -45.498  -22.648 0.4000000060
22764  -27.904  -55.785  -17.952 0.6000000238
92943  -28.395  -56.151  -18.395 0.6999999881
24113  -29.106  -54.768  -18.117 0.8000000119
23422  -29.290  -55.309  -18.816 0.8999999762
103769  -26.473  -56.447  -17.872 0.6000000238
24942  -29.735  -53.802  -19.386 0.8000000119
24133  -29.450  -54.597  -19.853 0.8000000119
24941  -29.136  -53.749  -20.189 0.8000000119
22126  -24.668  -57.524  -18.163 0.6000000238
95936  -23.648  -57.788  -17.958 0.6000000238
25724  -28.933  -52.798  -20.236 0.8000000119
93748  -19.882  -59.969  -17.680 0.6000000238
96758  -21.865  -58.500  -17.553 0.6000000238
106205  -22.369  -58.203  -17.702 0.6000000238
93913  -28.760  -52.070  -20.295 0.6999999881
19775  -19.113  -60.968  -18.088 0.5000000000
88951  -26.941  -50.979  -20.461 0.6999999881
26471  -27.932  -51.373  -20.332 0.6999999881
96421  -17.872  -61.479  -18.419 0.5000000000
19774  -18.401  -60.737  -18.166 0.5000000000
27306  -26.286  -50.326  -20.473 0.6999999881
26470  -26.018  -51.079  -20.597 0.6999999881
97039  -26.754  -44.044  -23.201 0.8000000119
29374  -25.022  -47.462  -22.413 0.6999999881
28689  -24.283  -48.573  -21.112 0.6999999881
100990  -25.502  -46.267  -23.183 0.6999999881
101153  -30.733  -44.642  -22.473 0.5000000000
22763  -27.130  -56.129  -17.847 0.6999999881
24094  -27.675  -54.487  -17.487 0.6999999881
23403  -28.191  -55.033  -17.742 0.6999999881
24925  -29.865  -53.723  -18.767 0.8000000119
23401  -26.366  -55.773  -17.631 0.6999999881
24095  -28.443  -54.276  -17.623 0.8000000119
24926  -30.191  -53.102  -19.111 0.8000000119
22762  -25.749  -56.367  -17.759 0.6000000238
99721  -29.720  -53.039  -19.650 0.8000000119
22783  -24.281  -56.875  -17.929 0.6000000238
88317  -29.617  -52.277  -19.936 0.6999999881
20590  -20.430  -59.518  -17.448 0.6000000238
92038  -28.530  -50.641  -20.259 0.8000000119
26472  -29.231  -51.487  -20.135 0.6999999881
20589  -19.647  -59.294  -17.604 0.6000000238
27308  -28.857  -49.935  -20.281 0.8000000119
19773  -17.524  -60.488  -18.296 0.4000000060
27305  -25.360  -49.933  -20.440 0.6999999881
28019  -26.004  -49.533  -20.407 0.6999999881
28020  -27.471  -49.132  -20.386 0.6999999881
17966  -16.127  -62.166  -18.044 0.4000000060
94161  -25.686  -48.922  -20.445 0.6999999881
93097  -26.956  -49.712  -20.423 0.6999999881
101374  -24.949  -46.603  -22.484 0.8000000119
28676  -24.946  -48.656  -20.743 0.6999999881
97442  -24.655  -47.530  -21.617 0.6999999881
32229  -28.441  -43.653  -22.696 0.8000000119
101203  -29.369  -43.589  -22.529 0.5000000000
32930  -32.053  -42.281  -22.557 0.5000000000
32231  -30.774  -43.280  -22.475 0.5000000000
32233  -32.432  -43.570  -22.784 0.4000000060
24908  -27.714  -53.682  -17.328 0.6000000238
24909  -28.760  -53.591  -17.598 0.6999999881
24910  -29.492  -53.608  -18.107 0.8000000119
25712  -30.036  -52.939  -18.531 0.8000000119
22761  -24.889  -56.272  -17.670 0.6999999881
25725  -30.259  -52.453  -19.344 0.8000000119
22782  -23.397  -56.618  -18.056 0.6000000238
26474  -30.586  -51.896  -19.124 0.8000000119
26473  -30.195  -51.703  -19.620 0.8000000119
27309  -29.811  -50.707  -19.886 0.8000000119
21373  -20.285  -58.679  -17.535 0.6000000238
21374  -21.050  -57.976  -17.777 0.6000000238
91971  -27.895  -49.881  -20.383 0.8999999762
100388  -29.815  -49.758  -20.060 0.8000000119
101206  -27.087  -48.251  -20.463 0.8000000119
28678  -28.185  -48.659  -20.432 0.8000000119
20606  -18.149  -59.729  -17.944 0.5000000000
30822  -26.629  -45.829  -21.009 0.8000000119
94552  -26.510  -48.954  -20.358 0.6999999881
32245  -26.302  -43.172  -23.266 0.8000000119
30156  -25.226  -45.534  -23.124 0.8000000119
30849  -24.865  -45.047  -22.777 0.8000000119
100933  -24.742  -46.756  -21.879 0.8000000119
29345  -25.485  -47.534  -21.023 0.6999999881
32246  -27.418  -43.359  -23.029 0.8000000119
30139  -24.757  -46.200  -22.076 0.8000000119
30133  -25.121  -47.025  -21.446 0.6999999881
30844  -24.826  -45.369  -22.349 0.8000000119
32946  -28.082  -42.688  -22.842 0.8000000119
31516  -24.851  -44.276  -22.845 0.8000000119
94971  -29.898  -43.058  -22.506 0.6000000238
32928  -29.547  -42.233  -22.654 0.6000000238
93464  -31.344  -42.692  -22.523 0.5000000000
24093  -26.921  -54.310  -17.296 0.6000000238
25701  -29.318  -52.986  -17.736 0.6999999881
23400  -25.500  -55.613  -17.513 0.6000000238
97483  -29.804  -52.405  -17.932 0.6999999881
92250  -30.761  -51.320  -18.745 0.6999999881
23399  -24.649  -55.505  -17.499 0.6000000238
94386  -26.214  -54.090  -17.126 0.6000000238
98950  -26.703  -53.508  -17.105 0.6000000238
103346  -24.441  -54.907  -17.365 0.6000000238
89509  -30.716  -51.010  -19.215 0.8000000119
89523  -22.063  -56.611  -18.389 0.6000000238
23420  -24.023  -56.096  -17.727 0.6000000238
27294  -31.280  -50.200  -19.051 0.6999999881
22114  -20.101  -57.872  -17.814 0.5000000000
21371  -18.731  -58.066  -17.730 0.3000000119
29348  -29.029  -47.637  -20.455 0.8000000119
28022  -29.004  -49.145  -20.397 0.8000000119
29347  -27.174  -47.338  -20.578 0.8000000119
93991  -28.167  -47.875  -20.468 0.8000000119
31517  -25.534  -43.877  -23.187 0.8000000119
105575  -25.051  -46.498  -21.698 0.8000000119
30121  -25.959  -46.755  -21.033 0.8000000119
29346  -26.277  -47.607  -20.689 0.6999999881
101528  -24.927  -45.023  -22.247 0.8000000119
104976  -24.835  -43.951  -22.499 0.8000000119
32927  -29.018  -42.864  -22.654 0.6999999881
32929  -30.458  -42.412  -22.542 0.6000000238
99938  -32.833  -41.908  -22.676 0.3000000119
95416  -27.303  -52.806  -17.103 0.6000000238
26452  -28.972  -52.262  -17.381 0.6999999881
95382  -29.763  -51.587  -17.619 0.6999999881
26453  -30.536  -51.337  -18.134 0.6999999881
91393  -20.632  -54.469  -18.614 0.5000000000
97098  -25.160  -54.907  -17.292 0.6000000238
24092  -25.500  -54.224  -17.102 0.6000000238
27293  -31.001  -50.700  -18.848 0.6999999881
103147  -21.388  -56.234  -18.612 0.5000000000
23419  -23.127  -55.824  -18.010 0.5000000000
89285  -18.874  -57.110  -18.314 0.3000000119
22122  -20.579  -57.290  -18.194 0.5000000000
93193  -31.470  -49.466  -19.401 0.8000000119
29350  -31.365  -47.791  -19.952 0.8000000119
106249  -30.872  -48.966  -20.047 0.8000000119
30123  -28.275  -47.128  -20.502 0.8999999762
93912  -29.348  -46.915  -20.444 0.8999999762
29349  -30.244  -48.020  -20.236 0.8000000119
21389  -18.014  -58.639  -17.916 0.4000000060
30837  -27.257  -45.028  -21.053 0.8999999762
30122  -27.365  -46.539  -20.662 0.8999999762
93650  -28.909  -45.962  -20.547 0.8999999762
107295  -26.719  -41.872  -22.830 0.8000000119
32944  -26.051  -42.447  -23.058 0.8000000119
30835  -25.136  -45.017  -21.922 0.8000000119
30134  -25.504  -45.827  -21.523 0.8000000119
93191  -27.643  -41.752  -22.893 0.8000000119
103625  -29.213  -41.510  -22.870 0.6999999881
33605  -30.009  -41.492  -22.793 0.6000000238
34353  -32.267  -40.073  -22.910 0.6000000238
33607  -32.141  -41.537  -22.565 0.6000000238
95462  -27.921  -52.148  -17.073 0.6000000238
27280  -30.240  -50.746  -17.637 0.6999999881
24907  -25.839  -53.496  -16.985 0.6000000238
28000  -30.749  -49.996  -17.806 0.8000000119
23418  -22.234  -55.545  -18.319 0.6000000238
24112  -22.869  -54.953  -17.747 0.5000000000
24091  -24.652  -54.318  -17.122 0.6000000238
28008  -31.204  -50.098  -18.630 0.6999999881
28681  -32.002  -48.870  -19.211 0.8000000119
90876  -20.523  -56.353  -18.660 0.4000000060
22113  -19.390  -57.727  -17.835 0.4000000060
28680  -31.497  -48.598  -19.752 0.8000000119
93911  -30.666  -47.055  -20.266 0.8000000119
31488  -26.599  -44.162  -21.402 0.8999999762
91361  -28.533  -45.023  -20.782 0.8000000119
94550  -29.969  -46.188  -20.440 0.8000000119
31477  -27.762  -44.198  -21.062 0.8000000119
32926  -25.271  -42.526  -22.301 0.8000000119
94337  -25.326  -42.891  -21.954 0.8000000119
31487  -25.435  -44.180  -21.779 0.8000000119
32209  -25.189  -43.527  -21.974 0.8000000119
33622  -28.415  -41.242  -22.925 0.8000000119
33620  -26.028  -41.632  -22.446 0.8000000119
34351  -30.122  -40.042  -23.458 0.6999999881
34352  -31.142  -40.057  -23.069 0.6999999881
36518  -32.762  -37.716  -23.654 0.6000000238
35817  -32.831  -38.451  -23.450 0.6000000238
98023  -33.659  -38.672  -23.450 0.6000000238
25699  -26.294  -52.648  -16.898 0.6000000238
27999  -29.712  -49.896  -17.206 0.8000000119
24903  -21.702  -53.264  -17.348 0.5000000000
24905  -23.894  -53.711  -16.917 0.5000000000
28001  -31.410  -49.495  -18.127 0.8000000119
28009  -31.788  -49.375  -18.859 0.6999999881
24090  -22.221  -54.154  -17.513 0.5000000000
99101  -23.818  -54.572  -17.331 0.5000000000
28660  -31.871  -48.839  -18.260 0.8000000119
28668  -32.305  -48.493  -18.873 0.8000000119
29351  -32.176  -48.076  -19.406 0.8000000119
30124  -32.611  -46.585  -19.449 0.8000000119
93508  -31.878  -47.098  -19.821 0.8000000119
30824  -30.432  -45.491  -20.454 0.8000000119
33603  -25.565  -41.756  -21.971 0.8000000119
32211  -27.187  -43.245  -21.322 0.8000000119
32210  -25.893  -43.201  -21.711 0.8999999762
34348  -27.169  -40.189  -22.523 0.8000000119
33624  -29.715  -40.734  -23.169 0.6999999881
33623  -29.011  -40.845  -23.083 0.6999999881
35091  -31.684  -39.356  -23.297 0.6999999881
35815  -30.045  -38.507  -23.761 0.6999999881
35090  -30.640  -39.312  -23.501 0.6999999881
35816  -31.191  -38.647  -23.541 0.6999999881
92370  -31.901  -38.133  -23.597 0.6999999881
27997  -27.527  -49.568  -16.617 0.8000000119
26451  -27.592  -50.956  -16.709 0.6000000238
27998  -28.687  -49.768  -16.760 0.6000000238
28657  -29.138  -48.885  -16.773 0.8000000119
27266  -22.337  -50.307  -16.610 0.6000000238
99566  -22.609  -51.103  -16.625 0.5000000000
26449  -26.223  -51.680  -16.691 0.6000000238
98544  -30.258  -49.227  -17.298 0.8000000119
100823  -21.123  -49.455  -16.977 0.6000000238
27989  -22.123  -49.392  -16.588 0.6000000238
96858  -23.331  -49.759  -16.456 0.6000000238
26437  -24.480  -51.251  -16.555 0.5000000000
25684  -24.906  -52.088  -16.650 0.5000000000
30091  -21.599  -47.064  -16.702 0.5000000000
104571  -21.775  -48.135  -16.679 0.5000000000
28644  -22.320  -48.478  -16.558 0.6000000238
28645  -23.121  -48.852  -16.461 0.6000000238
25696  -23.434  -52.789  -16.709 0.5000000000
25683  -23.992  -52.025  -16.612 0.5000000000
99477  -31.612  -48.316  -17.714 0.8000000119
29338  -32.495  -47.790  -18.705 0.8000000119
29316  -22.194  -47.636  -16.616 0.5000000000
25697  -24.445  -52.866  -16.710 0.5000000000
99136  -20.872  -47.294  -16.761 0.4000000060
95563  -23.131  -54.194  -17.283 0.5000000000
92672  -33.139  -46.025  -19.106 0.6999999881
31480  -30.905  -44.804  -20.459 0.8000000119
97061  -32.065  -46.286  -20.022 0.8000000119
30826  -32.650  -45.675  -19.795 0.6999999881
32200  -28.089  -43.559  -21.044 0.8000000119
31481  -32.011  -44.882  -20.308 0.8000000119
32202  -30.468  -43.989  -20.495 0.8000000119
34347  -26.273  -40.651  -22.144 0.8999999762
33592  -25.927  -41.486  -21.825 0.8000000119
33591  -25.665  -41.730  -21.894 1.0000000000
32912  -26.415  -42.270  -21.595 0.8000000119
34350  -28.949  -39.953  -23.285 0.8000000119
35089  -29.507  -39.188  -23.553 0.6999999881
28649  -27.396  -48.619  -16.573 0.8000000119
105207  -23.644  -48.477  -16.472 0.6000000238
27996  -26.763  -49.793  -16.577 0.6000000238
28658  -29.997  -48.354  -17.024 0.8000000119
97279  -24.437  -49.726  -16.510 0.6000000238
27269  -25.727  -50.389  -16.514 0.6000000238
29328  -30.852  -47.943  -17.234 0.8000000119
29329  -31.654  -47.611  -17.592 0.8000000119
30111  -32.583  -46.494  -18.009 0.6999999881
96857  -23.206  -47.995  -16.442 0.5000000000
28647  -25.770  -48.823  -16.514 0.6000000238
27270  -26.452  -50.361  -16.553 0.6000000238
99045  -21.887  -46.451  -16.720 0.4000000060
30092  -22.692  -46.213  -16.558 0.4000000060
95727  -23.020  -47.063  -16.384 0.4000000060
93956  -23.930  -47.260  -16.342 0.4000000060
30115  -32.774  -46.964  -18.811 0.6999999881
30093  -23.693  -46.348  -16.360 0.4000000060
93989  -25.523  -46.824  -16.484 0.4000000060
30827  -33.259  -45.313  -19.291 0.6999999881
96255  -24.211  -44.846  -16.472 0.4000000060
30798  -25.359  -45.783  -16.388 0.5000000000
30796  -23.391  -45.298  -16.532 0.3000000119
31443  -24.940  -44.932  -16.420 0.5000000000
31478  -28.720  -44.061  -20.811 0.8000000119
32201  -29.525  -43.639  -20.644 0.8000000119
32203  -32.275  -44.025  -20.401 0.8000000119
101915  -31.351  -44.247  -20.464 0.8000000119
35086  -27.467  -39.506  -22.368 0.8000000119
34332  -26.165  -40.643  -21.942 1.0000000000
33593  -26.642  -41.373  -21.573 0.8000000119
34325  -27.017  -40.511  -21.647 0.8000000119
32913  -27.371  -42.268  -21.327 0.8000000119
102299  -28.662  -43.248  -20.906 0.8000000119
32905  -29.281  -42.747  -20.804 0.8000000119
34337  -26.667  -40.025  -22.044 1.0000000000
32915  -28.837  -41.837  -21.086 0.8000000119
34349  -28.153  -40.419  -22.973 0.8000000119
35065  -27.212  -39.697  -21.926 0.8000000119
33594  -27.693  -41.526  -21.311 0.8000000119
35814  -28.913  -38.349  -23.499 0.8999999762
36516  -30.699  -37.770  -23.787 0.6999999881
37371  -31.845  -36.727  -24.202 0.6999999881
36517  -31.792  -37.359  -23.894 0.6999999881
37372  -32.653  -36.938  -24.019 0.6999999881
36519  -33.694  -37.338  -23.789 0.6000000238
38838  -33.440  -34.822  -24.296 0.6999999881
38170  -31.939  -35.537  -24.382 0.6999999881
38172  -34.055  -35.606  -24.458 0.6000000238
28650  -28.183  -48.134  -16.623 0.8000000119
95018  -29.107  -47.996  -16.711 0.8000000119
28646  -24.075  -48.908  -16.530 0.5000000000
28648  -26.628  -48.098  -16.551 0.8000000119
29319  -27.759  -47.334  -16.583 0.8000000119
29327  -29.745  -47.393  -16.870 0.8000000119
96658  -24.916  -48.352  -16.478 0.6000000238
29317  -25.707  -47.781  -16.492 0.5000000000
30109  -30.813  -47.063  -17.094 0.6999999881
93955  -24.821  -47.478  -16.456 0.5000000000
30110  -31.740  -46.751  -17.499 0.6999999881
102359  -32.694  -45.784  -17.974 0.6999999881
30815  -32.983  -45.997  -18.595 0.6999999881
30818  -33.368  -45.348  -18.908 0.6999999881
31444  -25.710  -44.872  -16.396 0.5000000000
32204  -33.314  -44.004  -20.094 0.6999999881
32168  -24.600  -44.098  -16.436 0.4000000060
93910  -25.370  -44.222  -16.446 0.4000000060
94038  -30.273  -43.114  -20.604 0.8000000119
31482  -32.957  -44.776  -19.909 0.6999999881
32906  -30.021  -42.100  -20.762 0.8000000119
34316  -31.056  -40.982  -20.950 0.6999999881
33595  -29.408  -41.151  -21.188 0.8000000119
35087  -27.909  -38.805  -22.849 0.8999999762
35088  -28.374  -38.896  -23.274 0.8999999762
35078  -27.826  -39.135  -22.531 0.8000000119
35077  -27.198  -39.646  -22.122 0.8000000119
35066  -28.016  -39.462  -21.789 0.8000000119
35827  -28.595  -37.662  -23.369 0.8000000119
35828  -29.405  -37.771  -23.760 0.8999999762
97263  -30.495  -36.282  -24.423 0.8000000119
35819  -34.152  -38.109  -23.629 0.4000000060
37379  -30.844  -36.896  -24.223 0.8000000119
92851  -31.435  -36.218  -24.356 0.6999999881
38171  -32.971  -35.543  -24.384 0.6999999881
39489  -35.638  -33.899  -24.203 0.5000000000
29326  -28.639  -47.319  -16.654 0.6999999881
30800  -27.778  -45.838  -16.582 0.6999999881
30812  -29.712  -45.886  -16.660 0.6999999881
30797  -24.377  -45.638  -16.392 0.4000000060
97709  -26.895  -45.781  -16.496 0.6000000238
30801  -28.698  -45.837  -16.630 0.6999999881
30814  -31.949  -45.872  -17.477 0.6999999881
31465  -32.828  -44.497  -17.931 0.6999999881
99985  -33.016  -45.260  -18.373 0.6999999881
106913  -26.205  -44.780  -16.412 0.5000000000
31474  -33.480  -44.624  -18.691 0.6999999881
32170  -26.494  -43.318  -16.426 0.4000000060
32205  -33.832  -43.767  -19.514 0.6999999881
32873  -25.313  -42.579  -16.355 0.3000000119
32874  -26.112  -42.609  -16.350 0.3000000119
32171  -27.149  -43.196  -16.450 0.5000000000
33584  -30.847  -41.779  -20.828 0.6999999881
91174  -31.929  -43.224  -20.543 0.6999999881
32909  -33.603  -43.251  -20.087 0.6999999881
32907  -31.172  -42.619  -20.675 0.6999999881
97422  -32.812  -43.325  -20.391 0.6999999881
33585  -31.752  -41.871  -20.794 0.6999999881
33596  -30.293  -41.329  -21.008 0.6999999881
35073  -27.704  -39.294  -22.049 0.8000000119
34326  -27.795  -40.055  -21.591 0.8000000119
34327  -28.868  -40.105  -21.431 0.8000000119
35067  -28.870  -39.381  -21.669 0.8000000119
35804  -28.018  -38.348  -22.938 0.8000000119
36526  -29.050  -37.193  -23.683 0.8000000119
36515  -28.833  -37.127  -23.376 0.8000000119
35813  -28.133  -38.167  -23.154 0.8999999762
37378  -29.839  -36.621  -24.341 0.8999999762
38836  -31.367  -34.867  -24.385 0.8000000119
39488  -34.811  -34.030  -23.937 0.6999999881
38839  -34.411  -34.729  -24.356 0.6000000238
38837  -32.435  -34.858  -24.272 0.6999999881
38826  -32.914  -34.240  -23.942 0.6999999881
40161  -32.312  -32.770  -23.611 0.6999999881
30107  -29.113  -46.596  -16.692 0.6999999881
100965  -28.273  -44.130  -16.366 0.6000000238
31448  -29.020  -44.257  -16.436 0.6000000238
30802  -29.323  -45.084  -16.573 0.6999999881
91229  -30.326  -45.137  -16.665 0.6999999881
30813  -30.865  -46.054  -16.928 0.6999999881
31445  -26.767  -44.773  -16.427 0.5000000000
101612  -30.744  -44.419  -16.727 0.6999999881
31463  -31.373  -45.021  -17.060 0.6999999881
31464  -32.067  -44.479  -17.341 0.6999999881
96785  -27.438  -45.137  -16.483 0.6000000238
94555  -24.850  -43.280  -16.404 0.3000000119
93908  -26.979  -43.887  -16.438 0.5000000000
31446  -27.573  -44.395  -16.413 0.5000000000
32185  -33.455  -43.728  -18.254 0.6999999881
32875  -26.899  -42.582  -16.435 0.4000000060
32876  -27.616  -42.688  -16.483 0.5000000000
97125  -28.347  -42.796  -16.485 0.6000000238
32195  -34.051  -43.410  -18.949 0.6999999881
33587  -33.820  -42.480  -20.141 0.6999999881
32196  -34.050  -42.982  -19.507 0.6999999881
104537  -33.161  -42.746  -20.381 0.6999999881
93904  -26.964  -40.982  -16.455 0.3000000119
34317  -32.200  -41.115  -20.835 0.6999999881
96440  -29.440  -38.968  -21.665 0.8000000119
97326  -29.712  -39.629  -21.394 0.8000000119
34328  -30.690  -40.016  -21.281 0.6999999881
35069  -31.272  -39.613  -21.286 0.6999999881
103964  -32.554  -40.482  -20.838 0.6999999881
35789  -28.556  -38.977  -21.956 0.8000000119
35790  -30.305  -38.517  -21.645 0.8000000119
36507  -28.321  -37.733  -23.095 0.8000000119
36499  -28.180  -37.880  -22.977 0.8000000119
35796  -28.044  -38.691  -22.637 0.8000000119
35797  -29.063  -38.302  -22.386 0.8000000119
37377  -29.100  -36.544  -24.140 0.8000000119
38817  -28.341  -34.968  -23.324 0.8000000119
96199  -29.014  -36.766  -22.843 0.8000000119
37354  -29.093  -36.118  -22.844 0.8000000119
98288  -28.549  -34.960  -22.897 0.8000000119
39480  -35.257  -33.316  -23.688 0.6000000238
38827  -33.863  -34.136  -23.984 0.6999999881
39476  -31.639  -33.477  -23.795 0.8000000119
39477  -32.575  -33.578  -23.708 0.6000000238
40175  -31.957  -31.954  -23.650 0.6999999881
104673  -32.954  -32.047  -23.562 0.6000000238
98629  -34.156  -32.233  -23.539 0.6000000238
32181  -29.604  -43.505  -16.553 0.6000000238
32173  -28.701  -43.493  -16.414 0.6000000238
94117  -31.457  -44.072  -16.907 0.6999999881
32184  -32.366  -43.650  -17.352 0.6999999881
105090  -28.120  -42.194  -16.514 0.4000000060
33566  -30.060  -41.700  -16.578 0.5000000000
32887  -32.015  -42.644  -17.063 0.6999999881
32878  -29.433  -42.012  -16.537 0.5000000000
32889  -33.864  -42.840  -18.452 0.6999999881
32898  -34.287  -42.757  -19.008 0.6999999881
33557  -27.489  -41.815  -16.489 0.3000000119
93763  -27.856  -40.858  -16.515 0.3000000119
33558  -28.484  -41.493  -16.512 0.4000000060
33588  -34.370  -42.128  -19.504 0.6999999881
34283  -28.039  -40.061  -16.500 0.3000000119
98361  -34.047  -41.646  -20.247 0.6999999881
35070  -33.423  -40.236  -20.620 0.6999999881
34319  -34.224  -40.785  -20.293 0.6999999881
34329  -31.671  -40.316  -21.095 0.6999999881
35059  -34.300  -39.933  -20.325 0.6999999881
92945  -32.310  -39.661  -21.029 0.6999999881
35793  -33.644  -38.673  -20.687 0.6999999881
99026  -28.787  -37.116  -23.247 0.8000000119
95312  -28.944  -37.395  -22.794 0.8000000119
35791  -31.353  -38.940  -21.324 0.6999999881
36496  -33.286  -37.920  -20.880 0.6999999881
35798  -30.182  -37.752  -22.202 0.8000000119
36495  -32.212  -37.598  -21.313 0.8000000119
37349  -32.980  -37.043  -21.145 0.6999999881
37370  -28.756  -36.354  -23.515 0.8000000119
38147  -30.283  -35.873  -22.475 0.8000000119
38148  -31.298  -35.588  -22.000 0.8000000119
38167  -28.602  -35.816  -23.881 0.8000000119
38835  -28.345  -34.390  -24.053 0.8000000119
38157  -28.543  -35.606  -23.102 0.8000000119
38146  -29.263  -35.361  -22.685 0.8000000119
89884  -29.318  -34.353  -24.342 0.8000000119
38822  -28.094  -34.263  -23.428 0.8000000119
38807  -29.133  -34.558  -22.522 0.8000000119
38797  -31.070  -34.276  -21.751 0.8000000119
39463  -28.022  -33.320  -22.799 0.8000000119
39487  -29.825  -33.506  -24.235 0.8000000119
40165  -36.558  -32.770  -24.001 0.5000000000
40163  -34.957  -32.549  -23.540 0.6000000238
39475  -30.794  -33.317  -23.960 0.8000000119
40164  -35.730  -32.684  -23.696 0.6000000238
40915  -35.430  -31.931  -23.649 0.6000000238
40913  -33.660  -31.533  -23.671 0.6000000238
100446  -34.403  -31.559  -23.661 0.6000000238
32182  -30.577  -43.585  -16.712 0.6999999881
98635  -29.185  -42.748  -16.511 0.6000000238
32886  -31.066  -42.566  -16.771 0.6999999881
33569  -32.628  -41.790  -17.261 0.6999999881
32888  -33.092  -42.815  -17.576 0.6999999881
33567  -30.693  -41.329  -16.600 0.5000000000
94653  -31.947  -41.033  -16.880 0.6999999881
34284  -28.717  -40.624  -16.511 0.4000000060
34285  -29.656  -40.355  -16.546 0.4000000060
104371  -33.652  -42.089  -17.925 0.6999999881
33578  -34.293  -42.151  -18.698 0.6999999881
35029  -28.860  -39.823  -16.491 0.3000000119
35030  -29.584  -39.594  -16.476 0.3000000119
35031  -30.364  -39.724  -16.546 0.5000000000
33570  -34.494  -40.723  -18.383 0.6999999881
92363  -34.651  -41.437  -18.968 0.6999999881
35028  -28.109  -39.343  -16.359 0.3000000119
35757  -29.775  -38.333  -15.887 0.3000000119
101028  -34.824  -40.609  -19.216 0.6999999881
97758  -28.915  -38.069  -15.751 0.3000000119
35785  -35.030  -38.606  -19.798 0.6999999881
36494  -31.305  -38.086  -21.516 0.8000000119
35792  -32.503  -38.610  -21.089 0.6999999881
35071  -34.382  -39.091  -20.336 0.6999999881
94292  -33.597  -36.576  -21.000 0.6999999881
37365  -28.691  -36.247  -23.287 0.8000000119
37355  -30.003  -36.803  -22.523 0.8000000119
37348  -32.040  -36.732  -21.549 0.6999999881
37357  -32.757  -36.159  -21.403 0.8000000119
38161  -28.462  -35.673  -23.497 0.8000000119
38149  -32.156  -35.474  -21.615 0.8000000119
38823  -28.302  -34.961  -23.786 0.8000000119
38808  -30.426  -34.921  -22.273 0.8000000119
38809  -31.519  -34.906  -21.678 0.8000000119
38834  -28.151  -34.203  -23.708 0.8000000119
39464  -28.838  -33.788  -22.431 0.8000000119
90995  -29.751  -33.317  -22.209 0.8000000119
39450  -30.851  -33.520  -21.857 0.8000000119
40172  -29.123  -32.795  -24.288 0.8000000119
40171  -28.181  -32.876  -24.010 0.8000000119
38806  -28.234  -34.188  -22.909 0.8000000119
40145  -30.678  -32.598  -22.038 0.8000000119
40174  -30.873  -31.922  -23.896 0.8000000119
97119  -30.174  -42.647  -16.658 0.6000000238
104321  -30.692  -42.007  -16.628 0.6000000238
33559  -29.352  -41.252  -16.521 0.5000000000
33568  -31.462  -41.768  -16.766 0.6000000238
34294  -30.686  -40.527  -16.605 0.5000000000
94523  -32.813  -40.863  -17.286 0.6999999881
106332  -33.427  -41.391  -17.649 0.6999999881
35040  -31.386  -39.796  -16.696 0.6000000238
34296  -32.170  -40.302  -16.914 0.6999999881
96525  -33.762  -40.752  -17.722 0.6999999881
98281  -29.052  -39.005  -16.272 0.3000000119
35758  -30.036  -39.030  -16.339 0.3000000119
34297  -33.133  -39.969  -17.282 0.6999999881
35756  -28.116  -38.638  -16.007 0.3000000119
36463  -31.551  -37.243  -15.676 0.3000000119
34298  -34.232  -40.006  -17.792 0.6999999881
34306  -34.802  -39.953  -18.580 0.6999999881
38767  -28.952  -34.665  -15.397 0.3000000119
38112  -29.345  -35.582  -15.327 0.3000000119
38113  -30.184  -35.910  -15.328 0.3000000119
38114  -30.988  -35.925  -14.679 0.3000000119
36487  -34.900  -37.864  -20.079 0.6999999881
38798  -31.873  -34.358  -21.552 0.8000000119
39451  -31.789  -33.724  -21.581 0.8000000119
39474  -27.994  -33.722  -23.483 0.8000000119
39470  -27.825  -33.514  -23.204 0.8000000119
100011  -27.813  -32.982  -23.510 0.8000000119
40153  -27.668  -32.801  -23.166 0.8000000119
40143  -28.196  -32.469  -22.692 0.8000000119
40895  -28.970  -31.721  -22.449 0.8000000119
40144  -29.382  -32.527  -22.292 0.8000000119
100301  -29.672  -31.940  -24.264 0.8000000119
99129  -27.796  -32.130  -23.204 0.8000000119
90200  -31.582  -31.060  -24.222 0.6999999881
34295  -31.468  -40.523  -16.724 0.6000000238
96804  -32.287  -39.602  -16.897 0.6000000238
98545  -30.632  -38.314  -16.037 0.4000000060
35770  -32.360  -38.145  -16.655 0.6000000238
35042  -33.805  -39.171  -17.472 0.6999999881
36465  -32.264  -37.094  -15.375 0.4000000060
35772  -34.312  -38.421  -17.690 0.6999999881
35043  -34.659  -39.238  -18.108 0.6999999881
35050  -35.187  -39.213  -18.816 0.6999999881
38758  -31.215  -34.558  -15.152 0.3000000119
36473  -32.609  -37.271  -16.424 0.4000000060
36474  -33.761  -37.575  -17.253 0.6000000238
36479  -35.458  -37.661  -18.775 0.6999999881
35777  -35.439  -38.505  -19.090 0.6999999881
106467  -35.533  -37.222  -19.159 0.6999999881
37341  -34.963  -37.236  -20.081 0.6999999881
37351  -34.556  -36.454  -20.535 0.6999999881
90475  -31.934  -36.057  -21.797 0.8000000119
38810  -32.410  -34.775  -21.494 0.8000000119
40131  -31.724  -32.975  -21.710 0.8000000119
103545  -28.718  -33.140  -22.408 0.8000000119
40896  -30.016  -31.945  -22.282 0.8000000119
95742  -28.950  -31.122  -24.376 0.8000000119
93778  -27.797  -32.147  -23.557 0.8000000119
94229  -28.035  -30.870  -23.275 0.8000000119
41774  -28.586  -30.916  -22.813 0.8000000119
41792  -27.822  -30.414  -23.713 0.8000000119
40924  -30.321  -31.194  -24.384 0.8000000119
41802  -32.481  -30.322  -24.402 0.6000000238
105741  -31.612  -30.246  -24.580 0.6999999881
101111  -31.933  -29.536  -24.747 0.6999999881
96687  -31.882  -38.861  -16.693 0.6000000238
35041  -32.818  -38.991  -17.037 0.6000000238
96467  -31.804  -37.307  -14.909 0.3000000119
38115  -31.737  -35.786  -14.800 0.3000000119
37329  -32.801  -36.397  -15.634 0.3000000119
99929  -35.107  -37.069  -18.219 0.6999999881
39420  -30.563  -33.451  -15.793 0.3000000119
39421  -31.640  -33.813  -15.707 0.3000000119
38125  -34.400  -35.483  -17.531 0.4000000060
37334  -35.379  -36.665  -18.781 0.6999999881
40101  -30.448  -32.687  -16.413 0.3000000119
38128  -35.411  -35.817  -19.331 0.6000000238
38143  -35.097  -35.142  -20.353 0.6000000238
38136  -35.443  -35.088  -19.825 0.6000000238
38141  -33.898  -35.073  -21.178 0.8000000119
38142  -34.545  -35.521  -20.697 0.6999999881
38791  -35.250  -34.532  -20.266 0.6000000238
38150  -33.021  -35.325  -21.388 0.8000000119
88903  -34.239  -34.263  -21.177 0.6999999881
38800  -34.664  -34.777  -20.727 0.6999999881
38799  -32.603  -34.017  -21.475 0.8000000119
39453  -33.622  -33.586  -21.402 0.6999999881
39454  -34.854  -33.458  -20.951 0.6999999881
39452  -32.591  -33.276  -21.541 0.8000000119
92413  -33.314  -32.864  -21.525 0.6999999881
40897  -30.997  -31.677  -22.260 0.8000000119
40146  -31.794  -32.213  -21.917 0.8000000119
40881  -32.631  -32.015  -21.930 0.6999999881
40882  -33.598  -32.184  -21.727 0.6999999881
101893  -28.039  -31.403  -24.124 0.8000000119
40922  -27.910  -31.159  -23.880 0.8000000119
41786  -28.105  -30.135  -23.357 0.8000000119
41775  -29.919  -31.085  -22.538 0.8000000119
40923  -28.450  -32.042  -24.230 0.8000000119
41799  -28.073  -30.577  -24.200 0.8000000119
42573  -28.441  -29.318  -23.478 0.8000000119
89742  -29.811  -30.536  -24.496 0.8000000119
42594  -29.957  -29.717  -24.561 0.6999999881
95044  -33.447  -30.698  -24.103 0.6000000238
42597  -34.031  -29.453  -24.779 0.6000000238
41801  -30.796  -30.451  -24.578 0.8000000119
42595  -31.072  -29.676  -24.786 0.6999999881
99215  -34.280  -36.909  -17.548 0.5000000000
38769  -32.045  -34.735  -15.184 0.3000000119
106981  -33.132  -35.886  -16.545 0.4000000060
37331  -33.893  -36.086  -17.169 0.5000000000
38776  -32.709  -33.728  -15.841 0.3000000119
37333  -34.816  -36.314  -17.926 0.5000000000
38127  -35.096  -35.668  -18.414 0.6000000238
39427  -32.493  -32.946  -15.951 0.3000000119
92110  -33.419  -33.703  -16.050 0.3000000119
38782  -34.831  -34.822  -18.055 0.6000000238
38783  -35.417  -34.951  -18.921 0.6000000238
40109  -30.798  -32.018  -16.828 0.3000000119
97572  -31.713  -32.142  -17.153 0.3000000119
39429  -33.319  -32.930  -16.900 0.3000000119
40856  -30.223  -31.366  -17.265 0.3000000119
100688  -34.924  -34.158  -20.683 0.6999999881
40133  -34.307  -32.766  -21.343 0.6999999881
41776  -30.336  -30.234  -22.734 0.8000000119
41777  -32.005  -30.685  -22.537 0.6999999881
100092  -32.849  -30.822  -22.460 0.6999999881
94987  -31.175  -30.879  -22.510 0.6999999881
96872  -29.549  -29.610  -23.134 0.8000000119
42574  -30.504  -29.465  -23.020 0.6999999881
41798  -27.810  -29.937  -24.045 0.8000000119
42593  -27.872  -28.794  -24.051 0.6999999881
42586  -27.879  -29.189  -23.909 0.8000000119
89004  -29.133  -28.651  -23.450 0.6000000238
42617  -35.959  -29.260  -25.174 0.6000000238
41800  -28.839  -30.168  -24.521 0.6999999881
97708  -30.435  -29.018  -24.815 0.6999999881
41816  -28.794  -29.297  -24.526 0.6999999881
42614  -32.300  -28.932  -25.005 0.6999999881
42615  -33.113  -29.096  -24.965 0.6999999881
42613  -31.337  -28.780  -24.999 0.6999999881
45038  -31.651  -26.248  -26.438 0.5000000000
100371  -32.592  -26.710  -26.774 0.5000000000
39435  -35.070  -34.132  -18.664 0.6000000238
92428  -35.410  -34.288  -19.561 0.6000000238
39443  -35.196  -33.237  -19.364 0.6000000238
40135  -35.463  -32.920  -20.268 0.6000000238
40134  -35.139  -32.631  -20.855 0.6999999881
41748  -28.164  -30.275  -18.406 0.3000000119
96105  -33.204  -31.486  -22.197 0.6999999881
40883  -34.890  -31.925  -21.222 0.6999999881
40898  -34.224  -31.384  -21.861 0.6999999881
43400  -27.886  -28.238  -23.827 0.6999999881
42563  -32.376  -30.108  -22.632 0.6000000238
42562  -31.381  -30.135  -22.668 0.6999999881
41815  -28.083  -29.594  -24.253 0.6999999881
42610  -28.085  -28.736  -24.248 0.6999999881
43412  -27.677  -28.133  -24.021 0.6999999881
43413  -27.865  -27.663  -23.960 0.6000000238
43429  -28.698  -28.058  -24.428 0.6999999881
42616  -34.900  -29.104  -25.169 0.5000000000
43430  -31.223  -28.027  -25.330 0.6999999881
98746  -31.960  -28.416  -25.340 0.6999999881
44280  -33.066  -27.848  -25.916 0.6000000238
39434  -34.654  -33.433  -18.360 0.5000000000
40117  -34.438  -32.664  -18.447 0.4000000060
40124  -34.879  -32.236  -19.246 0.5000000000
40125  -35.423  -32.374  -19.833 0.6000000238
40884  -35.419  -31.353  -20.622 0.6000000238
42535  -27.768  -29.607  -18.729 0.3000000119
42536  -28.733  -29.629  -18.599 0.3000000119
41778  -33.717  -30.931  -22.288 0.6000000238
43402  -30.550  -28.507  -23.328 0.6000000238
102849  -27.725  -28.191  -24.120 0.6999999881
99830  -29.160  -27.767  -23.607 0.6000000238
44265  -28.512  -27.199  -24.059 0.6999999881
99479  -30.001  -27.920  -24.948 0.6999999881
43432  -33.749  -28.638  -25.531 0.6000000238
103649  -35.134  -28.209  -26.473 0.5000000000
44281  -33.847  -28.019  -26.263 0.6000000238
44293  -34.427  -27.813  -26.882 0.6000000238
45041  -34.804  -27.537  -27.601 0.5000000000
44278  -30.570  -27.136  -25.438 0.6000000238
44292  -33.396  -27.394  -26.738 0.5000000000
44279  -31.916  -27.726  -25.704 0.5000000000
45040  -34.128  -27.207  -27.422 0.5000000000
45039  -33.250  -26.573  -27.262 0.5000000000
45046  -33.083  -25.638  -27.514 0.5000000000
40866  -34.190  -31.881  -18.546 0.4000000060
40872  -34.656  -31.510  -19.152 0.4000000060
93836  -32.392  -30.718  -18.295 0.4000000060
91052  -35.502  -32.113  -20.380 0.6000000238
43369  -29.401  -29.002  -18.957 0.3000000119
42538  -31.074  -29.708  -18.573 0.3000000119
40899  -35.051  -31.015  -21.320 0.6000000238
43379  -29.657  -28.234  -19.312 0.3000000119
41779  -34.556  -30.613  -21.994 0.6000000238
42576  -32.753  -29.428  -22.841 0.5000000000
42564  -33.600  -30.171  -22.506 0.6000000238
102864  -31.192  -27.967  -23.410 0.6000000238
101709  -29.905  -27.312  -23.589 0.6000000238
43403  -31.954  -28.693  -23.216 0.6000000238
44244  -28.622  -27.155  -23.916 0.6000000238
44276  -28.943  -27.232  -24.325 0.6999999881
44255  -29.157  -26.603  -24.407 0.6000000238
45026  -31.121  -26.688  -25.934 0.5000000000
44291  -32.333  -27.176  -26.266 0.5000000000
103207  -32.138  -25.729  -26.992 0.5000000000
40865  -33.549  -31.684  -18.310 0.4000000060
40871  -34.096  -31.143  -18.744 0.4000000060
40873  -35.354  -31.596  -19.827 0.5000000000
41756  -34.037  -30.438  -18.930 0.4000000060
41758  -35.371  -30.808  -20.300 0.4000000060
104312  -30.358  -28.011  -19.367 0.3000000119
42545  -30.987  -28.960  -18.966 0.4000000060
41780  -35.324  -30.158  -21.442 0.4000000060
44224  -30.892  -27.425  -19.520 0.3000000119
43380  -31.712  -28.693  -19.230 0.4000000060
42577  -33.889  -29.297  -22.736 0.5000000000
43404  -33.065  -28.666  -23.158 0.5000000000
44245  -33.344  -27.898  -23.331 0.5000000000
44987  -29.315  -26.645  -24.005 0.6000000238
44988  -30.217  -26.594  -23.838 0.6000000238
45015  -29.327  -25.684  -25.074 0.6000000238
45752  -29.512  -25.330  -25.093 0.6000000238
45025  -29.837  -26.009  -25.516 0.5000000000
45037  -30.489  -25.667  -25.972 0.5000000000
93490  -31.031  -25.274  -26.363 0.5000000000
45778  -31.979  -24.623  -27.357 0.5000000000
101658  -35.111  -30.170  -20.086 0.4000000060
41757  -34.774  -30.779  -19.491 0.4000000060
42549  -34.318  -29.786  -19.507 0.4000000060
41765  -35.478  -30.108  -20.724 0.4000000060
44223  -29.959  -27.520  -19.498 0.3000000119
42578  -34.780  -28.959  -22.408 0.4000000060
42566  -35.307  -29.319  -21.760 0.5000000000
44962  -29.467  -26.933  -19.628 0.3000000119
43405  -34.034  -28.496  -22.943 0.4000000060
98874  -32.178  -27.824  -23.426 0.5000000000
44257  -33.597  -27.247  -23.400 0.4000000060
44989  -31.504  -26.834  -23.712 0.6000000238
44998  -29.530  -25.943  -24.489 0.6000000238
44999  -30.647  -25.969  -24.189 0.5000000000
45000  -32.033  -26.227  -24.001 0.5000000000
45036  -29.739  -25.301  -25.373 0.5000000000
45753  -30.121  -24.922  -25.137 0.6000000238
45734  -29.921  -25.313  -24.746 0.6000000238
45774  -31.354  -24.817  -26.678 0.5000000000
101884  -33.073  -24.869  -27.731 0.5000000000
47141  -29.161  -23.798  -20.435 0.3000000119
89032  -29.997  -24.084  -20.432 0.4000000060
89354  -30.788  -24.263  -20.477 0.4000000060
47875  -29.295  -22.949  -20.715 0.4000000060
45755  -33.059  -25.000  -24.520 0.5000000000
46510  -30.495  -24.687  -25.708 0.5000000000
46500  -32.257  -24.481  -24.977 0.5000000000
46516  -30.525  -24.657  -26.110 0.5000000000
46520  -32.533  -24.026  -27.831 0.5000000000
46519  -31.672  -23.496  -27.421 0.5000000000
47197  -32.133  -23.092  -28.010 0.4000000060
47142  -30.557  -23.518  -20.571 0.4000000060
46453  -32.054  -24.842  -20.370 0.4000000060
46511  -31.441  -24.263  -25.664 0.5000000000
47186  -31.700  -23.752  -26.290 0.5000000000
97474  -31.104  -24.453  -26.452 0.5000000000
46517  -31.196  -24.132  -26.807 0.5000000000
47194  -31.533  -23.375  -27.097 0.5000000000
47931  -31.844  -22.285  -28.122 0.4000000060
47150  -32.008  -22.993  -20.732 0.4000000060
47885  -29.791  -22.191  -20.908 0.4000000060
46501  -33.312  -24.388  -24.806 0.4000000060
47923  -31.740  -22.437  -27.390 0.4000000060
47196  -31.769  -22.629  -27.671 0.5000000000
48720  -31.603  -21.633  -28.005 0.3000000119
47187  -32.897  -23.522  -26.115 0.4000000060
47918  -31.955  -22.973  -26.777 0.4000000060
47927  -31.653  -22.099  -27.850 0.5000000000
92910  -31.622  -21.199  -27.927 0.4000000060
48714  -31.753  -21.750  -27.684 0.4000000060
47924  -32.253  -22.247  -27.023 0.4000000060
105713  -31.914  -20.235  -28.435 0.4000000060
47925  -33.639  -22.176  -26.817 0.4000000060
49468  -31.596  -20.490  -27.961 0.4000000060
89823  -31.541  -19.871  -28.104 0.4000000060
49483  -31.780  -19.778  -28.435 0.4000000060
48715  -32.608  -21.537  -27.268 0.4000000060
49463  -31.898  -20.981  -27.730 0.3000000119
48716  -33.997  -21.397  -26.996 0.4000000060
50189  -31.881  -20.090  -27.706 0.3000000119
50193  -31.544  -19.558  -27.959 0.4000000060
50198  -31.547  -19.095  -28.163 0.4000000060
49464  -33.117  -20.601  -27.337 0.3000000119
99655  -31.990  -19.142  -27.620 0.4000000060
103172  -32.875  -19.707  -27.393 0.4000000060
25748  -23.317  -52.640  -23.100 0.6999999881
23448  -29.108  -55.376  -20.686 0.6999999881
97256  -21.302  -60.775  -17.421 0.6000000238
23421  -28.678  -55.533  -18.267 0.6999999881
25700  -28.311  -52.901  -17.354 0.6000000238
28679  -29.928  -48.939  -20.243 0.8000000119
22809  -19.873  -55.349  -19.477 0.4000000060
32943  -25.477  -42.552  -22.782 0.8000000119
27278  -28.124  -50.442  -16.742 0.6000000238
25695  -22.374  -52.613  -16.871 0.5000000000
29352  -32.582  -47.809  -19.043 0.8000000119
96291  -31.103  -46.300  -20.273 0.8000000119
28659  -31.073  -48.839  -17.553 0.8000000119
100291  -22.282  -46.899  -16.591 0.4000000060
27992  -26.681  -49.089  -16.544 0.6000000238
96856  -24.111  -48.089  -16.428 0.5000000000
30095  -26.440  -47.067  -16.532 0.6000000238
30108  -30.012  -46.603  -16.810 0.6999999881
102045  -30.021  -40.505  -21.245 0.6999999881
99621  -32.336  -45.147  -17.661 0.6999999881
105049  -30.776  -43.011  -16.782 0.6999999881
39465  -30.029  -34.078  -22.201 0.8000000119
36497  -34.123  -37.341  -20.621 0.6999999881
37350  -33.714  -35.877  -21.131 0.6999999881
37342  -35.319  -36.718  -19.677 0.6999999881
37352  -35.245  -35.819  -20.197 0.6000000238
35769  -31.536  -38.205  -16.308 0.6000000238
38124  -33.567  -35.284  -16.739 0.5000000000
42555  -35.120  -29.271  -20.386 0.4000000060
24166  -24.103  -54.570  -24.410 0.6999999881
27335  -28.442  -50.204  -21.952 0.5000000000
18848  -22.809  -61.453  -17.626 0.5000000000
28706  -28.011  -48.656  -22.630 0.6999999881
23453  -28.412  -55.557  -21.421 0.6999999881
24960  -27.503  -54.195  -21.424 0.6999999881
25742  -23.598  -51.824  -22.136 0.6999999881
25730  -23.733  -51.165  -21.463 0.6999999881
28696  -24.173  -48.707  -21.456 0.6999999881
27318  -23.496  -50.400  -21.612 0.6999999881
30852  -29.839  -45.871  -22.588 0.5000000000
32230  -30.168  -43.989  -22.457 0.5000000000
25722  -26.874  -51.635  -20.545 0.6999999881
30851  -27.425  -45.715  -23.129 0.6999999881
21393  -25.050  -58.275  -18.337 0.6000000238
25723  -27.784  -52.332  -20.481 0.6999999881
31507  -32.006  -44.198  -22.640 0.4000000060
24128  -29.652  -54.546  -18.955 0.8000000119
22124  -22.939  -57.098  -18.178 0.6000000238
21390  -22.094  -57.554  -17.994 0.6000000238
23402  -27.184  -55.203  -17.579 0.6999999881
20588  -18.839  -59.035  -17.722 0.5000000000
28021  -28.246  -49.357  -20.403 0.8000000119
26461  -30.411  -52.043  -18.507 0.6999999881
22781  -22.590  -56.263  -18.327 0.6000000238
92770  -30.715  -50.146  -19.510 0.8000000119
104003  -29.499  -41.153  -22.968 0.6999999881
33606  -31.168  -41.707  -22.574 0.6000000238
23398  -23.828  -55.300  -17.612 0.6000000238
32218  -25.079  -43.266  -22.232 0.8000000119
34339  -31.708  -40.833  -22.647 0.6000000238
94743  -33.429  -40.087  -23.144 0.4000000060
23416  -20.277  -54.884  -19.218 0.3000000119
95399  -21.783  -55.896  -18.582 0.5000000000
22780  -19.499  -56.253  -18.961 0.4000000060
30823  -27.844  -45.805  -20.712 0.8999999762
33621  -26.810  -41.073  -22.649 0.8000000119
95899  -28.480  -51.371  -17.001 0.6000000238
95381  -27.002  -51.976  -16.854 0.6000000238
27279  -29.214  -50.628  -17.108 0.6000000238
106044  -30.916  -49.414  -17.683 0.8000000119
25698  -25.360  -52.833  -16.789 0.5000000000
96669  -20.864  -55.599  -18.856 0.4000000060
92485  -21.722  -54.819  -18.142 0.5000000000
31479  -29.719  -44.634  -20.567 0.8000000119
37381  -33.372  -36.384  -24.261 0.6000000238
37382  -34.254  -36.612  -24.260 0.4000000060
26450  -26.852  -51.104  -16.641 0.6000000238
25694  -20.578  -52.929  -17.881 0.5000000000
24904  -22.806  -53.481  -17.037 0.5000000000
104370  -25.648  -52.133  -16.712 0.5000000000
29330  -32.376  -47.342  -18.139 0.6999999881
27277  -27.176  -50.347  -16.639 0.6000000238
97269  -23.192  -50.577  -16.503 0.5000000000
27267  -24.007  -50.491  -16.502 0.6000000238
25682  -22.997  -51.924  -16.614 0.5000000000
26435  -21.937  -51.721  -16.841 0.5000000000
26439  -26.135  -50.954  -16.565 0.5000000000
27268  -24.903  -50.458  -16.531 0.6000000238
26438  -25.430  -51.276  -16.578 0.5000000000
32914  -28.306  -42.434  -21.088 0.8000000119
34324  -26.165  -40.782  -21.891 0.8999999762
98072  -24.915  -49.081  -16.493 0.6000000238
27990  -25.322  -49.690  -16.510 0.6000000238
30094  -24.621  -46.557  -16.400 0.4000000060
96219  -26.188  -46.222  -16.450 0.5000000000
30799  -26.183  -45.353  -16.399 0.5000000000
97482  -31.213  -43.538  -20.551 0.6999999881
29318  -27.078  -47.410  -16.556 0.6999999881
30097  -28.172  -46.582  -16.618 0.6999999881
30096  -27.247  -46.638  -16.555 0.6000000238
93496  -33.840  -44.070  -18.930 0.6999999881
93909  -26.164  -44.177  -16.469 0.5000000000
106829  -25.126  -43.771  -16.427 0.4000000060
38169  -30.850  -35.627  -24.461 0.8000000119
31447  -28.292  -44.979  -16.531 0.6000000238
104854  -26.694  -46.439  -16.514 0.6000000238
32908  -32.286  -42.627  -20.574 0.6999999881
38168  -29.539  -35.929  -24.355 0.8999999762
38824  -30.747  -34.116  -24.197 0.8000000119
91718  -30.106  -35.020  -24.407 0.8000000119
38825  -31.937  -34.229  -23.932 0.6000000238
39478  -33.386  -33.631  -23.728 0.6000000238
40162  -33.341  -32.811  -23.558 0.6000000238
40160  -31.324  -32.696  -23.753 0.8000000119
31462  -29.925  -44.328  -16.597 0.6999999881
32183  -31.373  -43.252  -16.900 0.6999999881
32172  -27.792  -43.511  -16.413 0.5000000000
32877  -28.774  -42.137  -16.501 0.4000000060
34318  -33.302  -41.060  -20.592 0.6999999881
35068  -30.427  -39.221  -21.378 0.8000000119
90057  -33.471  -39.380  -20.676 0.6999999881
93379  -28.799  -35.153  -24.218 0.8000000119
34293  -30.080  -41.016  -16.567 0.5000000000
103941  -34.156  -41.450  -18.220 0.6999999881
91923  -34.564  -41.191  -19.756 0.6999999881
34320  -34.682  -40.344  -19.887 0.6999999881
35060  -34.805  -39.507  -19.864 0.6999999881
36500  -31.208  -37.232  -21.867 0.8000000119
37356  -31.213  -36.375  -22.123 0.8000000119
35051  -35.176  -39.143  -19.353 0.6999999881
98258  -35.394  -37.714  -19.462 0.6999999881
37318  -31.504  -36.729  -14.888 0.3000000119
38102  -31.233  -35.080  -14.915 0.3000000119
36464  -32.050  -37.666  -15.507 0.6000000238
35771  -33.292  -38.244  -17.137 0.6000000238
36475  -34.806  -37.714  -18.014 0.6999999881
35776  -35.135  -38.489  -18.448 0.6999999881
40132  -32.583  -32.587  -21.696 0.8000000119
41787  -29.121  -30.220  -22.965 0.8000000119
42596  -32.623  -29.498  -24.700 0.6000000238
92168  -33.323  -29.872  -24.493 0.6000000238
37319  -32.123  -36.545  -14.986 0.3000000119
38116  -32.484  -35.552  -15.260 0.3000000119
37330  -33.317  -36.723  -16.752 0.5000000000
97491  -33.311  -34.494  -21.382 0.8000000119
39455  -35.389  -33.768  -20.221 0.6000000238
92404  -32.118  -31.409  -22.321 0.6999999881
43431  -32.719  -28.471  -25.460 0.6999999881
38777  -32.987  -34.580  -15.706 0.3000000119
40102  -31.462  -32.830  -16.381 0.3000000119
92400  -33.805  -34.508  -16.004 0.3000000119
104648  -31.892  -31.715  -17.510 0.3000000119
42575  -31.631  -29.427  -22.926 0.6000000238
43433  -34.578  -28.359  -25.986 0.5000000000
44266  -29.269  -26.392  -24.529 0.6000000238
104772  -29.292  -25.846  -24.819 0.6000000238
45047  -34.061  -26.405  -27.604 0.4000000060
42539  -31.924  -29.912  -18.556 0.4000000060
42537  -30.268  -29.400  -18.769 0.3000000119
106159  -28.930  -28.454  -19.171 0.3000000119
42565  -34.711  -29.786  -22.171 0.5000000000
44277  -29.442  -26.523  -25.039 0.5000000000
40900  -35.443  -30.697  -20.882 0.4000000060
96565  -31.006  -28.244  -19.267 0.4000000060
42556  -35.613  -29.466  -21.155 0.4000000060
43406  -34.709  -28.145  -22.516 0.4000000060
44256  -32.711  -27.098  -23.580 0.5000000000
45764  -29.992  -25.013  -25.498 0.6000000238
106429  -31.507  -24.349  -20.480 0.4000000060
46499  -31.182  -24.694  -25.133 0.5000000000
47143  -31.373  -23.632  -20.580 0.4000000060
106168  -34.361  -20.683  -26.867 0.4000000060
50930  -31.511  -18.365  -28.058 0.3000000119
91035  -25.087  -60.809  -24.090 0.5000000000
95915  -24.580  -59.300  -25.436 0.5000000000
18002  -24.111  -61.665  -21.875 0.4000000060
18918  -24.759  -61.142  -22.115 0.5000000000
88823  -24.820  -60.917  -22.751 0.5000000000
20679  -26.013  -60.345  -24.368 0.5000000000
20690  -26.277  -59.275  -24.595 0.6000000238
21454  -26.363  -58.243  -24.517 0.6000000238
18900  -24.730  -61.436  -21.531 0.5000000000
18901  -25.128  -61.208  -21.660 0.5000000000
88941  -25.431  -60.957  -22.130 0.5000000000
19856  -26.508  -60.374  -23.515 0.5000000000
18885  -25.213  -61.435  -21.039 0.5000000000
21446  -26.963  -58.940  -24.112 0.6000000238
22185  -26.452  -57.266  -24.136 0.6000000238
91721  -25.517  -56.504  -24.230 0.6000000238
22838  -26.287  -56.387  -23.595 0.6000000238
22184  -24.350  -56.173  -24.532 0.6000000238
92082  -24.124  -54.731  -24.286 0.6000000238
23456  -24.352  -54.640  -23.772 0.6000000238
19824  -25.734  -61.247  -21.428 0.5000000000
19838  -26.390  -60.609  -22.612 0.5000000000
20681  -27.437  -59.162  -23.448 0.6000000238
18874  -25.458  -61.562  -20.206 0.5000000000
19811  -25.891  -61.382  -20.623 0.5000000000
21447  -27.298  -58.201  -23.694 0.6000000238
17974  -24.086  -62.182  -18.553 0.5000000000
18873  -25.226  -61.577  -19.243 0.5000000000
22837  -25.030  -55.635  -23.833 0.6000000238
24989  -24.095  -53.816  -23.910 0.6000000238
19839  -27.194  -60.275  -22.128 0.5000000000
20676  -27.930  -59.433  -22.517 0.5000000000
90478  -26.527  -60.926  -19.948 0.5000000000
20650  -27.743  -60.073  -20.600 0.5000000000
19826  -27.211  -60.559  -21.285 0.5000000000
20662  -27.996  -59.898  -21.538 0.5000000000
22179  -27.928  -57.905  -22.868 0.6000000238
18863  -24.475  -61.607  -18.538 0.5000000000
20629  -26.233  -60.516  -19.151 0.5000000000
22834  -26.997  -56.379  -22.828 0.6000000238
19777  -24.754  -60.946  -18.391 0.5000000000
104568  -26.331  -55.113  -22.755 0.6000000238
23458  -26.193  -55.646  -23.161 0.6000000238
20631  -27.534  -59.741  -19.766 0.5000000000
21421  -28.689  -58.586  -21.018 0.5000000000
21435  -28.667  -58.427  -21.753 0.6000000238
22176  -28.771  -57.874  -21.432 0.6000000238
20630  -26.872  -60.119  -19.468 0.5000000000
21443  -28.372  -58.590  -22.406 0.6000000238
107401  -28.545  -57.255  -21.884 0.6000000238
19776  -24.061  -61.066  -17.963 0.5000000000
89934  -22.110  -61.159  -17.425 0.5000000000
24142  -24.707  -54.096  -23.094 0.6000000238
24966  -23.939  -53.313  -22.912 0.6000000238
21395  -27.142  -59.278  -19.135 0.5000000000
21409  -27.873  -58.930  -19.524 0.5000000000
21410  -28.516  -58.738  -20.177 0.5000000000
99067  -29.057  -57.126  -21.228 0.6000000238
20609  -25.674  -59.898  -18.576 0.5000000000
19761  -24.177  -60.380  -17.837 0.5000000000
88617  -24.997  -59.185  -18.195 0.6000000238
105972  -28.449  -57.404  -19.042 0.6000000238
22145  -28.388  -58.064  -19.352 0.5000000000
22167  -29.322  -56.871  -20.327 0.5000000000
22824  -29.193  -56.267  -21.012 0.6000000238
97055  -26.543  -58.744  -18.683 0.6000000238
21396  -27.451  -58.417  -18.839 0.6000000238
21376  -23.299  -59.369  -17.556 0.5000000000
20607  -24.123  -59.455  -17.788 0.5000000000
106893  -25.884  -58.305  -18.463 0.6000000238
22129  -27.788  -57.448  -18.616 0.6000000238
22146  -28.934  -57.282  -19.512 0.5000000000
22825  -29.375  -56.001  -20.211 0.6000000238
24137  -28.280  -54.782  -21.098 0.6000000238
104133  -29.168  -56.478  -19.475 0.6999999881
98324  -31.234  -41.019  -16.665 0.5000000000
40925  -32.703  -31.240  -23.877 0.5000000000
41803  -34.148  -30.251  -24.308 0.5000000000
50926  -31.577  -18.516  -27.914 0.4000000060
51670  -31.519  -17.789  -27.958 0.3000000119
92537  -31.531  -17.189  -27.995 0.3000000119
52477  -31.628  -16.228  -28.056 0.3000000119
17171  -23.741  -62.441  -21.757 0.4000000060
18917  -23.756  -61.383  -22.584 0.5000000000
19855  -24.260  -61.003  -23.470 0.5000000000
91970  -24.015  -57.409  -25.513 0.5000000000
17994  -24.468  -61.957  -21.086 0.4000000060
21453  -25.137  -58.461  -25.232 0.6000000238
22192  -25.138  -57.263  -24.822 0.6000000238
92300  -24.019  -55.150  -24.615 0.5000000000
99634  -24.239  -62.886  -20.999 0.4000000060
17995  -24.524  -62.394  -20.155 0.5000000000
17984  -24.239  -62.771  -19.192 0.5000000000
17985  -24.688  -62.102  -19.262 0.5000000000
17973  -23.423  -62.704  -18.500 0.3000000119
17972  -22.429  -62.711  -18.258 0.4000000060
92204  -20.592  -62.921  -18.561 0.4000000060
35092  -32.866  -39.259  -23.254 0.4000000060
35759  -30.942  -39.003  -16.468 0.5000000000
41804  -34.819  -30.583  -24.136 0.5000000000
42599  -35.583  -29.718  -24.669 0.5000000000
42598  -34.884  -29.894  -24.500 0.5000000000
51666  -31.706  -17.738  -27.818 0.3000000119
53260  -31.851  -15.302  -27.873 0.3000000119
106122  -24.157  -62.157  -21.411 0.4000000060
92551  -27.880  -57.036  -22.444 0.6000000238
20592  -22.736  -59.792  -17.362 0.5000000000
19760  -23.615  -60.662  -17.649 0.5000000000
20593  -23.487  -60.065  -17.526 0.6000000238
41805  -35.636  -30.529  -24.228 0.5000000000
17957  -22.932  -62.110  -17.958 0.4000000060
20689  -25.518  -59.624  -24.982 0.6000000238
90373  -24.365  -61.312  -22.197 0.4000000060
89828  -25.781  -60.796  -23.301 0.5000000000
20680  -26.855  -59.725  -23.940 0.6000000238
19825  -26.404  -60.883  -21.735 0.5000000000
20651  -28.384  -59.355  -20.852 0.5000000000
20632  -28.080  -59.407  -20.132 0.5000000000
19778  -25.539  -60.809  -18.771 0.5000000000
20610  -26.400  -59.608  -18.882 0.5000000000
94903  -24.216  -63.343  -20.030 0.4000000060
22191  -23.993  -56.903  -25.275 0.4000000060
22848  -23.824  -55.892  -25.073 0.4000000060
24924  -20.162  -53.451  -18.712 0.3000000119
24089  -21.087  -53.906  -17.912 0.4000000060
26448  -20.946  -51.430  -17.498 0.4000000060
90119  -21.272  -52.314  -17.348 0.4000000060
94734  -20.073  -49.950  -17.519 0.4000000060
27264  -20.098  -50.600  -17.731 0.4000000060
26434  -21.553  -50.865  -16.967 0.4000000060
103484  -19.069  -49.264  -16.544 0.3000000119
27986  -19.696  -49.671  -17.058 0.3000000119
28641  -19.842  -48.291  -16.633 0.4000000060
27265  -21.293  -50.103  -17.020 0.4000000060
98359  -19.758  -49.009  -16.723 0.4000000060
27988  -20.708  -49.159  -16.976 0.5000000000
28642  -20.692  -48.266  -16.785 0.4000000060
28643  -21.410  -48.674  -16.750 0.5000000000
38779  -33.970  -34.716  -17.166 0.3000000119
38778  -33.483  -33.923  -17.091 0.3000000119
38781  -34.363  -34.030  -17.754 0.3000000119
45735  -31.165  -25.298  -24.585 0.4000000060
41752  -33.295  -30.795  -18.555 0.3000000119
45754  -32.081  -24.968  -24.668 0.4000000060
103441  -32.684  -30.070  -18.621 0.3000000119
42546  -31.615  -29.273  -18.881 0.3000000119
45001  -33.348  -26.435  -23.705 0.4000000060
45737  -33.676  -25.640  -24.065 0.3000000119
45736  -32.638  -25.634  -24.300 0.4000000060
47176  -32.508  -24.022  -25.506 0.4000000060
41755  -33.370  -29.836  -18.901 0.3000000119
42547  -32.422  -29.300  -19.021 0.3000000119
42548  -33.320  -29.096  -19.353 0.3000000119
42554  -34.154  -28.922  -19.681 0.3000000119
44226  -32.725  -27.932  -19.642 0.3000000119
43382  -33.410  -28.381  -19.652 0.3000000119
43388  -34.384  -28.349  -20.149 0.3000000119
43389  -35.248  -28.346  -20.763 0.3000000119
106721  -35.627  -28.871  -20.970 0.3000000119
44225  -31.847  -27.875  -19.511 0.3000000119
43381  -32.521  -28.548  -19.424 0.3000000119
44229  -31.711  -26.972  -19.681 0.3000000119
44964  -31.037  -26.602  -19.709 0.3000000119
44970  -31.098  -25.920  -19.934 0.3000000119
100591  -34.144  -27.724  -23.078 0.3000000119
44258  -34.195  -26.919  -23.222 0.3000000119
45002  -34.265  -26.116  -23.464 0.3000000119
47876  -30.217  -22.855  -20.708 0.3000000119
47919  -33.298  -22.913  -26.533 0.3000000119
95228  -35.559  -28.928  -21.409 0.3000000119
42579  -35.293  -28.483  -21.928 0.3000000119
89841  -33.113  -26.837  -19.993 0.3000000119
97516  -34.581  -27.607  -20.574 0.3000000119
44232  -35.264  -27.628  -21.041 0.3000000119
43390  -35.490  -28.352  -21.259 0.3000000119
100019  -35.353  -27.686  -21.691 0.3000000119
101109  -35.154  -27.724  -22.158 0.3000000119
44972  -32.397  -26.369  -19.902 0.3000000119
90570  -33.938  -26.848  -20.410 0.3000000119
45701  -30.424  -25.635  -19.996 0.3000000119
44971  -31.608  -26.297  -19.824 0.3000000119
44246  -34.733  -27.328  -22.616 0.3000000119
44990  -34.814  -26.463  -22.740 0.3000000119
88669  -31.116  -25.112  -20.311 0.3000000119
45738  -34.412  -25.342  -23.688 0.3000000119
47877  -31.093  -22.859  -20.673 0.3000000119
45756  -33.957  -24.935  -24.304 0.3000000119
47177  -33.665  -23.906  -25.303 0.3000000119
47188  -34.172  -23.426  -25.948 0.3000000119
101764  -34.876  -26.867  -20.894 0.3000000119
44237  -35.270  -26.903  -21.464 0.3000000119
45703  -32.704  -25.478  -20.221 0.3000000119
44974  -34.456  -25.977  -20.661 0.3000000119
44247  -35.333  -26.877  -22.104 0.3000000119
45702  -31.821  -25.669  -20.083 0.3000000119
45739  -34.943  -24.860  -23.123 0.3000000119
45720  -34.851  -25.624  -22.935 0.3000000119
47144  -32.293  -23.889  -20.553 0.3000000119
106661  -32.774  -23.194  -20.777 0.3000000119
47887  -31.660  -22.145  -21.001 0.3000000119
96085  -32.806  -22.356  -21.024 0.3000000119
46502  -34.257  -24.304  -24.577 0.3000000119
47178  -34.723  -23.788  -25.020 0.3000000119
47920  -34.584  -22.719  -26.384 0.3000000119
44981  -35.453  -26.137  -21.694 0.3000000119
46455  -33.759  -24.561  -20.659 0.3000000119
46456  -34.446  -25.029  -20.815 0.3000000119
45710  -35.120  -25.570  -21.196 0.3000000119
46454  -32.972  -24.604  -20.439 0.3000000119
46467  -34.915  -24.778  -21.434 0.3000000119
45711  -35.330  -25.365  -21.798 0.3000000119
44991  -35.401  -25.925  -22.233 0.3000000119
47145  -33.383  -23.792  -20.729 0.3000000119
48680  -33.643  -21.758  -21.333 0.3000000119
46491  -35.117  -24.179  -23.283 0.3000000119
46490  -34.629  -24.611  -23.867 0.3000000119
48679  -32.801  -21.548  -21.283 0.3000000119
46503  -34.996  -23.916  -23.988 0.3000000119
47189  -35.214  -23.126  -25.563 0.3000000119
48710  -34.881  -21.970  -26.689 0.3000000119
46466  -34.266  -24.210  -21.069 0.3000000119
45721  -35.221  -25.068  -22.347 0.3000000119
47153  -34.799  -23.942  -21.661 0.3000000119
47151  -33.392  -23.023  -20.969 0.3000000119
47889  -34.356  -22.434  -21.483 0.3000000119
49436  -32.697  -20.217  -21.708 0.3000000119
47888  -33.705  -22.566  -21.169 0.3000000119
49421  -32.232  -20.962  -21.461 0.3000000119
49422  -33.139  -20.945  -21.481 0.3000000119
49423  -33.951  -20.917  -21.609 0.3000000119
48681  -34.473  -21.618  -21.709 0.3000000119
90704  -35.555  -23.335  -24.367 0.3000000119
47921  -35.570  -22.388  -26.067 0.3000000119
46468  -35.190  -24.541  -21.975 0.3000000119
46479  -35.189  -24.265  -22.584 0.3000000119
47160  -34.898  -23.098  -21.804 0.3000000119
47161  -35.238  -23.700  -22.273 0.3000000119
100207  -35.469  -22.885  -22.427 0.3000000119
47168  -35.561  -23.432  -23.136 0.3000000119
107167  -33.420  -20.349  -21.721 0.3000000119
94110  -35.943  -22.767  -23.821 0.3000000119
49438  -34.745  -20.790  -22.111 0.3000000119
47898  -35.010  -22.294  -21.979 0.3000000119
47914  -36.088  -22.560  -24.912 0.3000000119
47922  -36.144  -21.927  -25.536 0.3000000119
48711  -35.692  -21.438  -26.174 0.3000000119
50191  -34.146  -19.827  -26.850 0.3000000119
49459  -34.936  -21.213  -26.679 0.3000000119
47899  -35.559  -22.076  -22.524 0.3000000119
88326  -35.924  -22.527  -23.069 0.3000000119
49437  -34.060  -20.133  -21.914 0.3000000119
99802  -35.951  -21.824  -23.025 0.3000000119
47905  -36.218  -22.007  -23.884 0.3000000119
47906  -36.417  -21.640  -24.856 0.3000000119
49460  -36.076  -20.617  -25.626 0.3000000119
50185  -35.799  -19.787  -25.703 0.3000000119
90718  -35.184  -19.574  -26.344 0.3000000119
50184  -35.292  -20.445  -26.399 0.3000000119
50158  -33.249  -19.573  -21.990 0.3000000119
50159  -34.238  -19.360  -22.201 0.3000000119
97728  -34.705  -19.962  -22.256 0.3000000119
99318  -35.426  -20.140  -22.604 0.3000000119
49446  -35.833  -20.611  -23.078 0.3000000119
48696  -36.041  -21.222  -23.385 0.3000000119
99850  -35.968  -19.952  -23.207 0.3000000119
48697  -36.387  -21.152  -24.184 0.3000000119
49461  -36.300  -19.993  -24.882 0.3000000119
48706  -36.450  -20.858  -24.918 0.3000000119
98994  -35.511  -18.970  -25.861 0.3000000119
50190  -33.336  -18.947  -27.205 0.3000000119
50894  -34.622  -18.610  -22.438 0.3000000119
50160  -35.062  -19.316  -22.502 0.3000000119
50169  -35.666  -19.276  -22.877 0.3000000119
50170  -35.988  -19.218  -23.498 0.3000000119
49447  -36.204  -20.563  -23.680 0.3000000119
50178  -36.114  -19.204  -24.311 0.3000000119
49456  -36.385  -20.486  -24.356 0.3000000119
50919  -34.594  -18.895  -26.541 0.3000000119
92416  -32.306  -18.289  -27.450 0.3000000119
25001  -24.157  -54.125  -24.439 0.4000000060
99008  -18.831  -49.922  -16.552 0.3000000119
100858  -20.543  -49.916  -17.367 0.4000000060
29315  -21.401  -47.844  -16.744 0.4000000060
39433  -33.925  -33.192  -17.704 0.3000000119
91845  -29.855  -23.444  -20.569 0.3000000119
47886  -30.669  -22.177  -20.934 0.3000000119
27263  -19.618  -50.282  -17.246 0.4000000060
26433  -19.717  -50.933  -17.587 0.4000000060
26446  -19.903  -51.425  -18.183 0.4000000060
27276  -20.691  -50.665  -17.501 0.4000000060
28640  -18.854  -48.504  -16.500 0.3000000119
99416  -20.317  -48.879  -16.820 0.4000000060
44231  -33.506  -27.593  -19.976 0.3000000119
44230  -32.527  -27.260  -19.730 0.3000000119
44973  -33.366  -26.126  -20.222 0.3000000119
48677  -31.020  -21.499  -21.247 0.3000000119
44980  -35.192  -26.262  -21.134 0.3000000119
45704  -33.630  -25.283  -20.467 0.3000000119
47152  -34.153  -23.288  -21.232 0.3000000119
48689  -35.072  -21.600  -22.179 0.3000000119
48690  -35.522  -21.174  -22.666 0.3000000119
96902  -35.985  -18.362  -23.832 0.3000000119
26432  -18.810  -50.862  -16.653 0.4000000060
33608  -32.872  -40.956  -22.717 0.4000000060
18858  -17.272  -61.791  -18.411 0.3000000119
17967  -17.704  -62.188  -18.417 0.3000000119
96075  -17.033  -61.109  -18.448 0.3000000119
17968  -18.340  -62.296  -18.462 0.3000000119
29314  -20.069  -47.509  -16.634 0.3000000119
25693  -19.966  -51.923  -18.713 0.3000000119
26447  -20.230  -51.343  -17.966 0.3000000119
25711  -20.038  -52.645  -18.846 0.3000000119
92665  -20.361  -51.997  -18.116 0.3000000119
26445  -19.411  -51.567  -17.721 0.3000000119
25692  -19.654  -52.012  -18.669 0.3000000119
91501  -32.063  -42.991  -22.636 0.3000000119
17137  -18.674  -62.982  -18.436 0.4000000060
17956  -22.168  -61.974  -17.797 0.5000000000
18849  -23.288  -61.656  -17.883 0.5000000000
18857  -16.574  -61.640  -18.324 0.4000000060
18859  -18.744  -61.618  -18.397 0.3000000119
18861  -20.536  -62.182  -18.267 0.6000000238
18862  -23.802  -61.600  -18.116 0.5000000000
18884  -24.954  -61.801  -20.422 0.5000000000
18935  -24.072  -61.156  -22.699 0.5000000000
19755  -19.090  -60.063  -17.792 0.5000000000
19756  -19.780  -60.691  -17.895 0.5000000000
19758  -22.051  -60.295  -17.272 0.5000000000
19793  -25.900  -61.248  -19.625 0.5000000000
19794  -27.145  -60.463  -20.168 0.5000000000
19812  -26.659  -61.040  -20.835 0.5000000000
19857  -27.087  -59.916  -23.023 0.6000000238
20608  -24.904  -60.127  -18.216 0.5000000000
20663  -28.520  -59.126  -21.690 0.6000000238
21372  -19.485  -58.439  -17.646 0.5000000000
21391  -22.884  -57.942  -17.838 0.6000000238
21394  -25.739  -58.994  -18.541 0.6000000238
21442  -27.891  -58.673  -23.028 0.6000000238
22121  -19.840  -57.129  -18.262 0.4000000060
22123  -21.327  -56.974  -18.332 0.5000000000
22125  -23.835  -57.294  -18.014 0.6000000238
22166  -28.967  -57.854  -20.409 0.5000000000
22180  -28.453  -57.818  -22.204 0.6000000238
22186  -27.151  -57.206  -23.191 0.6000000238
22785  -26.096  -57.037  -18.088 0.6000000238
22810  -29.337  -55.707  -19.460 0.6999999881
22831  -27.595  -56.236  -22.323 0.6999999881
23417  -21.262  -55.262  -18.659 0.5000000000
23457  -25.427  -54.888  -23.242 0.6000000238
23463  -24.127  -55.328  -24.381 0.6000000238
24096  -29.117  -54.109  -17.864 0.8000000119
24144  -26.951  -54.986  -22.317 0.6999999881
24152  -24.081  -54.071  -23.984 0.6000000238
24906  -24.962  -53.596  -16.888 0.6000000238
24949  -27.377  -53.462  -21.159 0.6999999881
24958  -24.359  -53.206  -22.289 0.6999999881
25713  -30.452  -52.525  -19.003 0.8000000119
25758  -24.688  -52.104  -23.892 0.6999999881
26436  -23.572  -51.222  -16.553 0.5000000000
26469  -25.114  -50.528  -20.538 0.6999999881
26485  -25.818  -51.754  -20.846 0.6999999881
26494  -23.222  -50.814  -22.514 0.6999999881
27281  -30.836  -50.749  -18.319 0.6999999881
27307  -27.434  -50.485  -20.407 0.6999999881
27987  -20.213  -49.479  -17.177 0.5000000000
27991  -26.115  -49.683  -16.501 0.6000000238
28017  -24.421  -49.087  -20.798 0.6999999881
28018  -25.112  -49.334  -20.515 0.6999999881
28656  -28.162  -48.993  -16.627 0.8000000119
28677  -25.784  -48.249  -20.617 0.6999999881
28702  -24.196  -48.872  -21.899 0.6999999881
29337  -32.161  -48.116  -18.211 0.8000000119
29359  -24.459  -48.166  -21.388 0.6999999881
29360  -24.950  -47.965  -20.954 0.6999999881
29367  -24.608  -47.139  -21.861 0.6999999881
30145  -24.944  -45.765  -22.591 0.8000000119
30825  -31.566  -45.593  -20.299 0.8000000119
30836  -26.044  -45.014  -21.428 0.6999999881
30853  -30.913  -45.442  -22.493 0.5000000000
30861  -25.284  -44.869  -23.173 0.8000000119
31475  -33.560  -44.593  -19.344 0.6999999881
31496  -25.003  -44.240  -22.164 0.8000000119
31503  -24.795  -44.661  -22.456 0.8000000119
31504  -28.024  -45.401  -22.845 0.6999999881
32169  -25.641  -43.431  -16.421 0.3000000119
32227  -24.951  -43.274  -22.846 0.8000000119
32228  -27.656  -44.115  -22.939 0.8000000119
32232  -31.639  -43.483  -22.556 0.5000000000
32244  -25.421  -42.969  -23.180 0.8000000119
32911  -25.666  -42.246  -21.853 0.8000000119
32919  -25.424  -42.387  -21.959 0.8000000119
32945  -27.059  -42.528  -23.041 0.8000000119
32947  -28.694  -42.062  -22.812 0.6999999881
33586  -32.983  -41.957  -20.556 0.6999999881
33599  -25.820  -41.188  -21.947 1.0000000000
33604  -25.771  -41.165  -22.008 0.8000000119
33619  -25.603  -41.921  -22.235 0.8000000119
34307  -34.994  -39.813  -19.324 0.6999999881
34333  -26.572  -40.129  -22.000 0.8999999762
34338  -30.619  -40.787  -22.892 0.6999999881
35794  -34.334  -38.274  -20.433 0.6999999881
35818  -33.469  -38.070  -23.539 0.6000000238
36527  -29.691  -37.178  -24.139 0.8999999762
37380  -32.389  -36.221  -24.313 0.6999999881
39479  -34.272  -33.251  -23.620 0.6000000238
39481  -35.934  -33.296  -23.911 0.5000000000
39485  -28.112  -33.668  -23.791 0.8000000119
39486  -28.682  -33.630  -24.224 0.8000000119
40173  -30.294  -32.702  -24.093 0.8000000119
40894  -28.113  -31.577  -22.917 0.8000000119
40912  -27.847  -31.402  -23.506 0.8000000119
40914  -34.808  -31.888  -23.581 0.6000000238
40926  -34.272  -30.964  -23.895 0.5000000000
40927  -35.057  -31.240  -23.791 0.5000000000
40928  -35.937  -31.374  -23.885 0.6000000238
41749  -29.154  -30.247  -18.259 0.3000000119
42611  -28.580  -28.629  -24.449 0.6999999881
42612  -29.451  -28.790  -24.663 0.6999999881
43401  -28.231  -27.704  -23.774 0.6000000238
43420  -27.842  -27.771  -24.105 0.6999999881
43444  -35.270  -27.857  -27.213 0.5000000000
45773  -30.170  -24.987  -25.806 0.5000000000
48712  -36.256  -21.294  -25.449 0.3000000119
52468  -32.001  -16.950  -27.769 0.3000000119
88411  -21.122  -58.994  -17.364 0.6000000238
89700  -32.517  -47.376  -19.264 0.8000000119
91193  -24.932  -45.840  -22.073 0.8000000119
91763  -28.242  -40.858  -21.350 0.8000000119
92090  -23.412  -50.774  -22.755 0.6999999881
93058  -23.424  -61.172  -17.708 0.5000000000
93990  -29.088  -48.346  -20.427 0.8000000119
94203  -27.629  -40.914  -22.844 0.8000000119
94936  -27.858  -32.087  -23.894 0.8000000119
95344  -23.489  -62.031  -18.202 0.4000000060
97133  -26.120  -54.876  -17.343 0.6000000238
97355  -27.390  -47.915  -16.579 0.8000000119
98816  -23.632  -49.796  -21.448 0.6999999881
98971  -36.275  -19.897  -23.984 0.3000000119
100303  -31.045  -27.314  -23.566 0.6000000238
101321  -26.229  -44.701  -23.251 0.8000000119
101393  -27.241  -46.269  -23.228 0.6999999881
101874  -28.002  -39.718  -23.074 0.8999999762
102704  -29.459  -54.157  -18.364 0.8000000119
103307  -28.373  -46.479  -20.548 0.8999999762
103651  -27.944  -28.211  -24.260 0.6999999881
103907  -29.506  -45.455  -20.555 0.8000000119
104052  -23.730  -52.382  -23.427 0.6999999881
104821  -29.304  -54.987  -20.275 0.6999999881
105399  -32.089  -38.781  -23.416 0.6999999881
105542  -27.192  -60.594  -20.744 0.5000000000
105601  -30.612  -49.489  -19.890 0.8000000119
105689  -29.019  -41.700  -16.498 0.4000000060
106088  -33.554  -32.142  -23.545 0.6000000238
106441  -27.141  -48.160  -22.868 0.6999999881
106537  -25.379  -61.350  -21.332 0.5000000000
106641  -27.960  -42.952  -21.141 0.8000000119
106774  -27.533  -51.514  -16.824 0.6000000238
107028  -23.739  -50.199  -21.002 0.6999999881
