#!ascii label  , from subject OASIS_0001 vox2ras=TkReg
474
96123  -24.884  -63.628  -25.769 0.6999999881
17235  -26.147  -62.647  -26.721 0.6000000238
18071  -27.205  -62.470  -26.881 0.6000000238
18073  -29.106  -62.333  -26.911 0.4000000060
18036  -18.258  -62.065  -24.075 0.6999999881
18931  -19.667  -61.363  -24.300 0.6999999881
18943  -18.533  -61.353  -24.990 0.6999999881
18944  -19.377  -61.069  -24.758 0.6000000238
18953  -18.999  -61.292  -25.391 0.6999999881
19869  -19.685  -60.630  -25.062 0.6000000238
18960  -19.857  -60.602  -25.492 0.6000000238
17229  -20.773  -62.994  -26.453 0.6000000238
18961  -20.277  -61.094  -26.184 0.6000000238
18962  -21.076  -60.923  -26.596 0.5000000000
18070  -21.657  -62.067  -27.130 0.5000000000
18083  -24.075  -62.164  -27.990 0.6000000238
17232  -23.875  -63.113  -26.692 0.6000000238
18084  -24.844  -62.174  -28.310 0.6000000238
96932  -25.603  -62.246  -27.862 0.6000000238
18085  -26.471  -62.062  -27.692 0.6000000238
18915  -19.158  -62.004  -23.949 0.6000000238
18932  -20.262  -61.077  -24.148 0.6000000238
19851  -19.901  -60.674  -24.616 0.6000000238
19870  -20.228  -60.089  -25.190 0.6000000238
19871  -20.759  -59.877  -25.502 0.6000000238
19875  -20.472  -60.224  -25.778 0.6000000238
19877  -21.580  -60.287  -26.645 0.6000000238
18963  -21.951  -61.216  -27.169 0.6000000238
18082  -23.259  -62.101  -27.708 0.6000000238
18971  -23.698  -61.590  -27.892 0.6999999881
103646  -24.456  -61.906  -28.346 0.6000000238
18972  -24.877  -61.688  -28.470 0.6000000238
18086  -27.499  -61.839  -27.664 0.5000000000
18087  -28.594  -61.728  -27.820 0.5000000000
18018  -19.450  -62.744  -23.542 0.6000000238
18019  -20.081  -62.016  -23.864 0.6000000238
102128  -20.779  -60.967  -23.965 0.6000000238
19852  -20.437  -60.473  -24.492 0.6000000238
19861  -20.454  -60.002  -24.990 0.6000000238
20685  -21.121  -59.867  -25.377 0.6000000238
20696  -21.637  -59.349  -25.891 0.6000000238
19882  -21.697  -59.529  -26.274 0.6000000238
19876  -21.066  -59.867  -26.119 0.6000000238
20714  -22.295  -59.522  -26.706 0.6000000238
19884  -23.014  -60.328  -27.389 0.6999999881
18973  -25.649  -61.641  -28.358 0.6000000238
18974  -26.788  -61.349  -28.199 0.6000000238
18976  -29.335  -61.349  -28.445 0.4000000060
17181  -20.870  -63.611  -23.300 0.6000000238
92946  -20.194  -62.910  -23.462 0.6000000238
18037  -20.846  -61.621  -23.690 0.6000000238
94742  -20.950  -60.314  -24.616 0.6000000238
20686  -21.867  -59.704  -25.516 0.5000000000
20697  -22.347  -58.951  -26.020 0.6000000238
20703  -22.181  -59.071  -26.180 0.6999999881
20717  -25.061  -59.710  -27.600 0.6000000238
19885  -24.194  -60.986  -27.977 0.6000000238
19886  -25.213  -60.888  -28.350 0.6000000238
19887  -26.300  -60.929  -28.358 0.6000000238
19889  -28.107  -60.851  -28.573 0.6000000238
18975  -27.829  -61.240  -28.300 0.6000000238
18988  -29.231  -61.031  -28.799 0.4000000060
100602  -28.630  -61.178  -28.551 0.5000000000
17182  -21.764  -63.274  -22.950 0.5000000000
18020  -21.698  -62.165  -23.154 0.6000000238
18933  -21.556  -61.366  -23.606 0.6000000238
100222  -21.058  -60.734  -24.100 0.5000000000
92583  -22.469  -60.959  -24.066 0.5000000000
19862  -21.712  -60.349  -24.708 0.5000000000
20698  -22.699  -58.107  -25.981 0.6000000238
20716  -23.711  -58.705  -27.070 0.6999999881
20715  -23.330  -59.548  -27.286 0.6999999881
21486  -24.981  -58.697  -27.108 0.6000000238
92655  -24.327  -60.026  -27.631 0.6999999881
20718  -25.991  -59.375  -27.577 0.6000000238
97555  -25.956  -60.297  -27.983 0.6000000238
97632  -26.927  -59.998  -28.002 0.6000000238
19899  -28.803  -60.483  -28.604 0.5000000000
19900  -29.593  -60.615  -28.852 0.4000000060
17183  -22.810  -62.856  -22.362 0.6000000238
103429  -23.047  -61.454  -22.919 0.6000000238
18916  -22.428  -61.380  -23.409 0.5000000000
19854  -23.417  -61.114  -23.785 0.6000000238
19864  -23.951  -60.666  -24.828 0.5000000000
19863  -22.679  -60.530  -24.785 0.6000000238
95915  -24.580  -59.300  -25.436 0.5000000000
20687  -22.753  -59.648  -25.533 0.6000000238
20688  -23.531  -59.341  -25.622 0.5000000000
101504  -22.513  -58.650  -25.917 0.5000000000
21472  -23.241  -57.057  -25.922 0.5000000000
20705  -23.026  -57.776  -26.162 0.6000000238
22868  -24.248  -56.541  -26.301 0.5000000000
21485  -23.879  -57.787  -26.651 0.6000000238
22220  -25.203  -57.905  -26.901 0.6999999881
22869  -25.800  -56.420  -26.570 0.4000000060
89953  -26.655  -57.072  -26.867 0.5000000000
21487  -25.949  -58.526  -27.296 0.6000000238
21473  -27.250  -57.643  -27.096 0.5000000000
94740  -26.807  -58.841  -27.612 0.6000000238
21474  -27.967  -57.817  -27.113 0.5000000000
20719  -27.749  -59.150  -27.934 0.6000000238
20729  -29.349  -59.942  -28.542 0.5000000000
21488  -27.467  -58.278  -27.486 0.6000000238
20720  -28.739  -59.417  -28.228 0.6000000238
18001  -23.332  -61.837  -22.409 0.5000000000
18934  -23.033  -61.295  -23.293 0.5000000000
19865  -24.972  -60.207  -25.042 0.4000000060
21452  -23.240  -57.970  -25.796 0.4000000060
21460  -23.023  -57.566  -25.914 0.5000000000
98549  -22.893  -57.144  -25.983 0.5000000000
24179  -26.361  -54.370  -25.673 0.4000000060
23501  -25.042  -55.884  -26.122 0.4000000060
23502  -26.176  -55.714  -26.378 0.4000000060
22870  -27.071  -56.188  -26.566 0.5000000000
22862  -27.796  -55.642  -26.143 0.5000000000
90998  -27.591  -57.103  -26.779 0.5000000000
22871  -28.088  -56.502  -26.397 0.5000000000
20706  -29.796  -59.133  -27.287 0.5000000000
20721  -29.569  -59.413  -28.185 0.5000000000
21489  -28.407  -58.541  -27.570 0.6000000238
21490  -29.131  -58.941  -27.763 0.5000000000
22191  -23.993  -56.903  -25.275 0.4000000060
89492  -23.447  -56.653  -25.808 0.5000000000
22861  -23.725  -56.151  -25.534 0.5000000000
23487  -24.371  -55.359  -25.579 0.5000000000
23489  -26.947  -55.128  -26.145 0.4000000060
22863  -28.406  -56.096  -25.873 0.5000000000
21462  -30.030  -58.401  -25.761 0.5000000000
21476  -30.325  -58.944  -26.437 0.3000000119
23491  -28.273  -55.378  -25.491 0.5000000000
22204  -28.931  -56.865  -25.931 0.5000000000
21461  -29.165  -57.976  -26.253 0.5000000000
23477  -23.885  -55.328  -24.971 0.4000000060
23488  -25.694  -55.079  -26.060 0.4000000060
25002  -24.645  -53.851  -24.970 0.4000000060
24992  -27.159  -53.432  -24.775 0.4000000060
24168  -27.591  -53.924  -25.069 0.4000000060
24169  -28.089  -54.412  -24.672 0.5000000000
22206  -30.704  -57.964  -25.001 0.4000000060
91207  -30.935  -58.657  -25.761 0.4000000060
22864  -28.917  -56.146  -25.338 0.5000000000
22205  -29.758  -57.517  -25.435 0.5000000000
23479  -28.894  -55.588  -24.814 0.5000000000
94009  -29.497  -56.721  -25.241 0.5000000000
24979  -27.433  -53.348  -23.887 0.4000000060
24993  -27.738  -53.843  -24.479 0.4000000060
99647  -31.090  -57.276  -24.461 0.4000000060
22193  -30.285  -56.934  -24.706 0.5000000000
24170  -28.872  -55.044  -24.156 0.5000000000
100676  -29.550  -56.242  -24.694 0.5000000000
105531  -28.200  -53.726  -23.715 0.4000000060
22849  -30.983  -56.724  -24.139 0.4000000060
22850  -31.809  -56.916  -24.156 0.3000000119
24153  -28.502  -54.284  -23.889 0.5000000000
101699  -29.479  -55.743  -24.159 0.5000000000
22839  -30.334  -56.180  -23.929 0.5000000000
103277  -27.594  -52.917  -23.249 0.4000000060
23465  -30.914  -55.515  -23.447 0.3000000119
22840  -31.373  -56.239  -23.699 0.3000000119
23464  -29.926  -55.343  -23.676 0.5000000000
24980  -29.269  -53.720  -23.308 0.4000000060
24154  -29.532  -54.511  -23.581 0.5000000000
24155  -30.516  -54.701  -23.312 0.5000000000
94178  -28.982  -52.227  -22.360 0.4000000060
24156  -31.499  -54.776  -23.146 0.3000000119
24157  -32.577  -54.754  -23.231 0.3000000119
25761  -28.379  -53.119  -23.069 0.4000000060
24145  -31.007  -54.063  -22.954 0.4000000060
25750  -29.691  -52.922  -22.680 0.4000000060
24981  -30.162  -54.072  -23.192 0.4000000060
26504  -28.364  -51.299  -22.038 0.5000000000
24146  -32.003  -54.020  -22.786 0.3000000119
24147  -33.013  -53.762  -22.999 0.4000000060
24982  -33.621  -53.052  -23.231 0.4000000060
94574  -33.399  -54.435  -23.469 0.4000000060
24969  -31.388  -53.361  -22.594 0.5000000000
95890  -30.238  -52.059  -22.133 0.5000000000
24968  -30.385  -53.490  -22.838 0.5000000000
96048  -31.181  -52.197  -22.118 0.5000000000
25752  -31.736  -52.630  -22.307 0.4000000060
25753  -32.627  -52.373  -22.473 0.4000000060
25754  -33.492  -52.209  -22.897 0.4000000060
25762  -33.923  -52.511  -23.472 0.3000000119
26505  -29.487  -51.354  -21.915 0.5000000000
105623  -30.344  -51.249  -21.836 0.5000000000
27339  -33.060  -50.457  -22.528 0.4000000060
27340  -33.920  -50.263  -23.330 0.3000000119
104818  -29.363  -48.960  -22.435 0.5000000000
91543  -32.506  -49.650  -22.451 0.4000000060
26507  -31.978  -51.892  -22.137 0.4000000060
26508  -32.923  -51.517  -22.458 0.4000000060
26509  -33.753  -51.192  -23.100 0.4000000060
27345  -34.167  -50.938  -24.007 0.3000000119
104849  -29.293  -49.843  -21.909 0.5000000000
27337  -30.978  -50.700  -21.821 0.5000000000
96032  -32.041  -51.040  -22.075 0.5000000000
27336  -29.928  -50.561  -21.769 0.5000000000
28053  -32.473  -48.983  -22.620 0.4000000060
28054  -33.317  -49.463  -22.955 0.4000000060
28707  -28.862  -48.031  -22.667 0.5000000000
91301  -34.020  -50.147  -24.028 0.3000000119
28051  -30.460  -48.908  -22.348 0.5000000000
28052  -31.527  -49.207  -22.289 0.5000000000
27338  -31.797  -50.122  -22.086 0.5000000000
90515  -30.462  -49.712  -21.935 0.5000000000
28711  -32.952  -48.569  -22.988 0.4000000060
97786  -28.589  -46.846  -22.828 0.5000000000
29379  -30.684  -47.124  -22.505 0.5000000000
29382  -33.107  -48.085  -23.520 0.3000000119
28718  -33.424  -48.816  -23.557 0.3000000119
29377  -28.993  -47.352  -22.699 0.5000000000
29378  -29.795  -47.583  -22.583 0.5000000000
28708  -30.029  -48.320  -22.539 0.5000000000
17234  -25.156  -62.594  -27.150 0.6000000238
18072  -28.181  -62.323  -26.927 0.5000000000
18069  -20.885  -62.081  -26.676 0.6000000238
19888  -27.332  -60.821  -28.424 0.6000000238
20704  -22.722  -58.598  -26.327 0.6999999881
19898  -27.969  -60.140  -28.341 0.6000000238
22215  -25.473  -57.189  -26.736 0.5000000000
90415  -23.441  -56.576  -25.891 0.5000000000
23500  -24.097  -55.905  -26.075 0.5000000000
22214  -24.293  -57.241  -26.563 0.4000000060
89829  -28.609  -57.999  -26.978 0.5000000000
21475  -29.105  -58.528  -27.097 0.5000000000
24180  -27.318  -54.395  -25.526 0.4000000060
23490  -27.688  -54.975  -25.754 0.5000000000
25003  -25.788  -53.703  -25.271 0.4000000060
24970  -32.340  -53.184  -22.583 0.4000000060
26517  -34.049  -51.832  -23.563 0.3000000119
28709  -31.203  -48.412  -22.457 0.5000000000
13479  -19.165  -68.559  -27.090 0.5000000000
13480  -20.566  -68.763  -26.995 0.5000000000
98229  -19.902  -68.717  -26.826 0.5000000000
13468  -24.271  -68.152  -26.471 0.5000000000
92623  -23.139  -68.398  -27.055 0.5000000000
13481  -21.392  -68.631  -27.197 0.4000000060
14227  -19.334  -67.950  -25.747 0.5000000000
13465  -21.141  -68.821  -26.260 0.6000000238
13464  -20.388  -68.684  -26.210 0.6000000238
13467  -23.464  -68.327  -26.452 0.5000000000
13466  -22.569  -68.483  -26.332 0.5000000000
14214  -27.207  -67.377  -25.858 0.4000000060
107197  -16.607  -65.589  -25.506 0.6999999881
14960  -17.258  -66.414  -25.521 0.6999999881
102104  -20.159  -67.426  -25.483 0.6999999881
14209  -21.833  -67.927  -25.582 0.5000000000
106207  -20.604  -67.922  -25.587 0.6999999881
13452  -24.651  -67.901  -25.802 0.5000000000
13450  -23.046  -68.153  -25.786 0.5000000000
13449  -22.358  -68.214  -25.765 0.5000000000
14966  -27.446  -66.813  -25.464 0.5000000000
14213  -25.514  -67.731  -25.869 0.5000000000
16468  -14.735  -63.431  -25.946 0.5000000000
16445  -15.297  -64.402  -25.754 0.6999999881
16446  -16.379  -64.439  -25.586 0.6999999881
15731  -15.744  -65.407  -25.603 0.6999999881
15732  -17.351  -65.036  -25.497 0.6999999881
14962  -19.225  -67.053  -25.471 0.6000000238
14965  -22.211  -67.143  -25.169 0.6999999881
90386  -24.987  -67.482  -25.216 0.5000000000
14211  -23.402  -67.663  -25.364 0.6000000238
14198  -23.005  -67.259  -25.103 0.6000000238
14201  -25.805  -67.323  -25.294 0.5000000000
14967  -28.675  -66.176  -25.447 0.5000000000
17226  -14.369  -63.003  -25.758 0.5000000000
17208  -15.682  -63.466  -25.715 0.6999999881
15733  -18.192  -65.552  -25.476 0.6999999881
93857  -18.744  -64.839  -25.558 0.6999999881
16447  -17.317  -63.832  -25.625 0.6999999881
97047  -20.019  -66.319  -25.468 0.8000000119
15736  -20.809  -65.639  -25.421 0.6999999881
14948  -23.079  -66.647  -24.877 0.6000000238
91116  -22.295  -66.357  -25.065 0.6999999881
14950  -24.911  -66.489  -24.648 0.6999999881
14949  -24.007  -66.535  -24.722 0.6000000238
14953  -27.811  -66.101  -25.096 0.6000000238
14951  -25.906  -66.583  -24.785 0.6000000238
14954  -28.425  -65.466  -25.076 0.6000000238
17191  -14.134  -63.182  -24.614 0.5000000000
18032  -14.915  -62.769  -24.819 0.6000000238
17201  -13.736  -62.896  -24.953 0.5000000000
18051  -15.067  -62.693  -25.420 0.6000000238
100580  -16.155  -63.099  -25.666 0.6000000238
17209  -16.596  -63.271  -25.658 0.6999999881
16448  -18.740  -63.813  -25.639 0.6999999881
89506  -17.937  -63.462  -25.675 0.6000000238
15734  -19.149  -65.799  -25.450 0.6999999881
16449  -19.445  -64.724  -25.595 0.6999999881
14964  -21.518  -66.496  -25.226 0.6999999881
15722  -25.381  -65.734  -24.591 0.6999999881
15725  -27.796  -65.445  -24.866 0.6999999881
15723  -26.347  -65.723  -24.649 0.6999999881
16432  -14.912  -63.837  -24.218 0.5000000000
18048  -15.622  -62.388  -24.898 0.6000000238
18958  -16.364  -62.329  -25.283 0.6000000238
17228  -16.881  -62.780  -25.642 0.6000000238
15735  -19.961  -65.406  -25.529 0.8000000119
16450  -20.271  -64.669  -25.640 0.5000000000
92407  -19.056  -62.880  -25.787 0.6000000238
15737  -22.803  -65.796  -24.983 0.6999999881
97244  -22.707  -64.944  -25.339 0.6999999881
16437  -25.810  -64.861  -24.712 0.6999999881
16436  -24.920  -64.967  -24.742 0.6999999881
16458  -28.828  -64.686  -24.997 0.5000000000
16439  -27.446  -65.050  -24.757 0.6999999881
96483  -29.117  -63.137  -25.617 0.5000000000
16419  -15.787  -64.813  -23.876 0.5000000000
104893  -16.114  -63.253  -24.029 0.5000000000
17193  -16.350  -63.019  -23.958 0.6000000238
18033  -15.908  -62.473  -24.569 0.6000000238
18049  -16.294  -62.181  -24.772 0.6000000238
18941  -16.696  -61.948  -25.012 0.6000000238
18942  -17.442  -61.776  -24.959 0.6000000238
18054  -17.483  -62.271  -25.452 0.6000000238
18952  -17.928  -61.701  -25.228 0.6000000238
17213  -22.368  -63.524  -26.292 0.6000000238
102228  -21.401  -63.714  -26.199 0.5000000000
18055  -18.426  -62.024  -25.661 0.5000000000
92389  -23.954  -64.206  -25.497 0.6000000238
100964  -22.758  -64.179  -25.694 0.6000000238
16455  -25.511  -63.963  -25.242 0.6000000238
16454  -24.691  -64.283  -25.278 0.6000000238
18059  -27.864  -62.674  -25.952 0.5000000000
16420  -16.656  -64.447  -23.658 0.5000000000
17178  -16.684  -63.487  -23.767 0.6000000238
18035  -17.347  -62.204  -24.221 0.6000000238
17212  -19.919  -62.978  -26.227 0.5000000000
18057  -20.155  -62.082  -26.288 0.5000000000
17230  -21.584  -62.899  -26.653 0.5000000000
17217  -26.210  -63.256  -25.528 0.6000000238
15705  -16.725  -65.342  -23.551 0.5000000000
103486  -17.411  -64.186  -23.525 0.6000000238
17179  -17.536  -63.405  -23.552 0.6000000238
18015  -16.974  -62.729  -23.856 0.6000000238
94106  -23.079  -63.047  -26.820 0.5000000000
17231  -22.340  -62.695  -26.966 0.4000000060
14936  -16.972  -66.223  -23.494 0.5000000000
16421  -17.419  -64.993  -23.491 0.5000000000
92201  -18.182  -64.102  -23.406 0.6000000238
18016  -17.802  -62.682  -23.691 0.6000000238
14183  -18.028  -67.437  -23.407 0.5000000000
88312  -18.245  -65.538  -23.327 0.5000000000
16422  -18.854  -64.914  -23.308 0.6000000238
99107  -18.345  -63.366  -23.447 0.6000000238
13422  -18.554  -68.271  -23.277 0.5000000000
14938  -18.840  -66.343  -23.038 0.5000000000
15707  -19.043  -65.713  -23.078 0.5000000000
16423  -19.716  -64.706  -23.117 0.6000000238
90723  -18.984  -64.027  -23.339 0.6000000238
14928  -19.426  -67.034  -22.562 0.5000000000
15695  -19.553  -66.287  -22.690 0.5000000000
93300  -19.956  -67.558  -21.959 0.5000000000
17180  -19.824  -63.704  -23.296 0.5000000000
14929  -20.173  -66.983  -22.206 0.5000000000
15708  -19.646  -65.535  -22.882 0.5000000000
14177  -19.987  -68.105  -21.284 0.5000000000
14918  -20.546  -67.487  -21.200 0.5000000000
15696  -20.329  -66.210  -22.403 0.5000000000
16424  -20.650  -64.542  -22.984 0.4000000060
14930  -20.946  -66.849  -21.700 0.5000000000
15710  -21.443  -65.274  -22.486 0.4000000060
15709  -20.461  -65.409  -22.652 0.4000000060
14931  -21.836  -66.566  -21.304 0.4000000060
90561  -22.121  -65.852  -21.843 0.4000000060
15711  -22.349  -65.046  -22.276 0.4000000060
17215  -24.226  -63.633  -25.885 0.6000000238
18058  -26.996  -62.846  -25.783 0.5000000000
18060  -28.709  -62.617  -26.023 0.4000000060
16426  -22.524  -64.094  -22.390 0.4000000060
88318  -21.904  -65.473  -25.349 0.6999999881
15721  -24.313  -65.669  -24.636 0.6999999881
15720  -23.518  -65.996  -24.723 0.6999999881
90419  -19.644  -63.809  -25.823 0.6000000238
17211  -18.148  -62.810  -25.733 0.6000000238
16438  -26.776  -64.956  -24.709 0.6999999881
16452  -22.041  -64.368  -25.708 0.6999999881
15738  -23.447  -65.277  -24.914 0.6999999881
16456  -26.435  -64.141  -24.974 0.6000000238
16457  -27.370  -64.296  -24.907 0.6000000238
13447  -20.169  -68.218  -25.770 0.6999999881
13448  -20.992  -68.357  -25.725 0.5000000000
13451  -23.848  -68.079  -25.815 0.5000000000
13463  -19.579  -68.478  -26.296 0.6000000238
13482  -22.346  -68.394  -27.351 0.4000000060
14176  -19.395  -67.975  -22.359 0.5000000000
14184  -18.737  -67.196  -23.061 0.5000000000
14199  -23.695  -67.152  -24.921 0.6000000238
14200  -24.512  -67.084  -24.840 0.6000000238
14202  -26.623  -67.069  -25.336 0.5000000000
14208  -21.150  -67.470  -25.411 0.6999999881
14210  -22.635  -67.711  -25.454 0.5000000000
14212  -24.184  -67.597  -25.281 0.5000000000
14937  -17.935  -66.488  -23.345 0.5000000000
14952  -26.901  -66.346  -24.922 0.6000000238
14961  -18.309  -66.734  -25.502 0.6999999881
14963  -20.741  -66.676  -25.330 0.6999999881
15697  -21.245  -66.122  -22.124 0.5000000000
15706  -17.455  -65.701  -23.420 0.5000000000
15724  -27.201  -65.637  -24.752 0.6999999881
15739  -24.093  -64.781  -24.923 0.6999999881
16412  -23.045  -64.796  -21.883 0.4000000060
16425  -21.649  -64.355  -22.778 0.5000000000
16440  -28.035  -64.850  -24.852 0.5000000000
16451  -21.169  -64.609  -25.666 0.6999999881
16453  -23.374  -64.517  -25.377 0.6000000238
16467  -13.840  -63.577  -26.014 0.5000000000
17177  -15.955  -63.821  -23.971 0.5000000000
17192  -15.470  -63.107  -24.365 0.6000000238
17207  -14.044  -62.871  -25.256 0.5000000000
17210  -17.368  -62.939  -25.693 0.6000000238
17214  -23.359  -63.689  -25.940 0.6000000238
17216  -25.411  -63.145  -26.060 0.6999999881
17218  -27.637  -63.384  -25.344 0.6000000238
17219  -28.444  -63.233  -25.481 0.4000000060
17227  -15.212  -62.918  -25.760 0.6000000238
17233  -24.647  -63.120  -26.503 0.6000000238
17239  -23.597  -62.569  -27.355 0.5000000000
17240  -24.367  -62.579  -27.369 0.6000000238
18017  -18.648  -62.661  -23.604 0.6000000238
18021  -22.461  -61.791  -22.937 0.6000000238
18034  -16.568  -62.351  -24.388 0.6000000238
18047  -14.765  -62.667  -25.086 0.6000000238
18052  -15.381  -62.420  -24.922 0.6000000238
18053  -15.899  -62.003  -24.953 0.6000000238
18056  -19.333  -62.009  -26.007 0.5000000000
18068  -15.855  -62.621  -25.446 0.6000000238
18081  -22.464  -62.066  -27.455 0.6000000238
18928  -16.983  -62.032  -24.699 0.6000000238
18929  -17.856  -61.782  -24.636 0.6999999881
18930  -18.841  -61.533  -24.490 0.6000000238
18949  -15.905  -62.339  -25.219 0.6000000238
18950  -16.485  -62.109  -25.086 0.6000000238
18951  -17.094  -61.954  -25.113 0.6000000238
18954  -19.662  -61.288  -25.903 0.6000000238
18959  -16.822  -62.218  -25.256 0.6000000238
18970  -22.788  -61.327  -27.502 0.6999999881
19853  -21.846  -60.909  -23.971 0.6000000238
19860  -20.124  -60.172  -24.881 0.6000000238
19883  -22.200  -60.297  -27.019 0.6000000238
20695  -21.230  -59.595  -25.829 0.6000000238
22216  -28.407  -57.357  -26.608 0.5000000000
22221  -26.457  -57.912  -27.170 0.6000000238
23466  -31.916  -55.549  -23.406 0.3000000119
23478  -28.327  -54.991  -24.915 0.5000000000
24167  -26.908  -53.697  -25.257 0.4000000060
24177  -24.130  -54.597  -24.981 0.4000000060
24178  -25.086  -54.439  -25.518 0.4000000060
24181  -27.899  -54.605  -25.270 0.5000000000
24971  -33.076  -52.915  -22.749 0.4000000060
25751  -30.773  -52.783  -22.406 0.5000000000
26506  -31.159  -51.546  -21.942 0.5000000000
28059  -33.785  -49.529  -23.724 0.3000000119
30148  -29.642  -46.776  -22.606 0.5000000000
89072  -26.376  -67.570  -25.875 0.4000000060
90193  -26.921  -63.542  -25.259 0.6000000238
90850  -29.051  -63.827  -25.190 0.5000000000
90889  -28.245  -64.044  -25.019 0.5000000000
92638  -20.901  -62.556  -23.429 0.6000000238
92876  -29.635  -58.710  -26.449 0.5000000000
95111  -21.837  -68.656  -26.547 0.5000000000
95822  -18.085  -64.401  -25.556 0.6999999881
97196  -20.532  -63.802  -26.083 0.5000000000
100047  -21.759  -68.527  -25.901 0.6000000238
102757  -19.030  -63.303  -23.401 0.6000000238
102795  -22.935  -62.498  -27.336 0.4000000060
103367  -25.244  -64.547  -24.939 0.6999999881
103470  -23.252  -56.836  -25.869 0.5000000000
104007  -29.098  -50.631  -21.800 0.5000000000
104172  -25.229  -67.020  -24.848 0.5000000000
105294  -30.662  -47.818  -22.512 0.5000000000
106469  -18.033  -64.742  -23.424 0.6000000238
106624  -28.336  -47.422  -22.817 0.5000000000
106788  -22.595  -59.236  -26.771 0.6999999881
