#!ascii label  , from subject OASIS_0001 vox2ras=TkReg
1763
98659  -31.654  -46.679  -22.574 0.5000000000
93807  -32.610  -46.947  -22.867 0.5000000000
30151  -32.395  -46.188  -22.801 0.4000000060
30855  -32.836  -45.633  -23.142 0.5000000000
99534  -32.397  -44.917  -22.796 0.5000000000
31519  -32.910  -44.286  -23.128 0.5000000000
47198  -33.339  -23.595  -28.189 0.5000000000
47200  -32.901  -22.760  -28.348 0.4000000060
47931  -31.844  -22.285  -28.122 0.4000000060
47932  -32.640  -22.042  -28.406 0.6000000238
105851  -31.853  -21.777  -28.193 0.5000000000
47940  -32.452  -21.395  -28.388 0.5000000000
48720  -31.603  -21.633  -28.005 0.5000000000
48731  -32.169  -20.731  -28.384 0.4000000060
89912  -31.638  -21.030  -27.931 0.5000000000
49473  -31.669  -20.453  -28.153 0.5000000000
49484  -32.538  -20.181  -28.642 0.4000000060
105122  -31.887  -48.725  -22.469 0.5000000000
28710  -32.243  -48.319  -22.639 0.4000000060
29381  -32.732  -47.756  -22.919 0.5000000000
29388  -33.025  -47.191  -23.598 0.5000000000
30162  -33.020  -46.358  -24.283 0.5000000000
31531  -33.154  -44.738  -24.359 0.5000000000
31520  -33.351  -44.048  -23.842 0.5000000000
102276  -33.376  -42.328  -23.041 0.5000000000
45046  -33.083  -25.638  -27.514 0.5000000000
45779  -34.088  -25.413  -27.712 0.5000000000
88366  -33.849  -24.478  -27.884 0.5000000000
46523  -34.590  -23.975  -28.311 0.5000000000
47941  -33.491  -21.519  -28.542 0.6000000238
52485  -32.759  -16.432  -28.706 0.3000000119
48732  -33.077  -20.877  -28.554 0.4000000060
51676  -33.113  -17.545  -28.567 0.3000000119
98669  -31.972  -19.103  -28.592 0.4000000060
50205  -32.414  -19.579  -28.694 0.3000000119
50931  -32.551  -18.425  -28.600 0.4000000060
98217  -33.067  -45.046  -23.343 0.5000000000
30157  -33.015  -46.347  -23.440 0.5000000000
32948  -32.787  -42.801  -22.857 0.5000000000
47933  -33.847  -22.241  -28.525 0.6000000238
51680  -32.064  -17.165  -28.359 0.3000000119
21466  -39.602  -58.956  -25.307 0.3000000119
21459  -39.648  -58.204  -24.968 0.3000000119
21467  -40.325  -58.502  -25.436 0.4000000060
20702  -40.975  -58.833  -26.014 0.4000000060
100103  -41.201  -58.059  -25.514 0.4000000060
22210  -42.171  -57.593  -25.300 0.4000000060
21468  -42.140  -58.417  -26.011 0.4000000060
21469  -43.248  -57.765  -25.581 0.4000000060
22211  -44.335  -57.367  -25.189 0.4000000060
21458  -39.104  -58.634  -24.908 0.3000000119
22198  -39.690  -57.499  -24.575 0.3000000119
22854  -39.851  -56.706  -24.319 0.4000000060
22199  -40.502  -57.687  -24.985 0.4000000060
101823  -41.387  -57.412  -25.082 0.4000000060
22200  -42.033  -56.984  -24.786 0.4000000060
22201  -43.219  -57.119  -24.812 0.4000000060
22859  -45.125  -56.449  -24.424 0.4000000060
22202  -44.336  -56.921  -24.673 0.4000000060
23470  -38.800  -55.772  -23.397 0.3000000119
22845  -39.329  -56.282  -23.824 0.3000000119
23471  -39.731  -55.504  -23.515 0.3000000119
22855  -40.753  -56.490  -24.380 0.4000000060
22847  -41.270  -55.897  -24.057 0.4000000060
92864  -41.117  -56.990  -24.730 0.4000000060
22856  -41.666  -56.456  -24.425 0.4000000060
23483  -43.129  -55.831  -23.943 0.4000000060
22858  -43.836  -56.502  -24.292 0.4000000060
100677  -44.355  -54.746  -23.455 0.4000000060
23484  -44.518  -55.913  -23.876 0.4000000060
24986  -44.942  -53.462  -23.582 0.4000000060
23475  -45.042  -55.245  -23.599 0.4000000060
23462  -38.299  -55.353  -22.863 0.3000000119
22844  -38.438  -56.619  -23.638 0.3000000119
24159  -39.169  -54.977  -23.063 0.3000000119
23472  -40.800  -55.313  -23.581 0.3000000119
23473  -41.993  -55.342  -23.653 0.3000000119
23482  -42.136  -55.996  -24.108 0.4000000060
103234  -42.946  -55.160  -23.598 0.4000000060
24976  -43.753  -53.307  -23.231 0.4000000060
24163  -43.433  -54.638  -23.410 0.4000000060
23474  -43.887  -55.298  -23.627 0.4000000060
25764  -44.487  -52.694  -23.621 0.4000000060
26520  -44.960  -52.017  -24.298 0.4000000060
24148  -38.554  -54.551  -22.483 0.3000000119
24149  -39.540  -54.207  -22.686 0.3000000119
24150  -40.507  -53.957  -22.751 0.3000000119
24161  -41.331  -54.446  -23.204 0.4000000060
24984  -42.137  -53.782  -22.983 0.4000000060
26511  -42.255  -51.639  -22.588 0.3000000119
25756  -42.560  -52.346  -22.669 0.4000000060
24162  -42.457  -54.550  -23.355 0.4000000060
26512  -43.122  -51.870  -23.074 0.3000000119
25757  -43.378  -52.598  -23.119 0.4000000060
24985  -43.080  -53.891  -23.161 0.4000000060
104388  -43.936  -52.129  -23.564 0.4000000060
25735  -37.847  -52.922  -19.587 0.3000000119
24952  -38.076  -53.133  -20.590 0.3000000119
25726  -38.370  -52.150  -19.392 0.3000000119
24962  -38.434  -53.383  -21.405 0.3000000119
24972  -38.930  -53.752  -22.105 0.3000000119
24963  -39.486  -52.961  -21.641 0.3000000119
25745  -39.512  -52.324  -21.157 0.3000000119
24973  -39.931  -53.486  -22.313 0.3000000119
24964  -40.456  -52.838  -22.058 0.3000000119
25747  -40.998  -52.191  -21.980 0.3000000119
103882  -40.704  -53.363  -22.425 0.3000000119
26510  -41.418  -51.556  -22.149 0.3000000119
24151  -41.301  -53.622  -22.698 0.3000000119
25755  -41.801  -52.193  -22.337 0.3000000119
104622  -42.040  -52.744  -22.549 0.4000000060
26518  -42.782  -50.904  -23.371 0.3000000119
27347  -43.203  -49.753  -23.932 0.4000000060
27348  -43.885  -50.482  -24.351 0.4000000060
25736  -38.462  -52.436  -20.221 0.3000000119
26486  -38.736  -51.765  -19.907 0.3000000119
25744  -38.814  -52.688  -20.968 0.3000000119
26495  -40.604  -51.551  -21.509 0.3000000119
25746  -40.235  -52.287  -21.522 0.3000000119
27327  -40.975  -50.917  -21.939 0.3000000119
28040  -41.156  -50.137  -22.426 0.3000000119
27341  -41.755  -50.917  -22.547 0.3000000119
27346  -42.090  -49.835  -23.216 0.3000000119
28060  -43.040  -48.760  -23.850 0.3000000119
28062  -43.912  -49.566  -24.841 0.4000000060
26475  -38.755  -51.360  -19.233 0.3000000119
27295  -38.892  -50.973  -18.442 0.3000000119
25737  -39.199  -51.899  -20.593 0.3000000119
26476  -39.244  -51.033  -19.996 0.3000000119
93420  -39.425  -50.026  -17.793 0.3000000119
28010  -39.481  -49.357  -17.981 0.3000000119
88968  -39.285  -50.087  -19.807 0.3000000119
28662  -40.654  -48.767  -17.644 0.3000000119
28038  -39.891  -49.716  -21.300 0.3000000119
27319  -39.637  -50.423  -20.629 0.3000000119
89920  -40.566  -50.241  -21.803 0.3000000119
28039  -40.585  -49.437  -22.070 0.3000000119
28055  -41.395  -49.156  -22.742 0.3000000119
103686  -42.186  -48.768  -23.367 0.3000000119
28061  -43.679  -48.676  -24.841 0.4000000060
99561  -45.060  -48.346  -27.344 0.5000000000
27310  -39.052  -50.549  -19.122 0.3000000119
27296  -39.213  -50.071  -18.345 0.3000000119
92372  -39.216  -49.816  -19.043 0.3000000119
91611  -39.322  -49.231  -19.515 0.3000000119
29331  -40.993  -48.024  -18.028 0.3000000119
28697  -39.527  -48.914  -20.938 0.3000000119
28031  -39.442  -49.500  -20.421 0.3000000119
29340  -42.193  -47.242  -18.256 0.3000000119
28698  -40.069  -48.726  -21.563 0.3000000119
29332  -41.876  -47.798  -17.861 0.3000000119
29383  -41.406  -47.323  -22.638 0.3000000119
28712  -40.820  -48.419  -22.366 0.3000000119
30128  -43.486  -46.063  -19.058 0.3000000119
28713  -41.807  -48.110  -23.126 0.3000000119
28719  -43.021  -47.813  -23.782 0.3000000119
28720  -43.602  -47.649  -24.835 0.4000000060
28069  -44.168  -47.633  -25.741 0.5000000000
105492  -39.740  -48.483  -18.400 0.3000000119
28669  -40.257  -48.362  -18.042 0.3000000119
28690  -39.453  -48.604  -20.146 0.3000000119
28682  -39.504  -48.423  -19.258 0.3000000119
29353  -39.822  -47.667  -19.133 0.3000000119
29339  -40.377  -47.607  -18.612 0.3000000119
29368  -39.699  -48.077  -20.849 0.3000000119
92938  -41.352  -47.155  -18.440 0.3000000119
29369  -40.342  -47.738  -21.687 0.3000000119
30117  -42.140  -46.523  -18.607 0.3000000119
30820  -42.659  -45.830  -18.944 0.3000000119
104124  -44.767  -43.267  -20.616 0.3000000119
107335  -44.086  -44.138  -19.810 0.3000000119
30152  -41.620  -46.369  -22.444 0.3000000119
94688  -42.490  -46.501  -23.227 0.3000000119
29384  -42.755  -47.072  -23.549 0.3000000119
30125  -40.040  -47.005  -19.842 0.3000000119
105226  -40.226  -47.033  -19.222 0.3000000119
29362  -40.044  -47.077  -20.839 0.3000000119
29361  -39.672  -47.743  -19.950 0.3000000119
30126  -40.484  -46.410  -19.639 0.3000000119
30127  -41.071  -45.988  -19.378 0.3000000119
29354  -40.747  -46.700  -18.959 0.3000000119
103952  -40.669  -46.921  -21.829 0.3000000119
30140  -40.754  -46.259  -21.433 0.3000000119
30135  -40.411  -46.290  -20.457 0.3000000119
30828  -40.827  -45.688  -20.147 0.3000000119
31489  -41.850  -44.643  -20.456 0.3000000119
30819  -41.805  -45.767  -19.059 0.3000000119
31491  -42.971  -44.020  -20.099 0.3000000119
96477  -42.877  -44.608  -19.588 0.3000000119
100662  -43.393  -43.524  -20.572 0.3000000119
32206  -43.778  -43.814  -20.064 0.3000000119
31484  -43.624  -44.432  -19.653 0.3000000119
32916  -43.876  -42.662  -21.168 0.3000000119
32213  -44.026  -43.200  -20.592 0.3000000119
32921  -44.266  -42.337  -21.542 0.3000000119
99578  -43.656  -46.069  -24.035 0.4000000060
33630  -45.014  -40.923  -23.418 0.3000000119
29389  -43.539  -46.774  -24.557 0.3000000119
28725  -44.001  -47.254  -25.791 0.4000000060
34371  -45.676  -41.144  -25.023 0.3000000119
28737  -44.595  -47.722  -26.949 0.5000000000
30838  -40.968  -45.570  -21.096 0.3000000119
31497  -41.997  -44.537  -21.514 0.3000000119
31490  -42.312  -44.163  -20.794 0.3000000119
32212  -42.749  -43.630  -21.152 0.3000000119
30153  -42.906  -45.804  -23.273 0.4000000060
32920  -43.559  -42.630  -21.887 0.3000000119
32937  -43.938  -42.283  -22.368 0.3000000119
30857  -43.625  -45.721  -23.955 0.4000000060
100331  -44.405  -41.575  -22.929 0.3000000119
33629  -44.461  -42.008  -23.929 0.4000000060
33642  -44.983  -43.789  -25.495 0.4000000060
105484  -43.742  -46.170  -24.230 0.5000000000
30166  -43.592  -46.247  -24.487 0.6000000238
34360  -45.161  -41.500  -24.493 0.3000000119
29396  -43.503  -46.314  -25.113 0.6000000238
29406  -42.920  -47.163  -25.362 0.6000000238
30141  -41.740  -45.647  -22.188 0.3000000119
30845  -41.823  -45.042  -21.928 0.3000000119
32219  -42.812  -43.639  -22.367 0.3000000119
92882  -42.709  -45.283  -22.907 0.3000000119
31498  -42.430  -44.070  -22.106 0.3000000119
32238  -43.172  -43.351  -22.617 0.3000000119
32936  -43.417  -43.292  -23.039 0.4000000060
99606  -44.186  -45.154  -24.829 0.4000000060
32956  -43.763  -43.005  -23.644 0.4000000060
32968  -44.572  -45.378  -25.751 0.4000000060
32979  -44.631  -45.298  -26.130 0.4000000060
30866  -43.371  -45.156  -24.073 0.6000000238
33652  -45.105  -44.749  -26.172 0.4000000060
32989  -44.559  -44.226  -26.343 0.4000000060
30165  -43.281  -46.143  -25.037 0.6000000238
33643  -45.456  -42.995  -26.022 0.3000000119
33664  -44.787  -42.578  -27.014 0.4000000060
30174  -42.280  -46.874  -24.975 0.6000000238
29405  -41.458  -47.663  -25.445 0.6999999881
31510  -42.823  -44.844  -22.908 0.3000000119
31511  -43.244  -44.569  -23.652 0.3000000119
32237  -43.314  -44.330  -23.737 0.3000000119
106030  -43.363  -45.026  -23.704 0.3000000119
32254  -43.354  -43.901  -23.773 0.3000000119
32955  -44.015  -45.083  -24.911 0.4000000060
30856  -43.356  -45.223  -23.704 0.5000000000
31524  -43.078  -44.797  -23.930 0.5000000000
32262  -44.294  -45.223  -26.195 0.4000000060
88979  -42.852  -45.367  -23.453 0.5000000000
33663  -44.351  -42.357  -27.199 0.4000000060
104265  -42.224  -45.743  -24.463 0.6000000238
33669  -44.731  -41.458  -28.027 0.4000000060
34393  -44.426  -41.353  -27.989 0.4000000060
30164  -41.421  -46.620  -24.610 0.6999999881
30173  -40.825  -47.376  -25.047 0.6999999881
31525  -43.724  -45.000  -24.338 0.4000000060
32253  -43.723  -44.875  -24.461 0.4000000060
32966  -42.834  -44.565  -24.721 0.4000000060
32252  -42.933  -45.062  -24.685 0.4000000060
32967  -44.082  -45.210  -25.404 0.4000000060
32977  -43.093  -44.349  -25.441 0.4000000060
32978  -43.738  -44.922  -26.081 0.4000000060
33651  -43.431  -43.622  -26.134 0.4000000060
32988  -43.986  -44.382  -26.390 0.4000000060
95606  -43.402  -42.123  -26.346 0.4000000060
31523  -41.449  -44.610  -23.640 0.6000000238
34382  -43.844  -41.868  -27.305 0.4000000060
34383  -44.177  -40.725  -27.354 0.4000000060
94238  -41.035  -45.212  -23.643 0.6000000238
31522  -39.750  -44.850  -23.206 0.6999999881
30864  -40.103  -45.617  -23.717 0.6999999881
35129  -44.561  -39.889  -27.634 0.4000000060
30873  -40.676  -46.172  -24.218 0.6999999881
29404  -40.361  -47.686  -25.821 0.6999999881
32954  -42.741  -44.804  -24.590 0.4000000060
32251  -41.720  -44.264  -23.798 0.4000000060
96954  -41.875  -43.379  -23.999 0.4000000060
33641  -42.888  -42.490  -25.555 0.4000000060
32236  -40.309  -43.722  -22.893 0.6999999881
31509  -39.871  -44.140  -22.785 0.6999999881
35116  -43.593  -40.764  -26.263 0.4000000060
35118  -44.455  -39.734  -26.736 0.4000000060
35117  -44.063  -39.929  -26.331 0.4000000060
30863  -39.148  -45.259  -23.831 0.6999999881
35842  -44.985  -39.010  -26.612 0.4000000060
30872  -39.714  -46.069  -24.362 0.6999999881
30172  -39.961  -47.067  -25.970 0.6999999881
36546  -45.917  -38.219  -26.402 0.4000000060
36537  -46.768  -36.780  -26.341 0.4000000060
33627  -41.317  -41.821  -23.561 0.4000000060
33628  -41.965  -42.447  -24.352 0.4000000060
33640  -42.486  -43.003  -25.013 0.4000000060
32935  -40.655  -43.147  -23.115 0.6999999881
33612  -41.029  -42.551  -23.320 0.5000000000
34370  -42.997  -41.061  -25.454 0.4000000060
32934  -39.718  -42.841  -22.515 0.6999999881
35106  -43.326  -40.112  -25.015 0.4000000060
35107  -44.018  -39.566  -25.270 0.4000000060
32234  -38.627  -43.665  -22.921 0.6999999881
31508  -39.168  -44.115  -22.787 0.6999999881
35841  -44.587  -39.008  -25.770 0.4000000060
104341  -45.348  -38.373  -25.750 0.4000000060
35834  -45.177  -38.121  -24.963 0.4000000060
30871  -39.178  -45.471  -25.123 0.6999999881
37393  -46.350  -36.612  -25.434 0.4000000060
37394  -46.831  -35.985  -25.950 0.4000000060
34358  -42.411  -41.363  -24.765 0.4000000060
95707  -40.756  -41.401  -22.872 0.6000000238
34357  -41.704  -40.819  -23.956 0.5000000000
105739  -42.254  -40.511  -24.290 0.4000000060
98524  -34.387  -40.053  -23.653 0.4000000060
34355  -34.574  -40.864  -24.330 0.5000000000
33611  -40.167  -42.022  -22.614 0.6000000238
34359  -42.711  -40.341  -24.564 0.4000000060
33610  -39.270  -41.985  -22.386 0.6000000238
35099  -43.770  -39.366  -24.345 0.4000000060
32933  -38.764  -42.753  -22.605 0.6000000238
105223  -44.223  -39.079  -24.518 0.4000000060
35833  -44.577  -38.688  -24.702 0.4000000060
32952  -38.120  -43.039  -23.319 0.6999999881
31533  -38.641  -44.721  -24.276 0.6999999881
37392  -45.874  -36.775  -24.772 0.4000000060
37387  -46.170  -35.995  -24.588 0.4000000060
38185  -46.625  -35.269  -24.889 0.4000000060
38845  -47.223  -33.973  -25.140 0.4000000060
34344  -41.240  -40.628  -23.011 0.5000000000
35097  -42.332  -39.916  -23.703 0.5000000000
35093  -33.986  -39.344  -23.407 0.3000000119
35103  -34.645  -39.260  -23.889 0.4000000060
98113  -39.656  -41.336  -22.427 0.6000000238
34343  -40.604  -40.416  -22.564 0.6000000238
35098  -43.098  -39.664  -24.015 0.4000000060
34341  -38.912  -41.136  -22.443 0.6000000238
33626  -37.867  -41.648  -23.282 0.6999999881
33609  -38.450  -41.792  -22.684 0.6000000238
35823  -44.276  -38.630  -23.862 0.4000000060
34356  -37.768  -40.801  -23.527 0.8000000119
32932  -38.120  -42.325  -23.074 0.6999999881
93647  -44.899  -37.316  -23.162 0.4000000060
36522  -44.979  -37.901  -23.984 0.4000000060
37386  -45.696  -36.589  -24.016 0.4000000060
38177  -46.275  -35.152  -24.196 0.4000000060
39493  -46.703  -33.785  -24.373 0.4000000060
39494  -47.013  -33.141  -24.787 0.4000000060
35082  -41.306  -39.526  -22.639 0.6000000238
35083  -42.170  -39.333  -22.792 0.5000000000
35096  -41.757  -39.978  -23.187 0.5000000000
100100  -34.528  -37.479  -24.018 0.4000000060
35829  -34.757  -38.438  -24.139 0.4000000060
100988  -38.651  -40.287  -22.552 0.6000000238
34342  -39.632  -40.456  -22.402 0.6000000238
35084  -42.911  -39.226  -23.059 0.5000000000
36534  -35.358  -37.264  -25.756 0.5000000000
35094  -37.919  -40.025  -22.927 0.6999999881
34340  -38.152  -40.923  -22.805 0.6999999881
97962  -35.377  -38.164  -25.819 0.5000000000
35821  -38.066  -38.802  -23.497 0.6999999881
35809  -43.351  -38.554  -22.545 0.5000000000
37398  -36.723  -36.773  -26.615 0.6999999881
101932  -35.978  -37.080  -26.344 0.6000000238
35114  -38.236  -39.939  -25.029 0.6999999881
35831  -37.901  -39.225  -24.251 0.6999999881
35105  -37.812  -40.001  -23.853 0.6999999881
36513  -44.352  -37.591  -22.446 0.5000000000
38195  -38.309  -35.810  -27.722 0.6999999881
38194  -38.061  -36.611  -27.576 0.6999999881
34369  -38.105  -40.744  -24.642 0.6999999881
89516  -44.549  -37.961  -23.249 0.4000000060
34380  -38.977  -40.649  -25.858 0.6999999881
33649  -38.712  -41.379  -25.556 0.8000000119
37374  -45.345  -36.553  -23.069 0.4000000060
36523  -45.305  -37.119  -23.728 0.4000000060
38176  -45.794  -35.755  -23.598 0.4000000060
38164  -45.962  -34.954  -23.589 0.4000000060
38831  -46.327  -34.390  -23.916 0.4000000060
101330  -46.541  -33.113  -24.209 0.4000000060
91090  -40.968  -38.586  -22.351 0.6000000238
97093  -41.797  -38.683  -22.283 0.6000000238
37383  -34.804  -36.077  -24.856 0.4000000060
36528  -34.798  -36.899  -24.854 0.4000000060
37389  -35.257  -36.484  -25.566 0.6999999881
35806  -39.509  -38.715  -22.502 0.6999999881
35080  -39.177  -39.537  -22.459 0.6000000238
35081  -40.213  -39.329  -22.396 0.6000000238
35800  -42.190  -37.988  -21.774 0.5000000000
106164  -35.603  -36.770  -25.956 0.6999999881
36520  -38.363  -37.584  -23.988 0.6999999881
36508  -38.443  -38.069  -23.418 0.6999999881
35805  -38.656  -38.798  -22.812 0.6999999881
35808  -42.614  -38.623  -22.316 0.5000000000
35801  -43.118  -38.080  -21.838 0.5000000000
38188  -36.637  -35.938  -26.378 0.6999999881
35095  -38.108  -39.330  -22.983 0.6999999881
36512  -43.740  -38.057  -22.171 0.5000000000
38189  -37.411  -35.583  -26.798 0.6999999881
36529  -38.511  -37.670  -24.954 0.6999999881
35832  -38.156  -38.367  -24.466 0.6999999881
36504  -44.348  -36.889  -21.823 0.4000000060
35840  -38.627  -38.522  -25.711 0.6999999881
38184  -40.495  -35.634  -26.512 0.6000000238
37390  -39.684  -37.684  -26.668 0.6000000238
36535  -39.075  -38.028  -26.159 0.6999999881
105366  -44.804  -36.904  -22.486 0.4000000060
93019  -45.454  -35.844  -22.748 0.4000000060
39519  -40.456  -34.740  -29.280 0.6999999881
38190  -40.428  -36.747  -26.951 0.6000000238
93862  -40.223  -37.497  -27.174 0.6000000238
38820  -45.523  -34.695  -22.487 0.4000000060
105787  -45.828  -33.716  -23.070 0.4000000060
39483  -46.186  -33.588  -23.644 0.4000000060
40168  -46.226  -32.719  -23.746 0.4000000060
95648  -46.373  -32.041  -23.842 0.4000000060
35799  -41.445  -38.121  -22.058 0.6000000238
38173  -34.977  -35.317  -24.749 0.6000000238
38847  -35.687  -35.054  -25.178 0.6000000238
38181  -36.039  -35.494  -25.866 0.6999999881
37366  -39.524  -36.917  -22.905 0.6000000238
36509  -39.290  -37.891  -22.770 0.6999999881
36510  -40.157  -37.469  -22.475 0.6999999881
35807  -40.161  -38.263  -22.391 0.6000000238
102151  -38.779  -36.852  -24.009 0.6000000238
36521  -38.834  -37.421  -23.379 0.6000000238
38182  -36.673  -35.243  -26.169 0.6999999881
37385  -39.287  -36.248  -24.848 0.6000000238
38856  -37.840  -34.751  -26.999 0.6999999881
38183  -39.819  -35.869  -25.712 0.6000000238
37384  -38.986  -37.095  -25.470 0.6000000238
37361  -44.237  -36.169  -21.467 0.4000000060
39512  -39.580  -34.200  -28.488 0.6999999881
39511  -39.032  -34.316  -27.706 0.6999999881
37391  -39.550  -36.711  -26.146 0.6999999881
39513  -40.212  -33.674  -28.819 0.6999999881
38155  -44.699  -35.492  -21.638 0.4000000060
105015  -44.987  -36.229  -22.094 0.4000000060
38857  -41.058  -35.262  -27.283 0.6000000238
38814  -45.123  -34.617  -21.764 0.4000000060
37362  -45.295  -35.374  -22.232 0.4000000060
38868  -40.376  -35.578  -29.119 0.6999999881
38869  -41.520  -35.613  -29.388 0.6999999881
38198  -41.546  -35.970  -28.961 0.6999999881
37400  -40.652  -37.557  -28.175 0.6000000238
98455  -45.584  -33.908  -22.384 0.4000000060
40157  -45.757  -33.049  -22.988 0.4000000060
96395  -46.007  -32.161  -23.243 0.4000000060
40918  -46.278  -31.431  -23.544 0.4000000060
41790  -46.112  -30.651  -23.219 0.3000000119
38840  -35.284  -34.583  -24.536 0.5000000000
38162  -40.337  -35.313  -23.868 0.6000000238
38158  -40.498  -35.679  -22.918 0.6000000238
37367  -40.257  -36.352  -22.766 0.6000000238
100935  -40.822  -37.318  -22.206 0.6000000238
36501  -41.408  -37.558  -21.902 0.6000000238
92053  -41.978  -37.123  -21.592 0.6000000238
38841  -36.049  -34.366  -24.835 0.6000000238
38848  -36.391  -34.805  -25.553 0.5000000000
38174  -39.770  -35.596  -24.519 0.6000000238
37373  -39.713  -36.090  -23.523 0.6000000238
37358  -41.784  -36.341  -21.616 0.5000000000
36502  -42.869  -37.353  -21.551 0.5000000000
38849  -37.149  -34.584  -26.110 0.6999999881
37359  -42.584  -36.548  -21.387 0.5000000000
93104  -43.067  -36.083  -21.127 0.4000000060
37360  -43.510  -36.668  -21.407 0.4000000060
39503  -37.801  -34.091  -26.278 0.8000000119
38850  -40.644  -34.588  -25.831 0.6000000238
95807  -43.599  -35.972  -21.171 0.4000000060
38154  -43.990  -35.481  -21.127 0.4000000060
39505  -39.123  -33.461  -27.283 0.6999999881
39506  -42.018  -33.838  -27.045 0.6000000238
98590  -44.379  -34.864  -21.290 0.4000000060
38858  -41.704  -34.851  -27.826 0.6000000238
39467  -44.795  -33.167  -21.453 0.4000000060
99402  -45.192  -33.778  -21.693 0.4000000060
39520  -41.113  -34.539  -29.758 0.6999999881
39526  -42.703  -34.484  -30.216 0.6999999881
38870  -42.234  -35.401  -29.488 0.6999999881
39514  -42.369  -34.498  -28.369 0.6999999881
40150  -45.128  -32.236  -21.588 0.4000000060
39468  -45.477  -33.076  -21.975 0.4000000060
38871  -42.827  -34.826  -29.921 0.6999999881
41784  -45.337  -30.593  -21.728 0.3000000119
40156  -45.698  -32.232  -22.372 0.4000000060
97046  -45.473  -29.956  -22.185 0.4000000060
40909  -45.885  -31.440  -22.821 0.3000000119
38828  -40.845  -34.927  -23.323 0.6000000238
38818  -41.024  -35.273  -22.402 0.6000000238
38159  -41.007  -36.153  -22.216 0.6000000238
38151  -41.555  -35.562  -21.697 0.5000000000
39490  -36.371  -33.646  -24.454 0.6000000238
39496  -36.781  -34.097  -25.170 0.6000000238
38842  -40.772  -34.651  -24.429 0.6000000238
38829  -41.123  -34.197  -23.828 0.6000000238
39497  -37.469  -33.730  -25.538 0.6999999881
38144  -42.544  -34.957  -20.817 0.5000000000
38152  -42.368  -35.700  -21.215 0.4000000060
39504  -38.478  -33.982  -26.844 0.6999999881
40189  -38.847  -33.059  -26.202 0.6999999881
38851  -41.293  -34.142  -26.490 0.6000000238
39499  -41.538  -33.387  -25.907 0.6000000238
38803  -43.032  -34.384  -20.621 0.5000000000
38153  -43.209  -35.349  -20.853 0.5000000000
40196  -39.598  -33.038  -27.876 0.8000000119
40190  -39.336  -32.397  -26.686 0.8000000119
39458  -43.269  -33.377  -20.576 0.4000000060
38812  -43.775  -34.704  -20.848 0.4000000060
40197  -40.142  -32.738  -28.273 0.8000000119
38804  -43.721  -33.980  -20.718 0.4000000060
40202  -40.815  -33.134  -29.240 0.6999999881
39507  -42.637  -33.505  -27.667 0.6999999881
43392  -41.644  -28.710  -20.896 0.5000000000
42558  -42.340  -29.235  -20.746 0.5000000000
41768  -43.054  -30.550  -20.592 0.5000000000
97417  -43.570  -31.955  -20.653 0.4000000060
40149  -44.427  -32.630  -21.157 0.4000000060
40206  -42.619  -33.416  -30.555 0.6999999881
40207  -43.928  -33.171  -31.397 0.6999999881
39522  -43.848  -34.017  -29.662 0.6999999881
39515  -43.156  -34.308  -29.028 0.6999999881
44234  -41.692  -27.735  -20.675 0.5000000000
98267  -42.994  -29.726  -20.659 0.5000000000
105827  -43.420  -30.052  -20.732 0.4000000060
40887  -43.704  -31.246  -20.697 0.4000000060
98688  -44.302  -31.869  -20.985 0.4000000060
44977  -42.098  -26.881  -20.492 0.4000000060
43393  -42.478  -28.394  -20.697 0.5000000000
43394  -43.321  -28.183  -20.813 0.4000000060
42560  -43.707  -29.546  -20.939 0.4000000060
41783  -44.669  -30.509  -21.297 0.4000000060
40904  -44.998  -31.293  -21.382 0.4000000060
44978  -42.980  -26.687  -20.563 0.4000000060
44235  -42.707  -27.537  -20.602 0.4000000060
42569  -43.739  -28.776  -21.050 0.4000000060
42570  -44.297  -29.114  -21.358 0.4000000060
42571  -44.951  -29.687  -21.675 0.4000000060
38819  -41.090  -34.379  -22.695 0.6000000238
40176  -37.290  -32.323  -24.466 0.5000000000
103471  -41.292  -33.563  -24.186 0.6000000238
89880  -41.317  -32.972  -23.943 0.6000000238
39482  -41.122  -33.613  -23.336 0.6000000238
89246  -41.412  -34.178  -21.691 0.5000000000
40182  -37.878  -32.104  -24.913 0.6000000238
40183  -38.320  -32.538  -25.504 0.6999999881
40185  -41.649  -32.715  -25.590 0.6000000238
38843  -41.027  -33.869  -25.064 0.6000000238
39466  -41.360  -33.341  -21.414 0.5000000000
38801  -41.812  -33.944  -20.907 0.5000000000
40938  -38.339  -31.569  -25.308 0.6000000238
40191  -42.242  -33.018  -26.451 0.6000000238
39456  -41.838  -33.029  -20.769 0.5000000000
38802  -42.285  -34.389  -20.759 0.5000000000
41766  -41.508  -30.454  -20.850 0.5000000000
40136  -41.688  -32.218  -20.847 0.5000000000
97977  -42.565  -33.007  -20.563 0.5000000000
39457  -42.405  -33.722  -20.634 0.5000000000
40953  -39.961  -32.107  -27.412 0.8000000119
40192  -42.938  -32.498  -26.924 0.6000000238
91086  -40.521  -27.777  -21.436 0.5000000000
43396  -40.526  -28.503  -21.665 0.5000000000
42557  -41.557  -29.582  -20.940 0.5000000000
99638  -42.182  -30.849  -20.616 0.5000000000
40137  -42.264  -32.294  -20.611 0.5000000000
40886  -42.812  -31.545  -20.551 0.4000000060
40954  -40.519  -32.007  -28.148 0.8000000119
40198  -43.381  -33.318  -28.425 0.6999999881
43397  -40.967  -29.063  -21.312 0.5000000000
41767  -42.258  -30.063  -20.665 0.5000000000
40964  -42.865  -32.186  -30.900 0.8000000119
102978  -44.164  -33.671  -30.260 0.6999999881
40204  -44.255  -33.242  -29.308 0.6999999881
44239  -40.435  -27.072  -21.352 0.5000000000
44976  -41.299  -26.907  -20.616 0.4000000060
39523  -44.152  -33.447  -31.087 0.6999999881
40916  -36.094  -32.062  -23.770 0.5000000000
40177  -41.254  -32.449  -24.723 0.6000000238
39471  -41.081  -33.547  -22.358 0.5000000000
40930  -37.447  -31.368  -24.554 0.5000000000
40155  -40.888  -32.743  -21.991 0.5000000000
40147  -40.854  -31.929  -21.703 0.5000000000
41806  -36.601  -30.910  -24.211 0.5000000000
41807  -37.144  -30.569  -24.582 0.5000000000
92281  -42.180  -32.362  -26.092 0.6000000238
40940  -41.635  -31.904  -25.391 0.6000000238
41781  -40.549  -30.400  -21.802 0.5000000000
40902  -41.287  -31.743  -21.099 0.5000000000
40148  -41.295  -32.505  -21.265 0.5000000000
40948  -42.289  -31.540  -26.152 0.6000000238
105418  -40.248  -28.653  -22.237 0.5000000000
42567  -40.458  -29.379  -21.861 0.5000000000
41782  -40.975  -30.620  -21.205 0.5000000000
105409  -41.694  -30.980  -20.723 0.5000000000
40946  -39.618  -31.418  -26.689 0.6999999881
40949  -43.118  -31.541  -26.966 0.6000000238
42568  -40.902  -29.942  -21.289 0.5000000000
40947  -40.266  -31.122  -27.380 0.6999999881
40955  -43.547  -32.302  -28.086 0.6999999881
41841  -41.110  -31.231  -28.997 0.6999999881
44982  -40.500  -26.244  -21.150 0.4000000060
40958  -41.623  -32.187  -30.136 0.8000000119
40208  -44.149  -32.492  -31.569 0.6999999881
100267  -41.002  -26.260  -20.620 0.5000000000
45705  -40.763  -25.683  -20.783 0.5000000000
41842  -41.735  -31.178  -30.256 0.6999999881
40965  -44.059  -32.098  -31.875 0.8000000119
94164  -41.606  -26.330  -20.502 0.4000000060
45707  -42.313  -26.045  -20.458 0.5000000000
47148  -43.466  -23.425  -20.065 0.4000000060
47879  -43.707  -22.462  -19.879 0.5000000000
46461  -44.345  -24.367  -20.979 0.5000000000
93000  -44.243  -23.656  -20.583 0.5000000000
47880  -44.403  -22.390  -20.352 0.5000000000
40166  -40.940  -32.156  -23.731 0.6000000238
40154  -40.717  -32.059  -22.597 0.5000000000
103515  -41.144  -31.830  -24.611 0.6000000238
40917  -40.498  -31.345  -23.138 0.5000000000
40907  -40.603  -31.245  -22.199 0.5000000000
40901  -40.897  -31.173  -21.440 0.5000000000
42601  -37.172  -30.057  -24.928 0.5000000000
96500  -37.844  -30.548  -25.078 0.5000000000
41817  -38.669  -30.729  -25.679 0.6999999881
94216  -41.693  -31.104  -25.486 0.6000000238
41809  -41.266  -31.214  -24.867 0.6000000238
41808  -40.873  -30.714  -24.397 0.6000000238
42580  -40.164  -29.129  -22.665 0.5000000000
41788  -40.358  -30.537  -22.698 0.5000000000
42600  -36.442  -30.046  -24.631 0.5000000000
41826  -39.102  -30.099  -26.139 0.6000000238
88761  -40.290  -29.845  -22.400 0.5000000000
41829  -42.465  -30.790  -26.477 0.6000000238
44249  -40.118  -27.921  -22.093 0.5000000000
41836  -40.159  -30.202  -27.263 0.6999999881
103513  -40.272  -27.487  -21.718 0.5000000000
44238  -40.151  -26.582  -21.726 0.6000000238
44992  -39.863  -26.498  -22.469 0.4000000060
45712  -40.080  -25.906  -21.812 0.5000000000
104249  -44.043  -31.212  -28.963 0.6999999881
92422  -43.619  -31.354  -27.993 0.6999999881
40960  -44.382  -31.705  -30.379 0.6999999881
45713  -40.391  -25.402  -21.290 0.5000000000
47865  -41.265  -22.385  -20.304 0.4000000060
48661  -41.683  -21.540  -20.041 0.4000000060
41850  -44.405  -30.714  -31.126 0.6999999881
47867  -42.729  -22.563  -19.675 0.4000000060
42653  -44.036  -30.121  -31.667 0.6999999881
42645  -41.911  -30.217  -30.438 0.6999999881
47149  -44.693  -23.073  -20.700 0.5000000000
47156  -45.301  -23.048  -21.171 0.5000000000
41793  -40.479  -30.613  -23.614 0.5000000000
41819  -41.336  -30.357  -25.068 0.6000000238
42602  -40.650  -29.983  -24.244 0.5000000000
42587  -40.280  -29.721  -23.281 0.5000000000
42618  -36.823  -29.416  -25.194 0.6000000238
43437  -38.007  -29.245  -25.825 0.6000000238
41828  -41.970  -30.540  -25.836 0.6000000238
43414  -40.058  -28.777  -23.410 0.5000000000
98583  -38.698  -29.302  -26.279 0.6000000238
94782  -42.207  -29.964  -26.357 0.5000000000
42622  -41.669  -29.707  -25.657 0.5000000000
43407  -39.906  -28.337  -22.806 0.5000000000
103683  -39.770  -27.418  -22.863 0.5000000000
42627  -39.555  -29.519  -26.907 0.6999999881
42637  -42.335  -29.391  -27.067 0.6000000238
44248  -40.019  -27.176  -22.011 0.5000000000
45003  -39.702  -26.617  -23.358 0.6000000238
45722  -39.885  -25.638  -22.560 0.5000000000
42635  -40.269  -29.541  -27.729 0.6999999881
41843  -43.671  -30.402  -28.321 0.6999999881
47163  -40.115  -23.397  -22.297 0.5000000000
47890  -40.310  -22.728  -21.685 0.4000000060
42636  -40.656  -29.726  -28.501 0.6999999881
41844  -44.208  -30.532  -29.616 0.6999999881
42647  -44.262  -29.750  -30.390 0.6999999881
46469  -39.945  -25.083  -21.898 0.5000000000
47154  -40.340  -23.662  -21.525 0.5000000000
98946  -40.576  -22.080  -21.071 0.4000000060
97791  -41.040  -30.368  -29.223 0.6999999881
40966  -44.338  -31.525  -31.586 0.6999999881
99772  -41.477  -20.943  -20.379 0.4000000060
48662  -42.133  -20.877  -19.993 0.4000000060
42644  -41.057  -29.491  -29.528 0.6999999881
42658  -43.548  -29.052  -31.482 0.6999999881
48649  -42.457  -21.614  -19.743 0.4000000060
49396  -42.935  -20.965  -19.857 0.4000000060
42651  -41.950  -29.232  -30.652 0.6999999881
97511  -42.679  -28.973  -31.260 0.6999999881
48650  -43.278  -21.726  -19.732 0.4000000060
48663  -43.680  -21.011  -20.003 0.4000000060
49408  -44.445  -20.995  -20.341 0.4000000060
47881  -45.052  -22.443  -20.803 0.5000000000
48664  -44.764  -21.732  -20.538 0.5000000000
42621  -40.937  -29.332  -24.966 0.5000000000
95557  -40.363  -29.137  -24.134 0.5000000000
103816  -40.552  -28.609  -24.698 0.5000000000
43422  -40.217  -28.306  -24.120 0.5000000000
44267  -39.752  -27.200  -23.763 0.5000000000
43436  -37.329  -28.848  -25.725 0.6000000238
43447  -38.048  -28.508  -26.442 0.6000000238
43450  -41.197  -28.466  -26.180 0.5000000000
43421  -39.894  -27.956  -23.514 0.5000000000
43448  -39.014  -28.542  -26.886 0.6999999881
94066  -41.797  -29.165  -26.290 0.5000000000
102306  -39.635  -26.543  -24.007 0.6000000238
93673  -39.796  -26.046  -23.096 0.5000000000
43460  -41.910  -28.451  -27.038 0.6000000238
43461  -42.658  -28.825  -27.626 0.6999999881
46480  -39.914  -24.861  -22.729 0.5000000000
91836  -40.241  -21.706  -21.955 0.4000000060
43458  -39.627  -28.688  -27.716 0.6999999881
43467  -43.404  -28.747  -28.591 0.8000000119
47162  -39.978  -24.040  -22.883 0.5000000000
48682  -40.537  -21.190  -21.292 0.4000000060
48660  -41.006  -21.467  -20.621 0.4000000060
49404  -41.590  -20.212  -20.416 0.4000000060
44314  -43.503  -27.386  -29.603 0.6000000238
49405  -42.599  -20.249  -20.092 0.4000000060
42654  -44.165  -29.949  -31.472 0.6999999881
98810  -44.014  -28.997  -31.392 0.6999999881
99130  -44.301  -27.501  -30.944 0.6000000238
44318  -43.932  -26.712  -30.276 0.6000000238
43472  -41.906  -28.396  -31.028 0.6999999881
43477  -42.868  -28.312  -31.639 0.6000000238
43478  -43.707  -28.174  -31.693 0.6999999881
44323  -44.108  -26.828  -31.382 0.6000000238
45063  -44.374  -26.480  -30.989 0.6000000238
49406  -43.313  -20.441  -20.064 0.4000000060
43471  -41.089  -28.553  -29.883 0.6999999881
45794  -43.995  -25.319  -30.995 0.6000000238
45790  -44.136  -25.049  -30.392 0.6000000238
46535  -43.761  -24.578  -30.399 0.6000000238
48665  -45.365  -21.894  -20.904 0.5000000000
48683  -45.907  -21.704  -21.239 0.5000000000
44268  -40.041  -27.630  -24.173 0.6000000238
43435  -36.455  -28.672  -25.713 0.5000000000
43438  -40.810  -28.505  -25.381 0.5000000000
44283  -40.381  -27.807  -24.874 0.6000000238
44282  -39.864  -26.942  -24.592 0.6000000238
44296  -38.415  -28.063  -27.109 0.6000000238
44307  -38.954  -27.969  -27.674 0.6000000238
43449  -40.559  -27.779  -25.876 0.6000000238
91514  -39.632  -26.001  -23.768 0.5000000000
45757  -39.662  -25.331  -24.177 0.5000000000
45740  -39.795  -25.427  -23.339 0.5000000000
94665  -38.073  -27.638  -27.744 0.6000000238
44310  -38.544  -27.449  -28.530 0.6000000238
44298  -41.079  -27.675  -26.759 0.6000000238
45051  -40.952  -26.695  -27.399 0.6000000238
47169  -40.125  -23.891  -23.793 0.5000000000
47907  -40.325  -22.399  -23.475 0.5000000000
44312  -40.338  -28.100  -29.431 0.6999999881
95632  -38.970  -27.352  -29.195 0.6000000238
43466  -42.524  -28.181  -28.017 0.6999999881
44308  -41.728  -27.543  -27.714 0.6000000238
47170  -40.139  -23.228  -23.136 0.5000000000
47900  -40.212  -22.516  -22.576 0.5000000000
49424  -40.384  -20.359  -21.392 0.4000000060
49403  -40.901  -20.685  -20.837 0.4000000060
50128  -41.320  -19.533  -20.648 0.4000000060
43473  -43.889  -28.245  -29.804 0.6999999881
45787  -42.199  -25.064  -28.662 0.6999999881
95951  -39.825  -24.506  -24.603 0.5000000000
47180  -40.252  -23.074  -24.083 0.5000000000
50129  -42.242  -19.437  -20.428 0.4000000060
44315  -40.003  -26.809  -30.244 0.6000000238
45061  -43.611  -25.070  -29.568 0.6000000238
46522  -42.008  -24.209  -28.289 0.6999999881
44316  -40.974  -27.583  -30.474 0.6999999881
44319  -41.934  -27.092  -31.359 0.6000000238
45067  -43.593  -26.825  -31.559 0.6000000238
46528  -43.275  -24.095  -29.168 0.6000000238
47204  -43.007  -23.137  -28.575 0.6000000238
50130  -43.299  -19.772  -20.277 0.4000000060
88497  -42.128  -26.067  -31.453 0.6000000238
45069  -43.338  -25.942  -31.445 0.6000000238
47205  -43.393  -23.451  -29.347 0.6000000238
47938  -43.392  -22.615  -28.870 0.6000000238
50131  -44.176  -19.517  -20.598 0.4000000060
47213  -43.433  -23.766  -29.797 0.6000000238
47210  -43.336  -23.057  -29.290 0.6000000238
50132  -44.769  -20.249  -20.669 0.5000000000
49425  -45.318  -21.084  -20.781 0.5000000000
50146  -46.038  -19.837  -21.615 0.5000000000
91927  -40.184  -27.041  -25.471 0.6000000238
44297  -40.478  -26.978  -26.338 0.6000000238
45027  -39.927  -26.248  -25.228 0.6000000238
45765  -39.704  -25.309  -25.087 0.5000000000
89199  -37.049  -27.600  -27.754 0.6000000238
45042  -40.450  -26.126  -26.603 0.6000000238
90405  -40.227  -21.675  -22.939 0.5000000000
49439  -40.155  -20.908  -22.464 0.4000000060
44309  -37.667  -27.223  -28.379 0.6000000238
45054  -38.307  -26.856  -29.070 0.6000000238
89531  -40.744  -25.797  -27.403 0.6000000238
46512  -40.166  -24.772  -25.824 0.5000000000
88909  -40.770  -22.467  -26.145 0.5000000000
47191  -40.380  -22.929  -25.193 0.5000000000
47915  -40.511  -22.241  -24.469 0.5000000000
105988  -40.227  -20.857  -21.801 0.4000000060
50127  -40.758  -19.886  -20.919 0.4000000060
45056  -41.326  -25.881  -28.160 0.6999999881
90582  -41.002  -24.377  -27.512 0.5000000000
47190  -40.029  -23.941  -25.494 0.5000000000
47179  -40.125  -23.696  -24.615 0.5000000000
50868  -42.140  -18.570  -20.659 0.4000000060
48721  -43.251  -21.569  -27.887 0.6000000238
45064  -40.215  -25.999  -30.394 0.6000000238
46533  -41.624  -24.399  -30.622 0.6000000238
47930  -43.369  -21.616  -28.242 0.6000000238
50869  -43.313  -18.862  -20.588 0.4000000060
43459  -40.353  -28.864  -28.681 0.6999999881
105389  -43.696  -18.285  -20.800 0.4000000060
46534  -42.931  -24.181  -30.468 0.6000000238
47209  -42.972  -23.017  -29.648 0.6000000238
50145  -45.479  -20.260  -21.091 0.5000000000
50144  -45.112  -19.439  -21.165 0.4000000060
50163  -46.440  -19.147  -22.385 0.4000000060
45028  -40.241  -26.416  -25.868 0.6000000238
49457  -40.494  -20.843  -24.508 0.5000000000
48698  -40.465  -21.629  -23.901 0.5000000000
49448  -40.263  -20.904  -23.417 0.5000000000
94514  -40.072  -20.179  -22.022 0.4000000060
45059  -38.978  -26.152  -29.425 0.6000000238
45775  -40.539  -25.107  -26.805 0.6000000238
88702  -40.771  -21.845  -25.600 0.5000000000
48707  -40.578  -21.498  -24.831 0.5000000000
50143  -40.223  -19.429  -21.537 0.4000000060
50866  -40.804  -19.132  -20.949 0.4000000060
45055  -39.212  -26.840  -29.613 0.6000000238
47195  -41.202  -22.725  -27.044 0.5000000000
101350  -41.495  -19.019  -20.683 0.4000000060
45788  -39.657  -25.561  -29.830 0.6000000238
45789  -40.422  -25.050  -30.323 0.6000000238
46531  -40.600  -24.255  -30.169 0.6000000238
48722  -43.148  -21.066  -27.894 0.6000000238
50877  -43.983  -17.772  -21.103 0.4000000060
47208  -41.870  -22.971  -29.897 0.6000000238
48730  -43.243  -21.439  -28.395 0.6000000238
50870  -44.358  -18.634  -20.971 0.4000000060
47212  -42.422  -23.607  -30.220 0.6000000238
47944  -42.537  -22.356  -29.420 0.6000000238
48736  -43.144  -21.788  -28.952 0.6000000238
50879  -45.161  -18.621  -21.572 0.4000000060
51630  -45.702  -17.938  -22.518 0.3000000119
50162  -45.689  -19.104  -21.798 0.5000000000
50897  -45.739  -18.529  -22.222 0.4000000060
51631  -46.396  -18.269  -22.898 0.3000000119
94754  -40.311  -20.113  -23.973 0.5000000000
50161  -39.980  -19.404  -22.409 0.5000000000
99322  -39.965  -18.590  -22.032 0.5000000000
48713  -40.974  -20.852  -25.618 0.5000000000
96306  -40.890  -19.915  -25.206 0.6000000238
50875  -40.487  -18.519  -21.406 0.5000000000
50876  -40.863  -17.741  -21.247 0.4000000060
46530  -39.886  -24.600  -29.702 0.6000000238
47207  -40.185  -23.599  -29.750 0.6000000238
49465  -42.066  -20.669  -26.533 0.6000000238
50867  -41.168  -18.447  -20.884 0.4000000060
51606  -41.770  -17.807  -20.899 0.4000000060
48718  -42.689  -21.177  -27.342 0.6999999881
51613  -43.235  -17.232  -21.144 0.3000000119
48734  -40.330  -21.953  -29.324 0.6000000238
49472  -42.770  -20.627  -27.561 0.6000000238
52412  -43.903  -16.940  -21.502 0.3000000119
106312  -40.891  -23.000  -29.837 0.6000000238
47943  -41.221  -22.289  -29.515 0.6000000238
49482  -42.968  -20.839  -28.067 0.6000000238
48735  -42.129  -21.736  -29.106 0.6000000238
48729  -42.747  -21.243  -28.602 0.6000000238
49470  -41.582  -20.171  -27.689 0.6000000238
50878  -44.694  -18.104  -21.468 0.3000000119
51615  -45.239  -17.981  -21.952 0.3000000119
51629  -45.282  -17.301  -22.406 0.3000000119
51644  -45.973  -17.517  -23.025 0.3000000119
50179  -40.514  -19.303  -24.429 0.5000000000
50905  -40.020  -18.670  -22.974 0.5000000000
49462  -41.850  -20.036  -26.045 0.6000000238
50187  -41.203  -19.030  -25.289 0.6000000238
88442  -40.287  -17.742  -21.815 0.4000000060
51611  -41.444  -17.090  -21.233 0.4000000060
46529  -39.304  -24.025  -29.326 0.6000000238
47206  -39.425  -23.186  -29.435 0.6000000238
49466  -42.350  -19.958  -26.606 0.6000000238
51612  -42.379  -17.179  -21.106 0.3000000119
47942  -40.066  -22.544  -29.581 0.6000000238
47937  -39.560  -21.870  -29.184 0.6000000238
96661  -40.252  -21.482  -28.761 0.6000000238
49471  -42.484  -20.372  -27.590 0.6000000238
104492  -41.045  -21.737  -29.126 0.6000000238
48728  -41.562  -21.285  -28.643 0.6000000238
49480  -40.910  -20.867  -28.121 0.6000000238
51614  -44.655  -17.468  -21.720 0.3000000119
53216  -45.020  -16.560  -22.766 0.3000000119
52443  -45.565  -16.945  -23.092 0.3000000119
52444  -46.209  -16.931  -23.719 0.3000000119
50912  -40.838  -18.477  -24.791 0.6000000238
104176  -40.308  -18.777  -23.861 0.5000000000
51643  -40.221  -17.109  -23.450 0.5000000000
50896  -40.142  -17.835  -22.675 0.4000000060
50188  -42.026  -19.304  -25.990 0.6000000238
106007  -40.343  -16.422  -21.991 0.4000000060
51610  -40.643  -16.868  -21.655 0.4000000060
50922  -41.949  -18.970  -26.183 0.6000000238
52409  -41.328  -16.323  -21.452 0.4000000060
52410  -42.007  -16.609  -21.262 0.3000000119
47936  -39.071  -22.488  -29.246 0.6000000238
50929  -41.727  -19.137  -26.599 0.6000000238
48727  -39.139  -21.400  -28.717 0.6000000238
50197  -42.093  -19.732  -27.180 0.6000000238
53203  -43.264  -15.532  -21.621 0.3000000119
53204  -43.895  -16.087  -21.759 0.3000000119
49479  -39.679  -21.078  -28.043 0.6000000238
49469  -40.303  -20.321  -27.641 0.6000000238
53215  -44.470  -15.947  -22.390 0.3000000119
89071  -45.451  -16.357  -23.442 0.3000000119
89026  -41.135  -17.716  -25.125 0.6000000238
88991  -40.168  -16.900  -22.360 0.4000000060
50921  -41.621  -18.408  -25.763 0.6000000238
52424  -40.189  -16.046  -22.465 0.4000000060
52408  -40.645  -15.922  -21.876 0.4000000060
53201  -41.426  -15.431  -21.562 0.4000000060
53202  -42.429  -15.444  -21.476 0.3000000119
88759  -38.678  -21.788  -28.957 0.6000000238
53940  -41.975  -14.644  -21.555 0.3000000119
90035  -38.258  -21.205  -28.750 0.6000000238
50928  -40.856  -18.638  -26.648 0.6000000238
53941  -42.990  -14.672  -21.684 0.3000000119
50196  -40.946  -19.424  -27.223 0.6000000238
50204  -39.143  -20.394  -27.737 0.6000000238
50195  -39.599  -19.690  -27.306 0.6000000238
102184  -41.066  -17.104  -25.317 0.6000000238
88692  -40.401  -16.463  -24.190 0.4000000060
52442  -40.120  -16.309  -23.220 0.4000000060
51669  -40.917  -17.321  -26.086 0.5000000000
90731  -41.273  -17.570  -25.743 0.5000000000
53200  -40.729  -15.148  -21.936 0.4000000060
50925  -41.490  -18.261  -26.095 0.5000000000
53939  -41.113  -14.622  -21.774 0.3000000119
50924  -40.707  -17.890  -26.408 0.5000000000
54670  -41.470  -13.963  -21.785 0.3000000119
49477  -37.790  -20.654  -28.592 0.6000000238
102589  -39.923  -19.037  -26.934 0.5000000000
49478  -38.667  -20.808  -28.387 0.6000000238
50203  -38.169  -20.050  -28.176 0.6000000238
50194  -38.726  -19.753  -27.555 0.6000000238
89972  -38.804  -19.057  -26.969 0.6000000238
50935  -37.530  -18.676  -28.128 0.5000000000
50936  -38.109  -19.171  -27.950 0.5000000000
51660  -40.813  -16.758  -25.742 0.4000000060
52461  -40.663  -15.925  -25.453 0.3000000119
52453  -40.773  -15.841  -24.842 0.4000000060
106520  -40.224  -15.854  -23.897 0.4000000060
53230  -39.983  -15.473  -23.185 0.3000000119
53979  -40.310  -14.242  -24.064 0.3000000119
53966  -39.950  -14.562  -23.151 0.3000000119
53213  -40.210  -15.277  -22.462 0.3000000119
51668  -40.040  -17.189  -26.411 0.5000000000
54696  -40.168  -13.522  -23.397 0.3000000119
53938  -40.455  -14.586  -22.318 0.3000000119
51674  -39.709  -18.204  -26.722 0.5000000000
54684  -42.876  -13.140  -22.158 0.3000000119
52473  -40.195  -16.027  -26.015 0.3000000119
53253  -40.646  -15.174  -25.150 0.3000000119
52472  -39.753  -16.216  -26.329 0.3000000119
94853  -40.454  -15.093  -24.286 0.3000000119
53263  -39.029  -15.639  -26.600 0.3000000119
103483  -39.188  -17.462  -26.636 0.4000000060
54681  -40.303  -13.865  -22.661 0.3000000119
54682  -40.865  -13.449  -22.192 0.3000000119
51673  -38.606  -18.073  -26.865 0.5000000000
55375  -42.023  -12.430  -22.323 0.3000000119
51672  -37.278  -18.027  -27.946 0.4000000060
50927  -38.037  -18.435  -27.591 0.5000000000
53264  -39.446  -14.892  -26.349 0.3000000119
53265  -40.135  -14.957  -25.730 0.3000000119
54000  -40.387  -14.176  -25.884 0.3000000119
102495  -39.020  -14.701  -26.639 0.3000000119
53989  -40.641  -14.391  -25.083 0.3000000119
94311  -40.346  -13.006  -24.168 0.3000000119
52471  -38.460  -16.173  -26.978 0.3000000119
55373  -40.284  -13.004  -22.769 0.3000000119
52479  -37.778  -16.679  -27.445 0.3000000119
88382  -38.536  -17.137  -26.939 0.4000000060
56080  -40.455  -12.181  -22.892 0.3000000119
92852  -41.186  -11.834  -22.603 0.3000000119
101232  -37.887  -17.593  -27.469 0.4000000060
56081  -42.215  -11.605  -22.628 0.3000000119
55376  -42.991  -12.291  -22.655 0.3000000119
56094  -43.208  -11.504  -23.098 0.3000000119
53998  -39.479  -13.552  -26.946 0.3000000119
54716  -40.649  -13.750  -26.086 0.3000000119
55396  -40.710  -12.965  -25.528 0.3000000119
53273  -37.642  -15.758  -27.427 0.3000000119
53274  -38.399  -15.134  -27.011 0.3000000119
104373  -40.327  -12.427  -24.280 0.3000000119
94091  -40.291  -11.763  -23.727 0.3000000119
56092  -40.656  -11.354  -23.164 0.3000000119
56741  -41.418  -10.966  -22.813 0.3000000119
52483  -36.112  -16.900  -28.129 0.4000000060
56093  -42.514  -10.762  -22.919 0.3000000119
105373  -44.040  -10.900  -24.017 0.3000000119
54723  -40.293  -13.832  -27.705 0.3000000119
54724  -40.648  -14.054  -28.032 0.3000000119
54725  -41.111  -13.966  -27.333 0.3000000119
54007  -38.961  -14.086  -26.838 0.3000000119
55415  -41.485  -13.319  -28.285 0.3000000119
55407  -41.483  -13.344  -27.481 0.3000000119
91426  -37.438  -14.910  -27.491 0.3000000119
54006  -38.199  -14.205  -27.171 0.3000000119
97827  -41.323  -12.342  -27.008 0.3000000119
56115  -40.914  -11.325  -26.224 0.3000000119
56104  -40.288  -11.086  -24.515 0.3000000119
52478  -36.817  -16.272  -27.798 0.4000000060
103372  -40.273  -10.969  -23.754 0.3000000119
94111  -40.710  -10.414  -23.489 0.3000000119
102559  -35.968  -16.209  -28.198 0.4000000060
56749  -42.789  -10.011  -23.293 0.3000000119
52482  -35.285  -16.534  -28.444 0.4000000060
56750  -43.452  -10.698  -23.548 0.3000000119
56762  -44.026  -10.282  -24.247 0.3000000119
54732  -40.864  -13.437  -28.289 0.3000000119
54731  -39.270  -13.590  -27.039 0.3000000119
96129  -42.102  -12.597  -28.612 0.3000000119
98905  -37.182  -14.074  -27.607 0.3000000119
100136  -40.112  -10.320  -24.099 0.3000000119
57446  -41.211  -9.495  -23.570 0.3000000119
57447  -42.208  -9.370  -23.446 0.3000000119
91074  -34.687  -16.135  -28.585 0.3000000119
56761  -43.412  -9.948  -23.727 0.3000000119
57459  -44.286  -9.564  -24.760 0.3000000119
57473  -44.696  -9.618  -25.514 0.3000000119
54730  -38.098  -13.416  -27.337 0.3000000119
55425  -40.890  -12.567  -29.035 0.3000000119
56136  -41.719  -11.924  -28.924 0.3000000119
54729  -36.927  -13.184  -27.648 0.3000000119
56124  -41.902  -11.573  -28.084 0.3000000119
56773  -41.191  -10.660  -27.136 0.3000000119
56760  -40.397  -10.449  -25.287 0.3000000119
57457  -40.229  -9.692  -24.662 0.3000000119
57445  -40.341  -9.628  -23.969 0.3000000119
58160  -41.736  -8.652  -23.702 0.3000000119
58161  -42.537  -8.705  -23.789 0.3000000119
58173  -42.103  -7.944  -24.028 0.3000000119
99193  -43.181  -8.909  -24.093 0.3000000119
57458  -43.590  -9.496  -24.211 0.3000000119
58175  -43.739  -8.874  -24.652 0.3000000119
96494  -44.370  -8.977  -25.182 0.3000000119
58190  -44.646  -8.937  -25.866 0.3000000119
55423  -37.782  -12.563  -27.484 0.3000000119
55424  -39.301  -12.789  -27.341 0.3000000119
55426  -41.543  -12.569  -29.045 0.3000000119
100848  -38.471  -12.029  -27.468 0.3000000119
56135  -41.248  -11.952  -29.158 0.3000000119
55434  -35.947  -12.905  -27.980 0.3000000119
54740  -35.131  -13.514  -28.481 0.3000000119
58158  -40.394  -9.068  -24.426 0.3000000119
58890  -42.562  -7.204  -24.808 0.3000000119
58189  -43.975  -8.060  -25.208 0.3000000119
56131  -36.265  -11.410  -27.695 0.3000000119
56146  -35.362  -11.280  -28.150 0.3000000119
95308  -35.001  -11.885  -28.422 0.3000000119
55421  -35.731  -12.072  -28.049 0.3000000119
55422  -36.634  -12.300  -27.666 0.3000000119
95872  -34.243  -12.162  -28.592 0.3000000119
55433  -35.091  -12.579  -28.434 0.3000000119
105381  -39.832  -24.631  -25.244 0.5000000000
47199  -41.699  -23.533  -27.647 0.6999999881
88272  -40.513  -23.217  -26.100 0.5000000000
47928  -42.520  -22.705  -27.773 0.6000000238
44311  -39.770  -27.427  -29.626 0.6000000238
41849  -43.999  -31.070  -32.016 0.6999999881
19872  -38.509  -60.581  -25.191 0.3000000119
20699  -38.944  -60.038  -25.190 0.3000000119
20700  -39.560  -59.827  -25.425 0.3000000119
20701  -40.227  -59.345  -25.706 0.3000000119
20711  -41.677  -59.372  -26.469 0.4000000060
20712  -42.708  -59.081  -26.697 0.4000000060
21481  -43.429  -58.381  -26.311 0.4000000060
21470  -44.457  -57.867  -25.846 0.4000000060
22212  -45.452  -57.322  -25.606 0.4000000060
23485  -45.649  -55.721  -24.012 0.4000000060
22867  -45.752  -56.631  -25.164 0.4000000060
24164  -45.303  -54.354  -23.582 0.4000000060
26528  -45.007  -51.147  -25.102 0.4000000060
27282  -39.164  -50.674  -17.834 0.3000000119
28002  -39.764  -49.716  -17.541 0.3000000119
90383  -40.382  -49.490  -17.392 0.3000000119
27355  -44.682  -49.966  -25.603 0.5000000000
28670  -42.745  -47.779  -18.057 0.3000000119
30119  -43.585  -46.907  -18.905 0.3000000119
28078  -45.114  -48.714  -27.755 0.5000000000
28726  -44.376  -47.804  -26.837 0.5000000000
34385  -46.339  -40.642  -26.181 0.3000000119
96024  -45.914  -41.432  -25.886 0.3000000119
34395  -46.138  -41.014  -27.479 0.3000000119
28736  -42.226  -47.967  -26.051 0.6000000238
34400  -44.672  -41.149  -28.771 0.4000000060
35139  -44.886  -40.098  -28.616 0.4000000060
35848  -45.288  -39.055  -27.546 0.4000000060
36547  -46.631  -37.626  -26.799 0.4000000060
32931  -33.597  -41.647  -23.115 0.4000000060
32950  -33.928  -42.335  -23.663 0.5000000000
33625  -34.273  -41.640  -23.953 0.5000000000
104345  -39.465  -46.398  -26.092 0.6999999881
38853  -47.333  -34.617  -25.858 0.4000000060
30877  -39.205  -45.240  -26.540 0.6999999881
39500  -47.286  -33.154  -25.588 0.4000000060
96599  -35.250  -38.629  -25.096 0.5000000000
35113  -35.246  -39.346  -25.421 0.5000000000
36542  -36.866  -37.662  -26.846 0.6000000238
36541  -36.009  -37.884  -26.369 0.6000000238
32964  -38.222  -42.457  -24.638 0.8000000119
32249  -38.084  -43.153  -24.303 0.6999999881
33639  -38.618  -42.049  -25.382 0.8000000119
31542  -39.201  -44.608  -25.977 0.6999999881
40179  -47.173  -32.424  -25.219 0.4000000060
35115  -39.047  -39.931  -26.154 0.8000000119
33650  -39.103  -41.996  -26.531 0.8000000119
40178  -46.709  -32.368  -24.429 0.4000000060
38196  -39.305  -36.221  -28.463 0.6999999881
34381  -39.244  -40.502  -26.862 0.8000000119
38202  -40.317  -36.606  -28.974 0.6999999881
37410  -40.825  -37.375  -28.808 0.6999999881
35128  -39.433  -39.218  -27.263 0.8000000119
37401  -40.964  -37.294  -28.784 0.6999999881
42589  -46.396  -29.743  -23.635 0.3000000119
44240  -43.505  -27.355  -20.832 0.4000000060
106599  -45.076  -28.492  -22.253 0.4000000060
42583  -45.820  -29.784  -22.912 0.4000000060
44983  -43.710  -26.526  -20.831 0.4000000060
44241  -44.106  -27.099  -21.320 0.4000000060
42581  -44.776  -28.750  -21.795 0.4000000060
45714  -44.074  -25.800  -20.945 0.4000000060
46459  -42.409  -25.085  -20.357 0.5000000000
47133  -42.436  -23.527  -19.893 0.4000000060
96633  -43.776  -24.153  -20.511 0.5000000000
46471  -44.401  -25.109  -21.391 0.5000000000
46472  -44.851  -24.528  -21.691 0.4000000060
46457  -40.790  -24.957  -20.795 0.5000000000
47146  -40.766  -24.040  -20.827 0.5000000000
47147  -41.478  -23.522  -20.284 0.4000000060
106385  -45.576  -23.516  -21.497 0.5000000000
47891  -45.660  -22.431  -21.210 0.5000000000
48684  -46.659  -21.562  -21.576 0.5000000000
43434  -35.517  -28.603  -25.772 0.5000000000
105299  -46.456  -20.330  -21.717 0.5000000000
44305  -35.377  -27.555  -28.033 0.6000000238
44294  -36.077  -27.812  -27.510 0.6000000238
50906  -47.051  -18.287  -23.552 0.3000000119
45053  -37.357  -26.457  -28.600 0.6000000238
45785  -38.167  -25.956  -28.901 0.6000000238
45786  -39.110  -25.097  -28.957 0.6000000238
51645  -46.685  -17.722  -23.607 0.3000000119
52445  -47.029  -17.310  -24.307 0.3000000119
104125  -38.630  -24.311  -28.903 0.6000000238
104000  -38.533  -23.377  -29.116 0.6000000238
102579  -37.394  -21.141  -28.698 0.6000000238
89179  -37.336  -20.125  -28.483 0.6000000238
49476  -36.920  -20.618  -28.623 0.6000000238
50202  -37.299  -19.347  -28.355 0.5000000000
51679  -36.359  -17.726  -28.156 0.4000000060
58172  -41.239  -8.041  -24.073 0.3000000119
58903  -43.560  -7.105  -25.422 0.3000000119
58904  -44.314  -7.345  -25.959 0.3000000119
58199  -44.784  -8.151  -26.145 0.3000000119
55432  -33.370  -12.482  -28.680 0.3000000119
38192  -47.330  -35.347  -26.372 0.4000000060
46473  -45.530  -24.077  -21.764 0.5000000000
22846  -40.285  -56.002  -23.964 0.3000000119
22857  -42.661  -56.494  -24.379 0.4000000060
24160  -40.173  -54.689  -23.194 0.3000000119
26519  -43.972  -51.418  -23.882 0.4000000060
24961  -37.599  -53.742  -21.106 0.3000000119
24975  -42.690  -53.124  -22.835 0.4000000060
26487  -39.892  -51.255  -20.834 0.3000000119
28070  -44.495  -48.678  -26.048 0.4000000060
30118  -42.944  -46.470  -18.742 0.3000000119
30830  -42.379  -45.131  -19.327 0.3000000119
32917  -44.541  -42.702  -20.956 0.3000000119
33600  -44.619  -41.770  -21.921 0.3000000119
30829  -41.561  -45.192  -19.763 0.3000000119
30839  -41.371  -45.032  -20.768 0.3000000119
31483  -42.303  -44.584  -19.898 0.3000000119
34372  -46.418  -40.410  -24.929 0.3000000119
30865  -41.860  -45.255  -24.179 0.6000000238
34384  -45.492  -42.104  -26.782 0.4000000060
35138  -44.453  -40.806  -28.447 0.4000000060
30163  -40.070  -46.894  -24.903 0.6999999881
32953  -41.788  -43.775  -23.865 0.4000000060
31521  -38.725  -44.431  -23.353 0.6999999881
30878  -39.457  -46.022  -25.800 0.6999999881
36536  -45.828  -37.546  -25.345 0.4000000060
97908  -46.588  -35.839  -25.262 0.4000000060
38852  -47.011  -34.740  -25.195 0.4000000060
34354  -33.929  -40.884  -23.389 0.3000000119
32250  -38.267  -43.879  -23.787 0.6999999881
35810  -44.043  -38.351  -22.872 0.5000000000
32951  -37.756  -42.407  -23.787 0.6999999881
35079  -38.451  -39.593  -22.712 0.6999999881
33638  -37.899  -41.659  -24.319 0.6999999881
35839  -38.359  -39.150  -25.338 0.6999999881
38830  -45.851  -34.340  -23.172 0.4000000060
91765  -38.998  -39.240  -26.278 0.6999999881
99436  -39.474  -38.956  -26.815 0.6999999881
36544  -39.714  -38.383  -27.126 0.8000000119
38191  -41.095  -36.696  -28.061 0.6000000238
40932  -46.667  -31.498  -24.224 0.4000000060
41794  -46.617  -30.676  -23.915 0.3000000119
95098  -40.504  -36.838  -22.438 0.6000000238
38175  -40.293  -35.145  -25.102 0.6000000238
38203  -41.143  -36.691  -28.936 0.6999999881
38865  -42.649  -34.914  -29.464 0.6999999881
38864  -42.113  -35.508  -29.010 0.6999999881
36545  -39.591  -38.196  -27.641 0.8000000119
38863  -41.569  -36.054  -28.571 0.6999999881
37368  -41.235  -36.893  -21.923 0.4000000060
38813  -44.430  -34.057  -21.189 0.3000000119
40908  -45.588  -31.406  -21.922 0.3000000119
41789  -45.727  -30.650  -22.452 0.3000000119
92986  -41.335  -34.878  -21.867 0.5000000000
38811  -41.890  -34.835  -21.196 0.5000000000
40184  -38.854  -32.247  -25.865 0.6999999881
40138  -43.087  -32.475  -20.537 0.4000000060
40139  -43.819  -32.606  -20.712 0.4000000060
43391  -40.991  -28.215  -21.107 0.5000000000
97411  -44.324  -29.846  -21.251 0.4000000060
40903  -44.365  -31.085  -20.978 0.4000000060
43398  -44.180  -28.090  -21.307 0.4000000060
41818  -39.205  -30.843  -26.214 0.6999999881
41848  -43.014  -31.112  -31.237 0.8000000119
42628  -42.853  -30.416  -27.270 0.6999999881
45706  -41.434  -25.554  -20.499 0.5000000000
42652  -43.143  -29.951  -31.343 0.6999999881
91606  -44.066  -21.696  -20.035 0.5000000000
42617  -35.959  -29.260  -25.174 0.5000000000
46470  -40.341  -24.557  -21.405 0.5000000000
42638  -43.129  -29.531  -27.891 0.6999999881
47866  -41.912  -22.854  -19.820 0.4000000060
47878  -40.674  -23.062  -20.870 0.4000000060
43468  -44.123  -29.016  -29.762 0.8000000119
46481  -39.955  -24.255  -22.064 0.5000000000
43474  -44.295  -28.785  -31.038 0.6000000238
44322  -44.173  -27.068  -31.293 0.6000000238
49407  -43.963  -20.314  -20.303 0.4000000060
43446  -36.995  -28.110  -26.557 0.5000000000
43465  -39.486  -27.933  -28.720 0.6999999881
95334  -43.129  -27.989  -28.851 0.6999999881
45058  -43.167  -26.402  -29.345 0.6999999881
46532  -43.817  -24.276  -29.823 0.6000000238
45793  -42.890  -24.938  -31.186 0.6000000238
49426  -46.116  -20.792  -21.366 0.5000000000
45016  -39.651  -26.045  -24.485 0.6000000238
44313  -42.580  -27.378  -28.616 0.6999999881
45057  -42.322  -25.847  -28.791 0.6999999881
45782  -41.166  -25.094  -27.838 0.6999999881
45065  -40.987  -26.534  -30.847 0.6000000238
47929  -43.343  -22.145  -28.234 0.6000000238
45792  -41.238  -25.470  -30.950 0.6000000238
47939  -43.374  -21.977  -28.625 0.6000000238
46518  -40.580  -23.936  -26.674 0.5000000000
51607  -42.947  -17.927  -20.799 0.4000000060
47926  -42.640  -21.988  -27.442 0.6999999881
47211  -41.235  -23.603  -30.181 0.6000000238
93918  -40.133  -20.158  -22.899 0.4000000060
48717  -41.616  -21.677  -26.627 0.6999999881
105240  -41.247  -21.238  -26.151 0.6000000238
49481  -42.176  -20.692  -28.178 0.6000000238
50171  -40.139  -19.418  -23.392 0.5000000000
48719  -42.678  -20.477  -27.254 0.6000000238
52411  -42.904  -16.387  -21.373 0.3000000119
50192  -42.138  -19.588  -26.568 0.6000000238
49467  -42.562  -20.112  -27.095 0.6000000238
52425  -44.590  -16.716  -22.044 0.3000000119
89440  -40.355  -17.949  -23.911 0.6000000238
51649  -40.684  -17.118  -24.561 0.5000000000
89322  -40.926  -16.477  -25.098 0.4000000060
53950  -40.802  -14.086  -22.079 0.3000000119
54683  -41.795  -13.191  -21.930 0.3000000119
102292  -40.365  -16.718  -26.125 0.4000000060
103954  -39.203  -16.623  -26.588 0.4000000060
54708  -40.511  -13.685  -24.706 0.3000000119
55374  -40.968  -12.662  -22.361 0.3000000119
56095  -44.041  -11.519  -23.806 0.3000000119
53999  -39.954  -14.058  -26.615 0.3000000119
95663  -40.241  -12.608  -23.395 0.3000000119
51671  -37.052  -17.209  -27.821 0.4000000060
91428  -40.487  -11.971  -25.116 0.3000000119
56748  -41.814  -10.117  -23.097 0.3000000119
56774  -44.681  -10.289  -24.994 0.3000000119
56782  -41.249  -11.176  -27.997 0.3000000119
96285  -40.258  -9.015  -25.262 0.3000000119
58159  -40.879  -8.804  -23.953 0.3000000119
58174  -43.040  -8.232  -24.344 0.3000000119
58200  -45.148  -8.955  -26.508 0.3000000119
56134  -39.744  -11.822  -27.652 0.3000000119
56133  -38.493  -11.371  -27.491 0.3000000119
54739  -34.153  -12.934  -28.603 0.3000000119
55436  -32.999  -13.130  -28.749 0.3000000119
56144  -33.246  -11.801  -28.695 0.3000000119
22218  -45.627  -57.510  -26.245 0.4000000060
32261  -38.641  -43.958  -25.016 0.6999999881
35847  -39.518  -38.803  -27.303 0.8000000119
45715  -44.583  -25.903  -21.856 0.4000000060
105067  -36.516  -19.154  -28.393 0.5000000000
46460  -43.740  -24.946  -20.691 0.4000000060
46484  -48.397  -24.281  -22.666 0.3000000119
47164  -47.070  -23.820  -22.109 0.4000000060
47166  -48.927  -23.549  -22.657 0.3000000119
102023  -46.231  -23.671  -21.735 0.4000000060
47902  -48.604  -22.703  -22.550 0.3000000119
99051  -47.486  -22.999  -22.131 0.4000000060
101475  -47.991  -22.882  -22.360 0.3000000119
101218  -42.168  -24.230  -20.159 0.3000000119
47158  -46.753  -23.074  -21.734 0.4000000060
48685  -47.420  -21.403  -22.067 0.3000000119
47893  -47.145  -22.294  -21.795 0.4000000060
50165  -48.009  -19.839  -23.226 0.3000000119
49427  -46.856  -20.740  -21.854 0.4000000060
50164  -47.334  -19.552  -22.875 0.3000000119
45050  -36.906  -27.144  -28.383 0.5000000000
50898  -47.144  -18.845  -23.219 0.3000000119
49440  -46.762  -20.005  -22.188 0.3000000119
45780  -34.986  -26.114  -27.806 0.5000000000
94663  -35.544  -26.966  -28.332 0.5000000000
45781  -35.812  -25.920  -28.308 0.5000000000
45784  -37.506  -25.577  -28.593 0.5000000000
50907  -47.718  -18.542  -23.815 0.3000000119
46526  -37.218  -24.868  -28.481 0.5000000000
47203  -37.463  -23.269  -28.784 0.5000000000
47201  -35.454  -23.365  -28.442 0.5000000000
47935  -36.156  -22.455  -28.473 0.5000000000
94509  -36.110  -23.950  -28.360 0.5000000000
48726  -36.841  -21.723  -28.607 0.5000000000
47934  -35.067  -22.384  -28.533 0.4000000060
105905  -36.617  -21.122  -28.647 0.5000000000
48724  -34.727  -21.454  -28.600 0.4000000060
48725  -35.905  -21.627  -28.572 0.4000000060
49474  -34.679  -20.589  -28.600 0.5000000000
50201  -36.423  -19.858  -28.507 0.4000000060
50199  -34.295  -19.997  -28.609 0.5000000000
49475  -35.824  -20.741  -28.618 0.4000000060
49485  -33.688  -20.389  -28.646 0.3000000119
50200  -35.245  -19.926  -28.493 0.4000000060
50206  -33.341  -19.737  -28.725 0.3000000119
91829  -34.326  -19.197  -28.532 0.3000000119
50933  -34.864  -18.319  -28.334 0.3000000119
101097  -35.797  -18.198  -28.292 0.3000000119
50932  -32.978  -19.080  -28.722 0.3000000119
93447  -33.694  -18.367  -28.599 0.3000000119
51678  -35.282  -17.454  -28.347 0.3000000119
51677  -34.265  -17.695  -28.514 0.3000000119
88400  -34.193  -16.824  -28.573 0.3000000119
45047  -34.061  -26.405  -27.604 0.5000000000
89524  -48.601  -25.071  -23.278 0.3000000119
46474  -46.191  -24.339  -22.200 0.4000000060
45039  -33.250  -26.573  -27.262 0.4000000060
46521  -35.049  -24.981  -28.135 0.5000000000
88471  -34.208  -23.096  -28.445 0.5000000000
46458  -41.484  -24.562  -20.424 0.4000000060
88300  -43.035  -24.354  -20.267 0.4000000060
46482  -45.413  -24.738  -22.282 0.4000000060
47157  -46.003  -23.046  -21.458 0.4000000060
44306  -36.142  -27.396  -28.272 0.5000000000
45049  -36.356  -26.679  -28.468 0.5000000000
46527  -38.194  -24.994  -28.597 0.5000000000
92188  -37.779  -24.100  -28.757 0.5000000000
88257  -38.108  -22.477  -28.959 0.5000000000
88701  -37.759  -21.754  -28.740 0.5000000000
50934  -36.671  -18.565  -28.280 0.3000000119
46483  -47.645  -24.246  -22.479 0.4000000060
47165  -48.015  -23.543  -22.399 0.3000000119
45726  -46.918  -24.594  -22.601 0.4000000060
47901  -47.930  -22.197  -22.301 0.3000000119
49441  -47.560  -20.438  -22.594 0.3000000119
50172  -48.036  -19.200  -23.582 0.3000000119
45048  -34.829  -27.111  -27.891 0.5000000000
45783  -36.725  -25.731  -28.470 0.5000000000
46525  -36.187  -24.817  -28.347 0.5000000000
88277  -36.851  -24.045  -28.545 0.5000000000
88848  -37.136  -22.447  -28.643 0.5000000000
46524  -35.475  -24.245  -28.388 0.5000000000
47202  -36.513  -23.260  -28.466 0.4000000060
94189  -35.696  -19.015  -28.344 0.3000000119
45725  -45.957  -25.026  -22.983 0.4000000060
98411  -37.009  -40.026  -27.239 0.6999999881
35127  -39.409  -39.656  -26.959 0.6999999881
35137  -39.229  -39.486  -27.366 0.6999999881
35136  -38.652  -39.540  -27.603 0.6999999881
35846  -38.035  -39.008  -27.625 0.6999999881
36543  -37.902  -38.311  -27.557 0.6999999881
35852  -39.034  -38.929  -27.661 0.6999999881
37405  -38.668  -37.436  -27.913 0.6999999881
95764  -37.755  -37.344  -27.357 0.6999999881
43408  -44.898  -28.001  -21.979 0.3000000119
43409  -45.357  -28.026  -22.799 0.3000000119
44250  -44.610  -27.419  -21.729 0.3000000119
44259  -45.496  -27.093  -23.462 0.3000000119
105279  -44.944  -26.411  -22.374 0.3000000119
44251  -45.078  -27.169  -22.431 0.3000000119
89151  -40.169  -37.727  -28.301 0.6999999881
36550  -39.430  -37.821  -28.020 0.6999999881
44993  -44.614  -26.732  -21.843 0.3000000119
44994  -45.365  -26.453  -22.991 0.3000000119
45004  -45.727  -26.366  -23.843 0.3000000119
45741  -46.053  -25.699  -23.804 0.3000000119
104499  -40.283  -37.401  -28.776 0.6000000238
37406  -39.170  -37.113  -28.307 0.6999999881
44984  -44.220  -26.435  -21.325 0.3000000119
45724  -45.568  -25.752  -23.209 0.3000000119
90684  -44.885  -25.216  -22.149 0.3000000119
45742  -46.756  -25.223  -23.357 0.3000000119
45708  -43.245  -25.745  -20.566 0.3000000119
106574  -43.134  -25.040  -20.450 0.3000000119
96341  -39.174  -41.156  -26.530 0.6999999881
32976  -39.386  -42.740  -26.790 0.6999999881
90767  -39.058  -42.251  -27.069 0.6999999881
34389  -36.397  -40.666  -26.725 0.6999999881
33661  -39.094  -41.289  -27.044 0.6999999881
33660  -38.618  -41.394  -27.283 0.6999999881
34392  -39.151  -40.023  -27.336 0.6999999881
35126  -37.500  -39.434  -27.435 0.6999999881
99588  -36.005  -39.881  -26.609 0.6999999881
35125  -36.294  -39.266  -26.748 0.6999999881
42588  -45.993  -28.659  -23.369 0.3000000119
44260  -45.910  -26.916  -24.225 0.3000000119
45005  -46.409  -26.398  -24.610 0.3000000119
90482  -46.668  -25.806  -24.126 0.3000000119
46493  -47.679  -24.850  -22.909 0.3000000119
42582  -45.301  -29.066  -22.482 0.3000000119
45723  -45.097  -25.830  -22.581 0.3000000119
95157  -44.151  -51.992  -25.735 0.4000000060
26536  -44.186  -51.082  -26.919 0.4000000060
26544  -44.748  -50.374  -27.515 0.4000000060
26545  -45.138  -50.880  -26.656 0.4000000060
25781  -42.947  -51.744  -25.860 0.4000000060
28745  -44.480  -48.622  -27.796 0.5000000000
28084  -44.535  -49.023  -28.250 0.4000000060
27371  -44.562  -49.573  -28.272 0.4000000060
26543  -43.951  -50.397  -28.017 0.4000000060
104645  -45.079  -49.603  -27.617 0.4000000060
27369  -42.823  -49.627  -27.767 0.5000000000
96260  -43.219  -50.936  -26.814 0.4000000060
26535  -42.355  -51.126  -26.172 0.4000000060
28746  -44.957  -48.405  -27.722 0.4000000060
28744  -43.211  -48.507  -26.916 0.5000000000
27362  -41.705  -49.861  -26.793 0.5000000000
26526  -40.803  -51.919  -25.064 0.5000000000
28077  -42.210  -49.300  -27.202 0.5000000000
27354  -40.438  -51.206  -25.119 0.5000000000
26525  -39.710  -51.956  -24.625 0.5000000000
25771  -38.766  -52.475  -24.566 0.5000000000
27361  -40.609  -50.316  -25.561 0.5000000000
28076  -40.704  -49.392  -26.172 0.6000000238
27360  -39.883  -49.966  -25.294 0.5000000000
27353  -39.601  -50.815  -24.777 0.5000000000
27351  -37.885  -50.560  -24.665 0.6000000238
26524  -38.708  -51.558  -24.498 0.5000000000
97556  -36.822  -50.026  -25.278 0.5000000000
28735  -40.732  -48.212  -25.988 0.6000000238
105263  -40.327  -48.760  -26.161 0.6000000238
28068  -39.209  -50.123  -24.853 0.5000000000
27352  -38.612  -50.700  -24.595 0.6000000238
28066  -37.619  -49.975  -24.930 0.6000000238
28073  -36.554  -49.270  -25.775 0.5000000000
29410  -34.582  -47.990  -26.500 0.5000000000
28082  -35.736  -49.505  -26.320 0.5000000000
28731  -36.214  -48.555  -26.218 0.5000000000
29411  -35.826  -47.740  -26.494 0.5000000000
31540  -33.045  -44.138  -25.579 0.4000000060
92084  -39.838  -48.489  -25.991 0.6000000238
32265  -33.581  -43.442  -25.532 0.5000000000
98680  -39.824  -47.867  -26.040 0.6000000238
105913  -39.460  -49.268  -25.479 0.5000000000
31547  -32.404  -44.790  -25.955 0.5000000000
28734  -39.049  -48.430  -25.664 0.6000000238
28075  -38.336  -49.209  -25.225 0.6000000238
31548  -33.238  -44.577  -26.020 0.5000000000
28733  -38.068  -48.399  -25.498 0.6000000238
28732  -37.131  -48.426  -25.639 0.6000000238
28074  -37.399  -49.218  -25.315 0.5000000000
94518  -33.993  -47.327  -26.566 0.5000000000
29401  -36.802  -47.671  -26.008 0.5000000000
29412  -36.603  -46.969  -26.358 0.5000000000
31539  -32.466  -44.767  -25.710 0.4000000060
32260  -33.282  -43.358  -25.110 0.5000000000
30870  -32.191  -45.524  -25.451 0.4000000060
32974  -34.625  -42.385  -25.288 0.5000000000
32266  -34.393  -43.080  -25.718 0.5000000000
30171  -39.265  -46.634  -26.264 0.6000000238
31541  -33.811  -43.817  -26.015 0.5000000000
100863  -38.437  -46.965  -26.091 0.6000000238
29402  -37.764  -47.625  -25.719 0.6000000238
29413  -37.562  -46.941  -26.073 0.6000000238
93954  -35.048  -47.175  -26.524 0.5000000000
93691  -35.885  -46.946  -26.594 0.5000000000
30180  -35.419  -46.412  -26.586 0.5000000000
31532  -32.914  -43.932  -24.975 0.4000000060
32963  -34.327  -42.317  -24.520 0.5000000000
34379  -35.441  -40.950  -26.099 0.5000000000
32975  -35.056  -42.467  -25.734 0.5000000000
32984  -35.797  -42.269  -26.260 0.5000000000
30885  -39.207  -45.776  -26.532 0.6000000238
32267  -35.455  -42.976  -26.198 0.5000000000
30881  -33.724  -45.221  -26.207 0.5000000000
30183  -38.553  -46.295  -26.436 0.6000000238
95603  -38.455  -45.654  -26.702 0.6000000238
30179  -34.249  -46.581  -26.538 0.5000000000
30182  -37.439  -46.296  -26.406 0.5000000000
95691  -34.775  -45.669  -26.480 0.5000000000
31550  -35.775  -44.305  -26.577 0.5000000000
96256  -36.030  -45.724  -26.686 0.5000000000
34367  -34.954  -40.874  -25.337 0.5000000000
31553  -39.254  -44.358  -27.084 0.6000000238
96752  -36.413  -42.798  -26.612 0.5000000000
31549  -34.597  -44.624  -26.281 0.5000000000
95855  -37.162  -45.695  -26.594 0.5000000000
30882  -35.829  -45.012  -26.631 0.5000000000
31551  -37.124  -44.469  -26.787 0.5000000000
32962  -33.901  -42.929  -24.343 0.4000000060
97781  -35.289  -40.134  -26.002 0.4000000060
32248  -33.591  -43.555  -24.095 0.4000000060
34390  -37.843  -40.739  -27.409 0.6000000238
33659  -37.428  -41.442  -27.166 0.6000000238
32277  -39.202  -43.641  -27.169 0.6000000238
32275  -36.468  -43.580  -26.685 0.5000000000
104245  -38.866  -43.159  -27.337 0.6000000238
97126  -37.668  -42.929  -27.094 0.5000000000
33637  -34.655  -41.638  -24.854 0.5000000000
35838  -35.409  -38.856  -25.944 0.4000000060
106120  -35.673  -39.026  -26.313 0.5000000000
34368  -34.863  -39.941  -24.722 0.4000000060
103285  -37.935  -42.456  -27.250 0.5000000000
95198  -38.273  -42.070  -27.242 0.5000000000
27364  -45.146  -49.203  -27.058 0.4000000060
96715  -41.423  -48.696  -26.505 0.6000000238
92124  -39.699  -47.242  -26.056 0.6000000238
32965  -39.198  -42.833  -25.773 0.6000000238
32268  -39.379  -43.462  -26.689 0.6000000238
32987  -39.264  -43.028  -27.132 0.6000000238
32986  -38.695  -42.644  -27.298 0.6000000238
26534  -41.485  -50.872  -25.779 0.5000000000
28067  -38.518  -49.966  -24.852 0.6000000238
33648  -35.148  -41.709  -25.758 0.5000000000
29403  -38.908  -47.527  -25.939 0.6000000238
30181  -36.396  -46.339  -26.568 0.5000000000
30883  -36.795  -45.184  -26.683 0.5000000000
30884  -37.988  -45.067  -26.807 0.6000000238
31552  -38.875  -44.373  -27.160 0.6000000238
32276  -38.145  -43.708  -27.160 0.6000000238
33670  -44.980  -41.185  -29.181 0.3000000119
34394  -45.269  -41.436  -28.056 0.3000000119
34401  -45.571  -41.281  -29.038 0.3000000119
35858  -45.496  -39.957  -29.020 0.3000000119
34402  -46.535  -41.044  -29.205 0.3000000119
35149  -46.029  -40.337  -29.342 0.3000000119
35855  -47.075  -38.980  -29.108 0.3000000119
35853  -45.701  -39.219  -28.428 0.3000000119
35859  -46.242  -39.462  -29.051 0.3000000119
36551  -47.515  -37.958  -28.249 0.3000000119
35849  -46.168  -38.388  -27.496 0.3000000119
102093  -46.907  -37.910  -27.582 0.3000000119
40193  -47.703  -32.675  -26.903 0.3000000119
40186  -47.401  -32.492  -26.054 0.3000000119
40950  -47.674  -31.839  -26.598 0.3000000119
40933  -47.045  -31.634  -24.947 0.3000000119
90377  -47.415  -30.964  -25.423 0.3000000119
40941  -47.399  -31.749  -25.721 0.3000000119
105105  -47.029  -30.775  -24.686 0.3000000119
94144  -46.260  -41.230  -28.642 0.3000000119
34403  -47.499  -40.680  -29.299 0.3000000119
25772  -40.261  -52.765  -24.731 0.4000000060
35154  -47.418  -40.246  -29.518 0.3000000119
36553  -47.872  -38.492  -28.996 0.3000000119
92610  -47.369  -37.122  -27.247 0.3000000119
37402  -47.273  -36.151  -26.787 0.3000000119
39508  -47.451  -33.817  -26.137 0.3000000119
39516  -47.722  -33.545  -27.054 0.3000000119
40199  -47.893  -33.026  -27.937 0.3000000119
40194  -47.874  -32.014  -27.668 0.3000000119
41820  -47.823  -30.471  -25.822 0.3000000119
35150  -46.862  -39.899  -29.465 0.3000000119
37411  -48.239  -37.413  -28.517 0.3000000119
21463  -31.525  -58.382  -25.215 0.4000000060
22194  -31.654  -57.762  -24.654 0.3000000119
22851  -32.763  -56.707  -24.189 0.3000000119
22841  -32.303  -56.226  -23.727 0.3000000119
101912  -33.676  -49.824  -26.680 0.4000000060
27367  -34.210  -50.368  -26.797 0.4000000060
26540  -33.476  -51.161  -27.091 0.4000000060
26541  -35.246  -50.940  -26.796 0.4000000060
29409  -33.179  -47.954  -26.528 0.4000000060
96826  -33.791  -48.945  -26.570 0.4000000060
28081  -34.745  -49.591  -26.594 0.4000000060
28743  -35.243  -48.733  -26.467 0.4000000060
27368  -35.222  -50.159  -26.586 0.4000000060
27358  -36.460  -50.728  -25.759 0.4000000060
26542  -36.390  -51.491  -26.166 0.4000000060
29395  -32.989  -47.721  -24.428 0.3000000119
94897  -36.225  -49.968  -25.852 0.4000000060
106035  -31.911  -46.329  -25.589 0.3000000119
26532  -36.809  -51.400  -25.407 0.4000000060
101827  -32.515  -45.197  -26.162 0.4000000060
26547  -34.285  -51.835  -27.431 0.4000000060
105835  -35.841  -50.288  -26.311 0.4000000060
21482  -44.710  -58.354  -26.474 0.3000000119
21471  -44.979  -58.022  -25.981 0.3000000119
22213  -45.927  -56.975  -25.889 0.3000000119
22860  -45.988  -56.018  -24.704 0.3000000119
24190  -46.264  -54.669  -25.035 0.3000000119
23508  -44.389  -55.887  -26.376 0.3000000119
22874  -43.316  -56.395  -26.907 0.3000000119
23507  -42.844  -55.747  -26.329 0.3000000119
23496  -43.506  -55.224  -25.866 0.3000000119
23506  -41.732  -55.711  -26.377 0.3000000119
25009  -43.906  -53.409  -25.317 0.3000000119
24187  -42.743  -54.523  -25.476 0.3000000119
24175  -41.811  -54.155  -25.273 0.3000000119
25782  -43.042  -52.660  -25.360 0.3000000119
24998  -41.509  -53.459  -25.059 0.3000000119
24176  -46.280  -54.484  -24.444 0.3000000119
25774  -42.069  -52.633  -25.231 0.3000000119
24999  -42.440  -53.516  -25.202 0.3000000119
22876  -45.943  -56.483  -25.860 0.3000000119
20694  -38.983  -59.313  -25.076 0.3000000119
22203  -45.094  -56.954  -24.979 0.4000000060
22873  -42.264  -56.265  -26.963 0.3000000119
23467  -32.793  -55.574  -23.586 0.3000000119
23476  -45.956  -54.943  -23.874 0.4000000060
23486  -46.228  -55.264  -24.487 0.3000000119
23495  -42.208  -55.271  -25.812 0.3000000119
23499  -46.154  -55.590  -25.069 0.3000000119
23510  -45.997  -55.931  -25.481 0.3000000119
24165  -46.061  -54.278  -23.982 0.3000000119
24965  -41.299  -52.888  -22.372 0.3000000119
24974  -41.859  -53.237  -22.653 0.4000000060
25738  -39.952  -51.841  -21.108 0.3000000119
26523  -37.814  -51.271  -24.603 0.6000000238
26527  -41.736  -51.841  -25.496 0.3000000119
27283  -39.597  -50.446  -17.411 0.3000000119
27326  -40.340  -50.758  -21.269 0.3000000119
27363  -42.702  -50.318  -27.399 0.4000000060
27370  -43.757  -49.670  -28.311 0.4000000060
28023  -39.371  -49.191  -18.661 0.3000000119
28083  -43.584  -49.220  -28.068 0.4000000060
28085  -44.957  -48.906  -28.103 0.4000000060
28661  -39.926  -48.978  -17.756 0.3000000119
29341  -42.888  -47.100  -18.482 0.3000000119
29380  -31.751  -47.561  -22.582 0.5000000000
29397  -43.589  -46.994  -24.974 0.6000000238
30116  -41.373  -46.386  -18.841 0.3000000119
30862  -33.263  -45.659  -23.887 0.5000000000
30880  -32.026  -46.002  -26.199 0.4000000060
31534  -43.925  -44.874  -26.265 0.4000000060
31554  -43.569  -44.824  -26.188 0.4000000060
32220  -43.259  -43.074  -21.373 0.3000000119
32235  -39.362  -43.527  -22.621 0.6999999881
32247  -33.112  -43.550  -23.306 0.5000000000
32269  -43.935  -44.818  -26.292 0.4000000060
32270  -44.188  -44.918  -26.319 0.4000000060
32274  -35.038  -43.729  -26.191 0.5000000000
32949  -33.542  -42.961  -23.465 0.5000000000
32973  -33.903  -42.883  -25.195 0.5000000000
32985  -37.060  -42.212  -26.875 0.5000000000
33653  -45.091  -43.622  -26.285 0.4000000060
33658  -36.167  -41.536  -26.435 0.5000000000
33662  -43.924  -43.163  -26.721 0.4000000060
34391  -38.265  -40.104  -27.575 0.6000000238
34406  -45.795  -41.032  -29.366 0.3000000119
34407  -46.866  -40.681  -29.435 0.3000000119
34410  -47.569  -40.447  -29.422 0.3000000119
35104  -35.063  -39.133  -24.595 0.5000000000
35124  -35.535  -39.406  -26.216 0.5000000000
35147  -44.677  -40.896  -29.020 0.4000000060
35148  -45.141  -40.688  -29.214 0.3000000119
35820  -37.878  -39.468  -23.402 0.6999999881
35822  -43.597  -38.995  -23.427 0.5000000000
35830  -34.997  -37.778  -24.920 0.4000000060
35844  -35.846  -38.617  -26.385 0.5000000000
35845  -36.877  -38.591  -27.030 0.6999999881
35854  -46.621  -38.636  -28.335 0.3000000119
35860  -47.570  -39.521  -29.468 0.3000000119
36503  -43.707  -37.496  -21.763 0.5000000000
36511  -40.824  -37.872  -22.228 0.6000000238
36530  -45.494  -37.322  -24.454 0.4000000060
36549  -38.819  -38.093  -27.812 0.6999999881
37397  -35.848  -36.304  -26.102 0.6999999881
37399  -40.091  -37.924  -27.648 0.6000000238
38163  -45.652  -35.168  -22.974 0.4000000060
38180  -35.392  -35.775  -25.445 0.6000000238
38186  -46.965  -35.310  -25.561 0.4000000060
38197  -41.189  -36.651  -28.799 0.6999999881
38844  -46.709  -34.545  -24.609 0.4000000060
38861  -38.713  -34.992  -27.649 0.6999999881
38862  -39.427  -35.261  -28.503 0.6999999881
38873  -42.157  -35.083  -30.020 0.6999999881
39459  -44.092  -33.309  -20.859 0.4000000060
39491  -37.098  -33.281  -24.735 0.6000000238
39492  -41.274  -33.142  -24.909 0.6000000238
39498  -38.164  -33.406  -25.858 0.6999999881
39521  -41.778  -34.081  -30.169 0.6999999881
39527  -43.635  -34.041  -30.381 0.6999999881
40167  -40.923  -32.878  -22.958 0.5000000000
40203  -41.452  -33.018  -29.991 0.6999999881
40205  -44.407  -32.961  -30.377 0.6999999881
40885  -41.859  -31.526  -20.698 0.5000000000
40929  -36.708  -31.760  -24.038 0.5000000000
40931  -40.801  -31.335  -24.079 0.6000000238
40939  -39.043  -31.528  -26.015 0.6999999881
40942  -47.773  -31.084  -26.178 0.3000000119
40957  -41.092  -32.098  -28.984 0.8000000119
40959  -44.292  -32.238  -29.066 0.6999999881
40970  -44.140  -31.657  -31.910 0.6999999881
41769  -43.920  -30.425  -20.872 0.4000000060
41827  -39.672  -30.520  -26.713 0.6999999881
41837  -40.613  -30.448  -28.052 0.6999999881
41854  -44.155  -30.917  -31.816 0.6999999881
42559  -43.105  -28.972  -20.792 0.5000000000
42619  -37.585  -29.676  -25.352 0.6000000238
42620  -38.372  -29.929  -25.646 0.5000000000
42646  -44.020  -29.590  -28.936 0.8000000119
43439  -41.360  -29.028  -25.656 0.5000000000
43445  -35.924  -28.216  -26.494 0.5000000000
43479  -44.079  -27.915  -31.421 0.6000000238
44233  -40.905  -27.423  -20.900 0.4000000060
44295  -37.742  -27.909  -27.064 0.6000000238
44317  -42.145  -27.811  -31.409 0.6000000238
44320  -43.039  -27.576  -31.783 0.6000000238
44321  -43.877  -27.448  -31.592 0.6999999881
44975  -40.794  -26.789  -20.828 0.5000000000
45041  -34.804  -27.537  -27.601 0.5000000000
45052  -41.868  -26.637  -28.369 0.6999999881
45060  -39.601  -26.302  -29.898 0.6000000238
45062  -44.129  -25.782  -30.363 0.6000000238
45066  -42.777  -26.752  -31.612 0.6000000238
45068  -44.253  -26.475  -31.177 0.6000000238
45766  -40.214  -25.663  -25.849 0.6000000238
45791  -44.248  -25.828  -30.894 0.6000000238
45795  -44.110  -26.175  -31.252 0.6000000238
46492  -39.886  -24.672  -23.601 0.5000000000
47155  -44.877  -23.737  -21.273 0.5000000000
47892  -46.375  -22.373  -21.482 0.4000000060
47945  -43.304  -22.454  -29.119 0.6000000238
48723  -31.746  -21.212  -28.119 0.5000000000
48733  -34.000  -20.951  -28.624 0.4000000060
57448  -42.982  -9.368  -23.663 0.3000000119
90126  -39.085  -45.023  -26.897 0.6000000238
91050  -37.342  -36.446  -26.861 0.6999999881
91570  -37.718  -32.882  -25.150 0.6000000238
92210  -40.651  -31.316  -28.226 0.6999999881
92768  -46.376  -37.409  -25.992 0.4000000060
93853  -38.928  -40.674  -27.337 0.6999999881
94775  -32.444  -47.009  -25.032 0.3000000119
98309  -34.303  -38.758  -23.614 0.3000000119
98357  -40.200  -41.117  -22.518 0.6000000238
98790  -44.143  -54.048  -23.268 0.4000000060
98943  -44.360  -44.045  -24.650 0.4000000060
100137  -33.295  -48.354  -24.122 0.3000000119
101564  -41.959  -22.206  -19.774 0.4000000060
101775  -45.974  -56.251  -25.343 0.3000000119
101878  -43.776  -47.374  -26.057 0.6000000238
101952  -43.290  -34.574  -29.850 0.6999999881
104071  -41.316  -31.085  -20.909 0.5000000000
104437  -42.013  -16.029  -21.345 0.3000000119
105653  -47.477  -33.124  -26.336 0.3000000119
105735  -44.954  -41.354  -28.831 0.3000000119
106135  -40.357  -57.081  -24.582 0.4000000060
106244  -40.676  -37.514  -28.720 0.6999999881
106314  -44.128  -23.031  -20.260 0.5000000000
106499  -45.380  -25.314  -22.662 0.3000000119
