#!ascii label  , from subject OASIS_0001 vox2ras=TkReg
1087
8365  -28.614  -75.613  -39.450 0.5000000000
7658  -27.856  -76.120  -39.859 0.6000000238
6803  -33.910  -76.873  -34.678 0.3000000119
6895  -27.359  -76.881  -40.413 0.5000000000
7601  -32.286  -76.321  -35.493 0.4000000060
106711  -31.659  -76.570  -34.194 0.4000000060
6780  -31.597  -77.060  -33.185 0.4000000060
6802  -33.174  -76.714  -34.099 0.3000000119
8340  -27.409  -74.399  -37.607 0.5000000000
7641  -27.419  -74.841  -38.224 0.5000000000
8361  -28.393  -74.942  -38.925 0.5000000000
7626  -27.286  -75.268  -37.560 0.6000000238
7651  -27.044  -75.161  -39.055 0.6000000238
95751  -34.020  -77.130  -33.945 0.3000000119
105145  -26.603  -75.708  -38.944 0.5000000000
8316  -30.797  -75.662  -35.606 0.5000000000
7616  -31.838  -75.940  -36.352 0.5000000000
6782  -34.014  -77.097  -33.277 0.3000000119
6859  -27.104  -75.656  -38.179 0.6000000238
7650  -26.722  -76.066  -39.609 0.5000000000
97451  -30.622  -76.005  -34.576 0.5000000000
6763  -31.944  -77.191  -32.417 0.3000000119
6781  -33.112  -76.968  -33.240 0.3000000119
8312  -29.963  -75.349  -33.846 0.4000000060
8313  -30.397  -75.996  -33.561 0.4000000060
7583  -30.781  -76.678  -33.087 0.4000000060
9068  -25.686  -73.488  -35.360 0.6999999881
9813  -26.324  -73.529  -35.817 0.6999999881
8362  -29.365  -75.419  -38.920 0.5000000000
9805  -24.793  -73.199  -34.175 0.6999999881
9808  -25.110  -73.438  -34.757 0.6999999881
9079  -26.220  -73.759  -36.161 0.8000000119
9091  -26.901  -74.252  -36.989 0.5000000000
7625  -27.254  -75.927  -36.683 0.6999999881
8363  -30.022  -75.346  -37.854 0.5000000000
8314  -26.016  -75.293  -35.185 0.6999999881
9083  -29.946  -74.823  -36.956 0.4000000060
8334  -30.521  -75.301  -36.311 0.5000000000
6765  -34.091  -77.493  -32.554 0.3000000119
7615  -26.940  -76.308  -35.804 0.6000000238
8333  -29.952  -74.844  -35.585 0.5000000000
8315  -29.846  -74.950  -34.685 0.5000000000
9066  -29.389  -74.654  -33.606 0.4000000060
8309  -30.300  -75.787  -32.611 0.4000000060
7576  -30.788  -76.869  -32.224 0.4000000060
8301  -30.065  -74.840  -32.113 0.3000000119
8308  -30.041  -75.014  -33.004 0.4000000060
9792  -24.456  -72.870  -31.528 0.5000000000
9800  -24.604  -72.965  -32.543 0.6000000238
10535  -24.862  -72.474  -32.031 0.6000000238
90220  -24.934  -72.853  -33.854 0.6000000238
9806  -25.348  -73.015  -34.489 0.6000000238
10500  -23.641  -72.428  -29.724 0.5000000000
9781  -24.021  -73.037  -30.413 0.5000000000
9791  -24.194  -73.563  -30.910 0.6000000238
9804  -24.687  -73.122  -33.422 0.6000000238
9092  -27.511  -73.874  -37.233 0.6000000238
5374  -34.340  -78.758  -31.451 0.3000000119
9763  -22.535  -73.675  -29.732 0.6999999881
101529  -23.225  -73.350  -29.840 0.6000000238
92386  -24.330  -73.530  -31.827 0.6000000238
9058  -24.406  -73.705  -32.756 0.6999999881
9063  -24.767  -73.973  -34.349 0.6999999881
105595  -27.969  -73.624  -36.946 0.6000000238
9107  -29.300  -74.791  -37.838 0.5000000000
10498  -21.920  -72.640  -29.490 0.6999999881
9779  -22.772  -74.185  -30.046 0.6000000238
9780  -23.568  -73.894  -30.422 0.6000000238
8307  -24.441  -74.701  -32.769 0.6999999881
8311  -25.315  -75.291  -34.143 0.6999999881
9082  -29.452  -74.388  -36.188 0.5000000000
6783  -34.261  -77.574  -33.024 0.3000000119
94248  -21.937  -73.584  -29.553 0.6999999881
8299  -24.031  -75.452  -31.250 0.6000000238
8300  -24.415  -75.586  -31.943 0.6000000238
9081  -28.222  -73.764  -36.150 0.5000000000
9071  -29.180  -74.241  -35.306 0.5000000000
9042  -23.159  -74.771  -30.362 0.6000000238
7587  -25.381  -76.626  -33.512 0.6000000238
7600  -26.506  -76.749  -35.030 0.6000000238
6828  -26.714  -77.542  -35.559 0.6000000238
9070  -28.171  -73.875  -35.038 0.5000000000
6764  -33.038  -77.303  -32.216 0.3000000119
9762  -22.169  -74.258  -29.683 0.6999999881
98230  -22.432  -75.009  -29.794 0.6000000238
8291  -23.495  -75.412  -30.656 0.6000000238
7574  -24.139  -76.224  -31.406 0.6000000238
7575  -24.584  -76.661  -31.925 0.5000000000
7582  -24.884  -76.779  -32.745 0.5000000000
6066  -26.190  -78.475  -35.116 0.5000000000
92779  -27.258  -76.927  -36.257 0.5000000000
91008  -29.034  -74.338  -34.477 0.5000000000
9045  -30.024  -74.125  -30.817 0.3000000119
9057  -30.225  -74.651  -31.233 0.3000000119
8302  -30.374  -75.648  -31.612 0.4000000060
7569  -30.917  -76.426  -31.102 0.4000000060
101365  -26.430  -78.240  -35.796 0.5000000000
9056  -29.800  -74.452  -31.643 0.3000000119
9061  -29.598  -74.587  -32.539 0.3000000119
105766  -23.721  -71.667  -29.601 0.5000000000
89666  -24.378  -71.880  -29.810 0.5000000000
103012  -24.620  -72.479  -30.688 0.5000000000
11242  -22.665  -70.932  -29.581 0.5000000000
10499  -22.848  -71.872  -29.441 0.5000000000
95035  -25.343  -72.717  -32.699 0.6000000238
9802  -25.366  -72.822  -33.586 0.6000000238
9809  -26.119  -73.173  -35.127 0.8000000119
4861  -34.249  -79.469  -30.124 0.3000000119
10522  -21.154  -72.476  -29.765 0.6000000238
106960  -22.686  -72.906  -29.533 0.6000000238
9807  -26.167  -73.115  -34.108 0.4000000060
5363  -34.577  -78.727  -30.712 0.3000000119
9064  -27.127  -73.553  -34.599 0.5000000000
9069  -27.032  -73.506  -35.650 0.6000000238
6023  -34.483  -78.254  -32.171 0.3000000119
6766  -34.459  -77.796  -32.030 0.3000000119
10497  -20.957  -73.392  -29.662 0.6999999881
9059  -27.364  -73.797  -33.416 0.4000000060
9761  -21.553  -74.113  -29.425 0.6999999881
9065  -28.250  -74.216  -33.976 0.4000000060
6751  -32.545  -77.164  -31.225 0.3000000119
9760  -20.863  -73.771  -29.358 0.6000000238
9746  -21.347  -74.380  -28.902 0.6999999881
8290  -22.995  -75.621  -30.091 0.6000000238
99955  -24.057  -77.122  -31.187 0.5000000000
6762  -24.370  -77.785  -31.879 0.5000000000
6819  -26.281  -77.699  -34.621 0.6000000238
9060  -28.610  -74.241  -32.940 0.4000000060
9785  -29.463  -73.787  -30.096 0.3000000119
9786  -30.225  -73.781  -29.928 0.3000000119
8292  -30.705  -75.369  -30.726 0.4000000060
7577  -31.693  -77.070  -31.555 0.3000000119
8283  -22.547  -75.899  -29.512 0.6000000238
6746  -23.355  -77.338  -30.531 0.5000000000
5998  -23.541  -78.208  -31.196 0.5000000000
6778  -24.744  -77.692  -32.562 0.5000000000
6065  -25.600  -78.575  -34.295 0.5000000000
5439  -25.705  -78.828  -35.697 0.5000000000
9055  -28.894  -74.374  -31.922 0.3000000119
9044  -29.138  -74.240  -30.967 0.3000000119
7567  -23.116  -76.508  -30.059 0.5000000000
6038  -24.382  -78.429  -32.588 0.5000000000
5390  -24.884  -79.014  -33.834 0.5000000000
5389  -24.142  -79.497  -33.780 0.5000000000
11992  -23.356  -70.180  -29.688 0.5000000000
11243  -23.522  -71.049  -29.560 0.5000000000
10501  -25.046  -71.449  -29.721 0.5000000000
98570  -24.976  -72.057  -30.296 0.5000000000
10523  -25.055  -72.336  -31.298 0.5000000000
11990  -21.843  -70.758  -29.847 0.5000000000
9782  -25.600  -72.629  -31.196 0.4000000060
11241  -21.898  -71.650  -29.525 0.5000000000
4847  -33.903  -79.646  -29.439 0.3000000119
5352  -34.842  -78.950  -29.855 0.3000000119
11262  -21.009  -71.509  -30.048 0.6000000238
9794  -25.920  -73.083  -31.823 0.4000000060
9803  -26.374  -73.410  -32.740 0.4000000060
12007  -20.284  -71.492  -31.361 0.6000000238
10521  -20.149  -72.538  -30.578 0.6000000238
6005  -35.097  -78.152  -30.623 0.3000000119
6767  -34.725  -77.853  -31.104 0.3000000119
10520  -19.591  -72.437  -31.026 0.6000000238
9795  -26.987  -73.788  -31.501 0.4000000060
9054  -27.688  -74.119  -32.219 0.4000000060
95016  -33.715  -77.428  -31.448 0.3000000119
10496  -20.070  -73.203  -30.154 0.6999999881
9796  -28.096  -74.134  -31.221 0.3000000119
9784  -28.504  -73.771  -30.336 0.3000000119
89793  -24.179  -70.372  -29.581 0.5000000000
103213  -24.319  -71.209  -29.595 0.5000000000
11244  -24.969  -70.689  -29.460 0.5000000000
11245  -25.750  -71.079  -29.458 0.4000000060
11991  -22.556  -70.107  -29.935 0.5000000000
10502  -25.847  -71.883  -29.884 0.4000000060
100519  -25.437  -72.296  -30.572 0.4000000060
12726  -22.470  -69.574  -30.768 0.6000000238
10524  -26.239  -72.547  -30.403 0.4000000060
96136  -26.549  -73.250  -30.869 0.4000000060
5984  -35.527  -78.177  -29.916 0.3000000119
11261  -19.687  -72.017  -31.772 0.6000000238
9783  -27.545  -73.593  -30.593 0.4000000060
104109  -28.836  -73.358  -29.668 0.3000000119
10495  -19.571  -72.999  -29.660 0.6000000238
12715  -24.006  -69.427  -30.005 0.5000000000
11994  -25.632  -70.043  -29.455 0.4000000060
12714  -23.219  -69.448  -30.342 0.5000000000
11246  -26.540  -71.397  -29.598 0.4000000060
12009  -21.941  -70.125  -30.391 0.6000000238
12744  -23.164  -69.146  -31.527 0.6000000238
12008  -21.120  -70.483  -30.739 0.6000000238
12725  -21.760  -69.807  -31.264 0.6000000238
10503  -26.801  -72.146  -29.891 0.4000000060
10525  -27.136  -72.955  -30.141 0.4000000060
10504  -27.700  -72.386  -29.720 0.4000000060
9764  -28.062  -73.219  -29.839 0.4000000060
10505  -28.744  -72.661  -29.426 0.4000000060
6754  -35.201  -77.800  -30.468 0.3000000119
6730  -33.946  -77.211  -30.432 0.3000000119
6753  -34.615  -77.630  -31.015 0.3000000119
11260  -19.155  -72.180  -31.711 0.6000000238
10519  -19.324  -72.648  -30.655 0.6000000238
94299  -18.272  -71.774  -31.942 0.6999999881
12040  -19.238  -70.405  -33.336 0.6999999881
11259  -18.416  -72.104  -30.651 0.6000000238
93704  -18.222  -71.377  -32.869 0.6999999881
95457  -18.286  -70.894  -33.303 0.6999999881
12740  -18.992  -69.768  -33.060 0.6999999881
11286  -17.341  -71.094  -33.183 0.6999999881
100361  -18.081  -69.726  -32.989 0.6999999881
11993  -24.819  -69.625  -29.665 0.5000000000
12716  -25.499  -68.958  -30.155 0.5000000000
12727  -23.903  -68.867  -30.960 0.5000000000
12728  -24.702  -68.882  -30.632 0.5000000000
12717  -26.298  -69.389  -29.825 0.5000000000
12718  -26.959  -69.867  -29.707 0.4000000060
11995  -26.405  -70.489  -29.496 0.4000000060
12743  -22.447  -69.364  -31.969 0.6000000238
13508  -23.861  -68.761  -32.222 0.6000000238
13509  -24.674  -68.693  -32.045 0.6000000238
11996  -27.229  -70.844  -29.608 0.4000000060
104199  -21.143  -70.000  -31.852 0.6000000238
13530  -23.473  -68.527  -32.474 0.6000000238
13521  -24.562  -68.172  -32.663 0.6000000238
11247  -27.202  -71.683  -29.717 0.4000000060
12024  -20.549  -70.568  -32.070 0.6000000238
12043  -20.767  -69.755  -32.559 0.6000000238
12756  -22.273  -69.060  -32.499 0.6000000238
14298  -22.673  -67.842  -32.485 0.6000000238
14299  -23.385  -67.948  -32.590 0.6000000238
106005  -29.232  -71.341  -29.847 0.4000000060
12042  -20.083  -70.315  -32.937 0.6000000238
12755  -21.340  -69.166  -32.706 0.6000000238
13528  -21.988  -68.555  -32.558 0.6000000238
14290  -22.456  -67.146  -32.117 0.6000000238
15021  -23.722  -66.736  -32.009 0.6000000238
11248  -28.301  -72.014  -29.535 0.4000000060
96194  -29.024  -71.891  -29.313 0.4000000060
11274  -19.915  -71.247  -32.471 0.6000000238
12754  -20.241  -69.462  -32.903 0.5000000000
93837  -21.117  -68.945  -32.797 0.6000000238
13520  -22.042  -67.732  -32.375 0.6000000238
15020  -22.893  -66.629  -31.714 0.6000000238
15008  -23.344  -66.330  -31.093 0.6999999881
11273  -19.388  -71.603  -32.511 0.6999999881
12041  -19.778  -70.030  -33.425 0.6000000238
13527  -20.535  -69.008  -32.826 0.6000000238
13519  -21.285  -68.144  -32.385 0.6000000238
15007  -22.458  -66.278  -30.979 0.6000000238
14996  -23.782  -66.334  -30.350 0.6000000238
14270  -24.235  -66.616  -29.664 0.6000000238
14283  -21.145  -66.678  -31.008 0.6000000238
15006  -21.733  -66.434  -30.997 0.6000000238
14995  -22.837  -66.357  -30.321 0.6000000238
12741  -19.702  -68.962  -32.352 0.6000000238
92074  -20.395  -68.158  -32.010 0.6000000238
14993  -21.133  -66.524  -30.413 0.5000000000
14268  -22.330  -66.937  -29.508 0.6000000238
14257  -23.816  -67.249  -28.842 0.6000000238
14282  -20.509  -66.716  -30.572 0.5000000000
12039  -17.556  -70.666  -33.348 0.6999999881
13518  -18.482  -69.060  -31.928 0.6999999881
13507  -19.215  -68.210  -31.102 0.5000000000
14287  -19.917  -67.339  -30.976 0.6000000238
14267  -21.261  -66.717  -29.734 0.5000000000
14281  -19.673  -66.622  -30.167 0.6000000238
13445  -10.247  -68.216  -24.373 0.6000000238
14218  -10.933  -68.561  -25.048 0.6000000238
100194  -11.802  -69.123  -25.530 0.6000000238
13510  -25.349  -68.558  -31.614 0.5000000000
13499  -26.163  -68.539  -30.885 0.5000000000
13531  -23.901  -68.223  -32.601 0.5000000000
14293  -25.325  -67.532  -32.650 0.5000000000
96316  -27.956  -70.853  -29.980 0.4000000060
12011  -28.489  -70.281  -30.548 0.4000000060
15023  -25.654  -66.605  -32.176 0.5000000000
95491  -27.774  -71.591  -29.721 0.4000000060
11997  -28.478  -71.290  -29.929 0.4000000060
12012  -29.141  -70.656  -30.607 0.4000000060
15009  -24.343  -66.374  -31.360 0.5000000000
15022  -25.030  -66.660  -32.100 0.5000000000
100619  -24.584  -66.296  -30.414 0.6000000238
14997  -25.278  -66.152  -31.094 0.6000000238
14998  -25.927  -66.141  -30.440 0.5000000000
14259  -25.571  -67.071  -28.774 0.4000000060
97144  -26.466  -67.107  -28.653 0.4000000060
14260  -27.228  -67.027  -29.155 0.4000000060
95844  -23.047  -67.348  -28.894 0.6000000238
14243  -25.874  -67.438  -27.763 0.5000000000
14245  -27.339  -67.266  -28.023 0.4000000060
14246  -28.036  -67.259  -27.315 0.4000000060
11285  -16.269  -71.098  -33.110 0.6999999881
14241  -24.251  -67.636  -27.958 0.5000000000
103472  -27.348  -67.372  -27.128 0.4000000060
13506  -18.159  -67.959  -30.590 0.6000000238
14266  -20.408  -66.524  -29.950 0.5000000000
14255  -21.497  -67.410  -28.854 0.5000000000
13483  -23.876  -68.223  -27.181 0.5000000000
13469  -25.089  -67.865  -26.530 0.5000000000
14228  -25.988  -67.669  -26.708 0.4000000060
14230  -27.694  -67.334  -26.482 0.4000000060
100453  -18.982  -66.986  -30.362 0.6000000238
13495  -21.698  -68.200  -28.033 0.5000000000
13436  -10.496  -68.125  -23.690 0.6999999881
14195  -10.885  -67.757  -24.054 0.6000000238
14196  -11.457  -67.183  -24.165 0.6999999881
14204  -11.210  -67.739  -24.474 0.6000000238
14947  -11.567  -66.011  -24.636 0.6000000238
14957  -11.650  -66.746  -25.068 0.6000000238
15728  -11.367  -65.147  -25.106 0.6000000238
15713  -11.582  -65.189  -24.675 0.6000000238
102011  -11.690  -64.055  -25.236 0.6000000238
97065  -12.470  -69.408  -25.936 0.5000000000
14220  -12.753  -67.553  -25.837 0.6000000238
14972  -11.991  -66.655  -25.771 0.6000000238
15745  -11.534  -65.580  -25.700 0.6000000238
15729  -11.490  -64.658  -25.528 0.6000000238
12729  -26.956  -68.959  -30.466 0.5000000000
11964  -12.961  -70.052  -26.721 0.5000000000
12680  -13.278  -69.385  -26.254 0.5000000000
14973  -12.404  -65.763  -26.455 0.5000000000
15746  -11.766  -65.107  -26.171 0.5000000000
90846  -25.914  -68.215  -32.310 0.4000000060
101145  -28.216  -69.309  -31.087 0.5000000000
12010  -27.725  -69.754  -30.220 0.4000000060
12681  -14.151  -68.976  -26.693 0.5000000000
13461  -13.575  -68.452  -26.285 0.5000000000
92238  -13.124  -66.591  -26.710 0.5000000000
14974  -13.278  -65.754  -26.555 0.5000000000
103075  -25.824  -67.930  -32.798 0.5000000000
12730  -28.963  -69.495  -31.546 0.4000000060
12025  -29.776  -70.318  -31.506 0.4000000060
12703  -13.959  -70.346  -27.736 0.5000000000
13462  -13.990  -67.883  -26.947 0.5000000000
14222  -14.000  -67.178  -27.158 0.6000000238
100975  -13.731  -66.645  -26.842 0.6000000238
91392  -14.955  -68.975  -28.090 0.6000000238
13478  -14.485  -68.043  -27.695 0.6000000238
15010  -26.005  -66.067  -31.299 0.4000000060
14999  -26.537  -66.086  -30.842 0.5000000000
12023  -14.018  -70.323  -32.295 0.6000000238
14274  -27.880  -67.054  -29.638 0.4000000060
12736  -14.885  -69.943  -32.299 0.6000000238
14272  -26.529  -66.542  -29.811 0.4000000060
12037  -15.639  -70.552  -32.706 0.6000000238
12738  -16.671  -69.505  -32.189 0.6000000238
14261  -28.152  -67.192  -28.459 0.4000000060
105356  -16.644  -68.814  -31.200 0.6000000238
12751  -17.279  -70.117  -33.161 0.6999999881
14265  -18.837  -66.641  -29.757 0.6000000238
106182  -18.512  -66.787  -29.229 0.6000000238
89302  -19.687  -66.697  -29.531 0.5000000000
14254  -20.528  -67.006  -29.206 0.5000000000
13428  -10.690  -68.314  -23.300 0.6999999881
93046  -11.748  -66.552  -24.306 0.6999999881
14187  -12.244  -67.130  -23.927 0.6000000238
14941  -12.154  -66.071  -24.339 0.6000000238
104372  -12.784  -66.367  -24.279 0.6000000238
16429  -11.846  -64.559  -24.559 0.6000000238
16430  -12.624  -64.100  -24.453 0.6999999881
16444  -12.375  -63.626  -25.294 0.6000000238
16443  -11.951  -64.266  -25.834 0.6000000238
13524  -27.178  -68.253  -32.729 0.5000000000
13511  -26.699  -68.400  -31.802 0.5000000000
13512  -27.538  -68.736  -31.309 0.5000000000
15748  -13.457  -64.564  -26.308 0.6000000238
16466  -12.815  -63.847  -26.008 0.5000000000
13525  -27.862  -68.324  -33.081 0.5000000000
99678  -14.994  -66.408  -26.736 0.6000000238
97515  -14.270  -66.197  -26.580 0.6000000238
15749  -14.391  -64.374  -26.081 0.5000000000
14294  -26.070  -67.509  -32.747 0.5000000000
12723  -14.462  -69.797  -31.704 0.6000000238
12712  -14.881  -69.632  -29.773 0.4000000060
11979  -14.601  -69.943  -28.971 0.6000000238
14234  -14.833  -67.258  -27.981 0.6000000238
14982  -14.489  -66.855  -27.245 0.6000000238
14958  -15.189  -66.026  -25.997 0.6000000238
15011  -27.283  -66.258  -31.249 0.4000000060
15025  -27.326  -66.783  -32.666 0.4000000060
12724  -14.998  -69.270  -30.793 0.5000000000
12713  -15.425  -68.740  -29.932 0.5000000000
13492  -15.568  -67.923  -29.294 0.6000000238
13491  -15.118  -67.958  -28.582 0.6999999881
14250  -15.459  -67.161  -28.724 0.6000000238
14235  -15.314  -66.928  -28.100 0.6000000238
14223  -15.200  -66.788  -27.169 0.6000000238
12737  -15.253  -69.425  -31.611 0.6000000238
13498  -15.916  -68.020  -29.942 0.6000000238
14263  -15.946  -67.162  -29.269 0.6000000238
14236  -15.787  -66.705  -27.951 0.6000000238
14224  -16.054  -67.397  -26.662 0.6000000238
14976  -16.572  -67.294  -25.886 0.6000000238
14273  -27.182  -66.607  -30.191 0.4000000060
13516  -16.005  -69.135  -31.433 0.5000000000
13504  -15.673  -68.833  -30.707 0.6000000238
14252  -17.141  -66.901  -28.538 0.6000000238
14237  -16.631  -67.598  -27.345 0.6000000238
94061  -15.729  -69.767  -32.343 0.6000000238
13505  -16.271  -68.410  -30.568 0.6000000238
14279  -17.431  -67.175  -29.843 0.6000000238
102323  -16.682  -66.833  -29.121 0.6000000238
14280  -18.264  -66.867  -30.010 0.6000000238
98649  -19.816  -67.404  -28.579 0.5000000000
13494  -20.769  -68.136  -28.095 0.5000000000
13419  -11.146  -68.828  -22.833 0.6999999881
14180  -12.078  -68.120  -23.367 0.6999999881
11916  -12.516  -70.243  -22.706 0.6999999881
12636  -12.473  -69.890  -22.619 0.6999999881
13420  -11.995  -68.794  -22.880 0.6999999881
14181  -12.812  -67.963  -23.737 0.6999999881
14188  -13.430  -67.278  -24.247 0.6000000238
14942  -13.727  -66.163  -24.314 0.6000000238
99209  -14.434  -65.625  -24.329 0.5000000000
15714  -12.518  -65.285  -24.246 0.6999999881
16431  -13.679  -63.802  -24.359 0.5000000000
17190  -13.104  -63.336  -24.733 0.5000000000
17206  -13.389  -63.161  -25.442 0.5000000000
12745  -28.999  -68.784  -33.235 0.5000000000
97332  -29.506  -69.088  -33.434 0.4000000060
14295  -26.738  -67.653  -33.034 0.4000000060
13532  -28.295  -68.232  -33.281 0.4000000060
15730  -14.994  -65.177  -25.829 0.6000000238
14975  -15.718  -66.868  -26.193 0.6000000238
14959  -16.142  -66.414  -25.588 0.6000000238
14225  -17.015  -67.843  -26.417 0.6000000238
102828  -18.206  -67.169  -28.514 0.6000000238
14238  -18.272  -68.255  -27.380 0.6000000238
14206  -17.526  -67.541  -25.791 0.6000000238
14264  -17.890  -66.794  -29.373 0.6000000238
14226  -18.555  -68.361  -26.429 0.5000000000
14239  -19.031  -67.953  -27.986 0.6000000238
13479  -19.165  -68.559  -27.090 0.5000000000
13493  -19.863  -68.427  -27.575 0.5000000000
106192  -12.772  -70.713  -22.831 0.6999999881
12621  -13.156  -70.483  -22.649 0.6999999881
12637  -13.226  -70.119  -22.675 0.6999999881
13421  -13.007  -68.905  -23.256 0.6999999881
12649  -13.930  -69.739  -23.300 0.6000000238
13429  -13.683  -68.340  -24.168 0.6999999881
14189  -14.373  -67.885  -24.465 0.4000000060
10385  -14.530  -72.144  -22.635 0.6999999881
11136  -13.715  -71.180  -22.472 0.6999999881
12622  -13.979  -70.701  -22.475 0.6000000238
97399  -14.682  -70.181  -23.120 0.6000000238
14943  -14.809  -66.450  -24.409 0.5000000000
9668  -15.637  -73.698  -23.407 0.6999999881
10402  -15.203  -72.767  -23.047 0.6999999881
15716  -15.282  -65.681  -24.207 0.5000000000
9669  -16.178  -74.432  -22.676 0.6999999881
92762  -14.620  -64.781  -24.269 0.5000000000
8168  -16.041  -75.738  -21.537 0.6000000238
8145  -15.817  -75.700  -19.725 0.6000000238
8869  -15.562  -75.313  -18.608 0.6000000238
9593  -14.285  -73.406  -16.716 0.5000000000
10303  -14.046  -72.079  -15.886 0.5000000000
14207  -18.430  -67.726  -25.741 0.6000000238
12657  -14.790  -69.564  -23.697 0.5000000000
13430  -14.514  -68.708  -24.299 0.5000000000
10386  -15.411  -72.533  -22.273 0.6000000238
11137  -14.723  -71.462  -22.214 0.6000000238
12623  -14.948  -70.868  -22.289 0.6000000238
11931  -16.071  -70.646  -22.591 0.6000000238
13438  -15.745  -68.639  -24.428 0.5000000000
14190  -15.180  -67.391  -24.498 0.5000000000
14944  -15.672  -66.587  -24.194 0.5000000000
90363  -15.994  -73.508  -22.579 0.6999999881
9659  -16.406  -73.344  -21.816 0.6000000238
10374  -15.699  -72.242  -21.582 0.6000000238
11138  -15.706  -71.672  -21.564 0.6000000238
11893  -16.634  -71.692  -20.968 0.6000000238
14935  -16.159  -65.894  -23.695 0.5000000000
8908  -16.658  -75.053  -21.819 0.6999999881
9650  -17.269  -74.263  -21.016 0.6000000238
9638  -18.287  -74.916  -19.760 0.6000000238
10361  -17.879  -73.145  -19.645 0.6000000238
11121  -17.383  -72.124  -19.967 0.6000000238
8146  -16.833  -75.344  -20.040 0.6000000238
8893  -17.887  -74.959  -19.737 0.6000000238
93685  -18.820  -74.740  -19.870 0.6000000238
94157  -19.257  -73.985  -19.396 0.6000000238
8136  -16.372  -75.459  -19.338 0.6000000238
8863  -17.225  -74.627  -18.432 0.6000000238
9609  -17.639  -73.984  -17.619 0.6000000238
102725  -18.626  -74.194  -18.819 0.6000000238
8862  -15.888  -74.744  -18.085 0.5000000000
9607  -15.013  -74.038  -17.428 0.5000000000
9594  -15.419  -73.461  -16.790 0.5000000000
9595  -16.688  -73.638  -16.830 0.6000000238
9596  -17.830  -73.571  -17.024 0.6000000238
13533  -29.205  -68.498  -33.483 0.4000000060
11055  -13.346  -71.375  -15.408 0.5000000000
10304  -14.980  -72.105  -15.859 0.5000000000
10323  -15.824  -72.890  -16.149 0.6000000238
10307  -17.517  -72.942  -16.406 0.6000000238
98833  -13.424  -70.477  -15.071 0.5000000000
94717  -14.255  -70.578  -15.281 0.5000000000
11056  -14.491  -71.384  -15.562 0.4000000060
11057  -15.378  -71.370  -15.739 0.5000000000
11058  -16.273  -71.491  -15.878 0.6000000238
12651  -16.383  -70.260  -23.373 0.6000000238
13439  -16.376  -68.705  -24.319 0.5000000000
104152  -15.981  -67.359  -24.300 0.5000000000
11932  -17.102  -70.538  -22.701 0.6000000238
11943  -17.185  -70.121  -23.418 0.5000000000
14945  -16.456  -66.843  -23.816 0.5000000000
11908  -17.909  -71.117  -20.763 0.6999999881
12624  -18.491  -70.633  -21.333 0.6999999881
11103  -17.966  -72.669  -19.196 0.6000000238
104131  -17.809  -71.823  -19.503 0.6999999881
10348  -19.207  -73.769  -19.142 0.6000000238
11884  -18.307  -72.079  -18.806 0.6999999881
10337  -18.510  -73.020  -17.341 0.6000000238
11088  -18.743  -72.541  -17.406 0.6999999881
10308  -18.043  -72.538  -16.382 0.6000000238
91547  -19.161  -71.724  -16.879 0.6999999881
13329  -12.800  -68.435  -14.804 0.5000000000
11853  -13.973  -69.776  -15.079 0.5000000000
11854  -15.076  -70.572  -15.673 0.4000000060
11855  -15.786  -70.624  -15.790 0.6000000238
11857  -17.072  -71.345  -15.972 0.6000000238
13341  -13.380  -67.955  -15.321 0.5000000000
12572  -14.903  -69.658  -15.853 0.4000000060
12583  -15.191  -69.016  -16.500 0.5000000000
14182  -17.263  -67.162  -23.593 0.5000000000
13432  -17.997  -68.872  -23.665 0.5000000000
12638  -18.115  -70.409  -22.361 0.6000000238
12639  -19.032  -69.897  -21.896 0.5000000000
13423  -19.118  -69.084  -22.775 0.5000000000
12613  -18.856  -70.746  -20.369 0.6999999881
11896  -19.049  -70.465  -19.345 0.6999999881
11885  -19.372  -71.031  -18.213 0.6000000238
11864  -17.795  -70.895  -15.959 0.6999999881
12594  -19.739  -70.466  -17.000 0.6000000238
12574  -16.110  -69.968  -15.975 0.6000000238
106286  -16.986  -70.225  -15.867 0.6000000238
14101  -13.848  -67.621  -16.271 0.5000000000
13343  -14.798  -68.786  -16.484 0.4000000060
12584  -15.769  -69.292  -16.324 0.6000000238
14128  -13.723  -66.931  -17.600 0.4000000060
14117  -14.129  -67.492  -17.163 0.4000000060
102905  -14.731  -67.658  -17.132 0.5000000000
13350  -14.983  -68.242  -16.844 0.5000000000
12625  -19.156  -70.280  -20.952 0.6000000238
13413  -19.620  -68.951  -21.628 0.5000000000
12614  -19.314  -70.140  -20.208 0.6000000238
13402  -19.511  -69.624  -20.894 0.5000000000
12604  -19.452  -69.870  -18.575 0.6000000238
106017  -19.806  -70.012  -17.608 0.6000000238
13375  -19.489  -69.151  -18.952 0.5000000000
90432  -19.703  -69.393  -16.778 0.6000000238
13353  -17.964  -69.137  -15.819 0.6999999881
13354  -18.914  -68.565  -16.066 0.5000000000
13352  -16.516  -68.726  -16.206 0.6000000238
13351  -15.342  -68.516  -16.666 0.5000000000
14875  -13.993  -66.580  -18.033 0.4000000060
14118  -15.025  -67.665  -17.193 0.5000000000
21385  -10.683  -58.699  -18.974 0.4000000060
90835  -10.520  -57.869  -18.849 0.3000000119
21384  -10.280  -58.162  -19.726 0.4000000060
14171  -20.273  -67.913  -20.191 0.5000000000
19769  -10.202  -60.111  -19.581 0.3000000119
20600  -9.797  -58.979  -20.416 0.4000000060
97296  -19.765  -69.026  -17.795 0.5000000000
13393  -19.790  -68.538  -19.547 0.5000000000
18869  -9.903  -61.337  -20.850 0.3000000119
20626  -9.741  -59.571  -21.571 0.4000000060
13361  -19.558  -68.356  -16.870 0.5000000000
17162  -10.359  -63.000  -20.245 0.3000000119
14121  -18.070  -67.633  -16.065 0.6000000238
14120  -16.916  -67.833  -16.174 0.6999999881
99025  -17.147  -67.014  -16.184 0.6000000238
105393  -14.502  -66.684  -17.809 0.5000000000
14119  -15.424  -67.222  -17.020 0.5000000000
101968  -14.857  -66.252  -17.721 0.4000000060
15632  -15.411  -66.450  -17.203 0.4000000060
22112  -10.090  -56.529  -18.203 0.3000000119
21369  -10.379  -57.440  -18.185 0.3000000119
22117  -10.532  -57.394  -18.864 0.3000000119
22140  -10.427  -57.894  -19.909 0.3000000119
21406  -10.053  -58.466  -20.782 0.4000000060
13376  -19.750  -68.345  -18.513 0.5000000000
19788  -9.781  -60.475  -21.246 0.4000000060
98156  -9.803  -58.851  -21.883 0.4000000060
13362  -19.787  -68.151  -17.642 0.5000000000
17992  -10.343  -61.894  -21.003 0.4000000060
19810  -10.526  -60.060  -21.999 0.4000000060
14122  -19.013  -67.540  -16.377 0.5000000000
14130  -19.565  -67.371  -17.189 0.5000000000
17163  -10.989  -63.014  -20.621 0.4000000060
14859  -18.248  -66.617  -16.174 0.5000000000
14857  -16.190  -66.652  -16.519 0.5000000000
14858  -17.104  -66.139  -16.240 0.5000000000
15661  -13.413  -65.711  -18.500 0.3000000119
15662  -14.117  -65.607  -18.363 0.4000000060
15647  -15.595  -65.517  -17.242 0.4000000060
100503  -16.986  -65.226  -16.629 0.4000000060
22107  -9.846  -56.092  -17.503 0.3000000119
22801  -11.184  -57.083  -19.586 0.4000000060
22141  -11.192  -57.694  -20.328 0.4000000060
14919  -21.340  -67.042  -20.709 0.4000000060
21417  -10.675  -58.621  -21.662 0.4000000060
14903  -21.410  -66.856  -19.624 0.4000000060
20646  -9.948  -59.501  -22.213 0.4000000060
20647  -10.837  -59.331  -22.068 0.4000000060
14139  -20.457  -67.116  -18.395 0.4000000060
19790  -11.962  -60.071  -21.763 0.4000000060
14877  -19.087  -66.745  -16.634 0.5000000000
18883  -11.318  -61.000  -21.414 0.4000000060
94849  -12.180  -63.128  -20.019 0.3000000119
14860  -18.903  -65.807  -16.631 0.5000000000
17136  -14.539  -64.114  -18.149 0.3000000119
102351  -10.018  -55.648  -17.968 0.3000000119
22758  -10.695  -55.775  -18.380 0.3000000119
22774  -11.561  -56.266  -19.056 0.3000000119
89529  -12.375  -56.696  -19.850 0.4000000060
22142  -12.222  -57.512  -20.425 0.4000000060
22802  -13.334  -57.256  -20.588 0.3000000119
22161  -11.946  -58.341  -21.015 0.4000000060
15698  -22.717  -66.130  -21.032 0.4000000060
100458  -22.763  -65.486  -21.677 0.4000000060
21418  -11.816  -58.995  -21.655 0.4000000060
14890  -21.514  -66.296  -18.788 0.4000000060
14888  -20.154  -66.846  -17.635 0.4000000060
14878  -19.571  -66.439  -17.136 0.4000000060
17983  -11.937  -62.059  -20.659 0.3000000119
18870  -12.358  -60.932  -20.898 0.3000000119
17134  -12.971  -63.491  -19.192 0.3000000119
23385  -10.829  -54.877  -17.181 0.3000000119
22775  -12.758  -56.322  -19.278 0.4000000060
105361  -13.365  -56.609  -20.041 0.4000000060
17170  -23.178  -64.002  -21.901 0.4000000060
15699  -23.248  -65.292  -21.211 0.4000000060
22162  -13.321  -58.031  -21.288 0.4000000060
14904  -22.188  -66.278  -19.492 0.4000000060
20648  -12.458  -59.344  -21.587 0.4000000060
14889  -20.737  -66.335  -18.123 0.4000000060
15664  -21.985  -65.621  -18.898 0.4000000060
19791  -13.127  -59.730  -21.203 0.3000000119
15650  -20.426  -65.543  -17.795 0.4000000060
18872  -13.218  -60.592  -19.859 0.3000000119
15649  -19.708  -65.587  -17.246 0.5000000000
17963  -12.807  -62.467  -19.563 0.3000000119
18855  -13.444  -61.725  -19.040 0.3000000119
15648  -19.096  -64.855  -17.093 0.5000000000
106231  -15.070  -64.228  -17.747 0.3000000119
16356  -17.542  -64.405  -16.957 0.4000000060
16378  -14.629  -64.930  -18.107 0.4000000060
23393  -11.317  -55.304  -17.873 0.3000000119
95183  -14.160  -56.923  -20.859 0.3000000119
22819  -14.941  -57.251  -22.155 0.3000000119
16413  -23.541  -64.459  -21.356 0.4000000060
21419  -13.312  -58.732  -21.432 0.3000000119
16395  -23.314  -65.029  -19.905 0.4000000060
17165  -24.003  -63.981  -20.773 0.3000000119
20649  -13.549  -59.044  -21.388 0.3000000119
15663  -21.166  -65.577  -18.386 0.4000000060
16394  -22.945  -64.681  -19.328 0.4000000060
19792  -13.672  -59.755  -20.004 0.3000000119
98800  -14.224  -61.068  -18.735 0.3000000119
16369  -19.850  -64.755  -17.671 0.4000000060
17964  -13.590  -62.776  -18.674 0.3000000119
93741  -15.245  -62.528  -17.864 0.3000000119
16365  -15.816  -63.850  -17.548 0.3000000119
16367  -17.556  -63.770  -17.432 0.3000000119
22163  -14.451  -58.067  -21.857 0.3000000119
22164  -15.455  -57.132  -21.960 0.3000000119
21407  -14.366  -58.411  -21.585 0.3000000119
17153  -23.710  -64.275  -19.825 0.3000000119
15665  -22.279  -64.912  -19.004 0.4000000060
17142  -23.667  -63.438  -19.182 0.4000000060
20602  -14.431  -59.461  -19.572 0.3000000119
16380  -20.604  -64.719  -18.260 0.4000000060
16382  -22.262  -64.098  -18.756 0.4000000060
88644  -14.376  -62.105  -18.331 0.3000000119
17128  -19.109  -64.059  -17.715 0.3000000119
17125  -16.791  -63.394  -17.552 0.3000000119
20603  -14.968  -58.746  -19.702 0.3000000119
19771  -14.942  -60.433  -18.595 0.3000000119
17140  -21.167  -63.601  -18.613 0.3000000119
94953  -21.982  -63.303  -18.505 0.3000000119
18856  -15.427  -61.510  -18.266 0.3000000119
17139  -20.204  -63.370  -18.558 0.3000000119
17953  -17.054  -62.475  -18.059 0.3000000119
17127  -18.339  -63.459  -17.940 0.3000000119
20604  -15.914  -59.000  -18.753 0.3000000119
21388  -17.291  -58.085  -18.250 0.3000000119
99139  -16.595  -60.187  -18.436 0.3000000119
92204  -20.592  -62.921  -18.561 0.3000000119
20605  -17.121  -59.262  -18.251 0.3000000119
21389  -18.014  -58.639  -17.916 0.3000000119
90950  -15.341  -64.769  -17.586 0.4000000060
17135  -13.774  -63.814  -18.559 0.3000000119
17965  -14.417  -63.123  -18.117 0.3000000119
9080  -27.029  -73.658  -36.523 0.6000000238
8355  -27.828  -74.265  -37.918 0.5000000000
8360  -27.724  -74.781  -38.643 0.5000000000
9109  -28.221  -74.531  -38.398 0.5000000000
8341  -31.200  -75.699  -36.958 0.5000000000
8331  -25.682  -74.015  -35.777 0.6999999881
9067  -25.181  -74.045  -35.129 0.6999999881
8332  -26.436  -74.666  -36.192 0.6999999881
8356  -30.655  -75.475  -37.471 0.4000000060
9793  -25.045  -72.327  -32.160 0.6000000238
9801  -24.996  -72.722  -32.998 0.6000000238
9062  -24.501  -73.820  -33.604 0.6999999881
6024  -34.627  -78.136  -31.433 0.3000000119
9043  -24.038  -74.485  -30.925 0.6000000238
9053  -24.330  -74.591  -31.861 0.6000000238
8310  -24.678  -74.877  -33.504 0.6999999881
93263  -28.851  -73.867  -36.903 0.6000000238
95045  -24.631  -75.748  -32.700 0.6000000238
7599  -25.980  -76.560  -34.291 0.6999999881
7568  -23.626  -76.270  -30.777 0.5000000000
6801  -25.717  -77.596  -33.793 0.5000000000
6752  -32.722  -77.054  -30.474 0.3000000119
9026  -21.832  -74.837  -29.005 0.6000000238
6056  -25.182  -78.350  -33.492 0.5000000000
9046  -30.525  -74.442  -30.376 0.3000000119
6055  -24.541  -78.815  -33.265 0.5000000000
12742  -21.624  -69.491  -32.295 0.6000000238
12753  -19.912  -69.748  -33.361 0.6000000238
106049  -19.809  -68.179  -31.595 0.6000000238
13529  -22.856  -68.520  -32.511 0.6000000238
100359  -24.502  -67.073  -32.415 0.5000000000
14289  -21.686  -67.117  -31.686 0.6000000238
97622  -25.942  -66.598  -29.527 0.4000000060
12038  -16.760  -70.838  -33.289 0.6000000238
13517  -17.430  -68.850  -31.414 0.6999999881
14219  -11.922  -68.028  -25.164 0.6000000238
15024  -26.488  -66.490  -32.155 0.4000000060
14256  -22.391  -67.752  -28.456 0.4000000060
14205  -11.546  -66.843  -24.498 0.6000000238
14221  -13.321  -67.257  -26.697 0.6000000238
13513  -28.125  -68.661  -32.007 0.5000000000
12691  -14.505  -69.413  -27.410 0.5000000000
92097  -14.262  -65.377  -26.260 0.6000000238
12704  -14.626  -69.794  -28.218 0.4000000060
99798  -17.071  -68.138  -30.504 0.5000000000
15012  -28.031  -66.517  -31.515 0.5000000000
14251  -15.891  -66.805  -28.665 0.6000000238
14278  -16.520  -67.533  -29.818 0.5000000000
8155  -15.251  -76.340  -20.988 0.6000000238
11917  -15.873  -70.924  -22.042 0.5000000000
9649  -16.758  -73.176  -21.003 0.6000000238
10375  -16.801  -72.464  -20.704 0.6000000238
11919  -17.487  -70.816  -21.710 0.6000000238
8871  -18.191  -75.232  -19.542 0.6000000238
12560  -13.557  -68.921  -14.948 0.5000000000
12660  -18.455  -69.210  -23.346 0.5000000000
12586  -19.139  -69.732  -16.185 0.6000000238
13342  -14.228  -68.335  -15.900 0.5000000000
96571  -17.741  -68.361  -15.982 0.6000000238
20601  -11.198  -59.617  -18.776 0.3000000119
13392  -19.574  -69.393  -19.954 0.5000000000
14887  -13.910  -66.103  -18.293 0.3000000119
14157  -20.563  -67.256  -19.349 0.4000000060
15645  -14.410  -66.309  -17.977 0.4000000060
97904  -13.367  -65.216  -18.667 0.3000000119
16357  -18.205  -64.977  -16.707 0.5000000000
14905  -22.670  -66.138  -20.161 0.4000000060
104869  -12.725  -60.307  -21.141 0.3000000119
16366  -16.523  -64.373  -17.225 0.3000000119
20627  -13.974  -59.144  -20.987 0.3000000119
16368  -18.349  -64.193  -17.268 0.4000000060
23387  -13.588  -55.390  -16.661 0.3000000119
89257  -20.629  -64.014  -18.543 0.4000000060
93880  -15.480  -59.762  -18.690 0.3000000119
6777  -20.335  -77.620  -32.099 0.5000000000
6036  -21.429  -78.753  -32.537 0.5000000000
5377  -21.952  -79.238  -32.855 0.5000000000
5387  -22.689  -79.436  -33.326 0.4000000060
6761  -19.686  -77.329  -31.545 0.5000000000
6035  -21.057  -78.438  -31.828 0.5000000000
94784  -21.956  -79.023  -31.965 0.5000000000
5378  -22.492  -79.256  -32.563 0.5000000000
5379  -23.891  -79.090  -32.973 0.4000000060
6742  -19.227  -77.101  -30.772 0.4000000060
98036  -19.902  -77.467  -30.630 0.5000000000
6017  -21.658  -78.584  -31.175 0.5000000000
6019  -23.746  -78.676  -32.168 0.4000000060
106881  -19.521  -77.150  -30.309 0.5000000000
6743  -20.691  -77.772  -30.226 0.5000000000
6016  -20.545  -77.964  -31.134 0.5000000000
6720  -20.039  -77.237  -29.772 0.5000000000
5995  -21.258  -78.237  -30.644 0.5000000000
6721  -21.017  -77.367  -29.471 0.5000000000
6744  -21.601  -77.833  -29.927 0.5000000000
6745  -22.561  -77.483  -29.958 0.4000000060
7549  -18.804  -76.817  -28.975 0.5000000000
7551  -20.642  -76.817  -28.834 0.5000000000
106461  -21.394  -76.754  -29.048 0.5000000000
7553  -22.551  -76.606  -29.582 0.5000000000
8997  -16.943  -74.740  -27.425 0.5000000000
7529  -19.344  -76.449  -28.312 0.5000000000
7509  -19.018  -75.898  -27.705 0.5000000000
8246  -19.486  -75.296  -27.422 0.5000000000
7530  -20.723  -76.204  -28.079 0.5000000000
89487  -20.203  -75.213  -27.503 0.5000000000
7531  -21.466  -76.097  -28.422 0.5000000000
7552  -22.022  -76.328  -29.121 0.5000000000
8998  -17.856  -74.187  -27.182 0.5000000000
9012  -16.938  -73.766  -27.475 0.5000000000
10471  -16.119  -72.497  -28.577 0.5000000000
8999  -18.847  -74.351  -27.120 0.5000000000
10459  -17.516  -72.356  -28.018 0.5000000000
10472  -16.849  -72.207  -28.345 0.5000000000
9000  -19.734  -74.560  -27.356 0.5000000000
9734  -19.498  -73.698  -27.405 0.5000000000
10460  -18.375  -72.556  -27.766 0.5000000000
9001  -20.582  -74.636  -27.684 0.5000000000
9744  -20.006  -73.456  -27.918 0.5000000000
8247  -20.940  -75.483  -27.830 0.5000000000
8267  -21.551  -75.372  -28.364 0.5000000000
8282  -22.010  -75.624  -28.936 0.5000000000
11269  -15.178  -71.263  -32.310 0.5000000000
11270  -16.069  -71.271  -31.899 0.6000000238
11239  -16.689  -71.558  -29.527 0.5000000000
10473  -18.110  -72.084  -28.442 0.5000000000
97014  -16.919  -71.334  -30.277 0.5000000000
10474  -18.924  -72.325  -28.590 0.5000000000
11229  -18.209  -71.895  -29.229 0.5000000000
9745  -20.727  -74.149  -28.271 0.5000000000
9759  -20.231  -73.638  -29.227 0.5000000000
8248  -21.275  -74.777  -28.166 0.5000000000
12036  -14.727  -70.713  -32.507 0.5000000000
11284  -15.547  -70.983  -32.782 0.5000000000
105085  -16.739  -71.278  -31.112 0.6000000238
13444  -9.063  -68.312  -24.945 0.5000000000
12663  -8.433  -68.748  -24.936 0.5000000000
13434  -9.139  -68.611  -24.242 0.5000000000
13435  -9.877  -68.304  -24.061 0.6000000238
106311  -9.701  -68.536  -23.561 0.6000000238
13426  -9.483  -68.834  -23.385 0.5000000000
13417  -9.838  -68.997  -22.852 0.6000000238
11930  -9.976  -69.876  -23.239 0.5000000000
13418  -10.387  -68.811  -22.852 0.6000000238
97735  -10.318  -69.135  -22.791 0.6000000238
11161  -11.134  -70.410  -23.347 0.5000000000
11915  -11.728  -70.078  -22.804 0.6000000238
12635  -11.731  -69.692  -22.718 0.6000000238
10399  -12.438  -71.707  -23.695 0.5000000000
10384  -12.628  -71.218  -23.186 0.5000000000
9681  -14.352  -73.421  -24.496 0.5000000000
9682  -15.173  -74.040  -24.150 0.6000000238
7422  -14.577  -76.578  -21.408 0.6000000238
7451  -14.543  -76.483  -22.839 0.5000000000
10401  -14.170  -72.262  -23.214 0.6000000238
10400  -13.189  -71.959  -23.356 0.5000000000
8183  -15.226  -75.721  -23.119 0.5000000000
8134  -14.269  -75.562  -19.043 0.6000000238
91984  -14.920  -76.096  -19.847 0.6000000238
8861  -14.559  -74.809  -17.942 0.6000000238
7557  -32.000  -76.499  -29.864 0.3000000119
9029  -32.285  -75.123  -28.945 0.3000000119
90086  -32.946  -73.630  -28.984 0.3000000119
9047  -31.117  -75.016  -30.001 0.3000000119
7570  -31.755  -76.758  -30.675 0.3000000119
5997  -22.897  -78.062  -30.546 0.4000000060
10475  -19.628  -72.991  -28.480 0.5000000000
6018  -22.575  -78.608  -31.120 0.4000000060
5996  -22.136  -78.260  -30.444 0.5000000000
7550  -19.667  -76.899  -29.017 0.5000000000
8244  -17.660  -75.276  -27.396 0.5000000000
97027  -16.364  -74.318  -27.655 0.5000000000
98566  -16.810  -72.838  -27.832 0.5000000000
9733  -18.617  -73.422  -27.279 0.5000000000
11240  -17.511  -71.542  -29.810 0.5000000000
8293  -31.309  -75.965  -30.290 0.3000000119
9028  -31.584  -74.636  -29.495 0.3000000119
9013  -32.794  -74.279  -28.801 0.3000000119
8284  -31.707  -75.611  -29.569 0.3000000119
9768  -32.071  -74.120  -29.225 0.3000000119
17141  -22.821  -63.398  -18.633 0.3000000119
5388  -23.432  -79.451  -33.378 0.5000000000
6037  -22.939  -78.977  -31.892 0.5000000000
6039  -24.828  -78.214  -32.966 0.5000000000
6719  -19.116  -76.806  -29.961 0.5000000000
6722  -21.861  -77.138  -29.432 0.5000000000
6779  -25.151  -77.565  -33.135 0.5000000000
6838  -26.855  -77.592  -36.329 0.5000000000
7438  -15.247  -76.313  -22.127 0.5000000000
7510  -20.019  -75.914  -27.721 0.5000000000
7586  -24.947  -75.875  -33.300 0.6000000238
8135  -15.237  -75.694  -19.096 0.6000000238
8147  -17.789  -75.007  -19.685 0.6000000238
8154  -14.164  -76.292  -20.553 0.6000000238
8156  -16.868  -75.257  -20.836 0.6000000238
8184  -15.954  -75.375  -22.533 0.5000000000
8245  -18.676  -75.214  -27.341 0.5000000000
8364  -27.684  -75.246  -39.287 0.5000000000
8868  -13.855  -75.097  -18.398 0.6000000238
8870  -16.883  -75.139  -19.015 0.6000000238
8881  -18.334  -75.052  -19.688 0.6000000238
8892  -17.304  -74.834  -20.792 0.6999999881
8922  -15.666  -74.709  -23.430 0.6000000238
9093  -28.294  -73.842  -37.364 0.5000000000
9094  -29.130  -74.255  -37.356 0.5000000000
9095  -29.797  -74.957  -37.420 0.4000000060
9106  -28.568  -74.327  -37.889 0.5000000000
9110  -28.870  -74.792  -38.416 0.5000000000
9597  -18.235  -73.509  -17.758 0.6000000238
9608  -16.311  -74.179  -17.447 0.6000000238
9610  -18.239  -73.837  -17.940 0.6000000238
9623  -18.468  -74.375  -18.768 0.6000000238
9624  -19.102  -73.958  -18.607 0.6000000238
9637  -17.729  -73.899  -20.278 0.6000000238
9660  -16.709  -74.332  -21.869 0.6999999881
9667  -14.862  -73.043  -23.844 0.5000000000
9732  -17.652  -73.120  -27.429 0.5000000000
9735  -20.160  -73.994  -27.642 0.5000000000
10305  -15.762  -72.056  -15.901 0.6000000238
10306  -16.523  -72.442  -16.120 0.6000000238
10322  -14.674  -72.811  -16.199 0.5000000000
10324  -16.902  -73.206  -16.430 0.6000000238
10325  -18.398  -73.100  -16.801 0.6000000238
10347  -19.164  -73.908  -19.286 0.6000000238
10349  -18.118  -73.465  -18.476 0.6000000238
10372  -13.587  -71.597  -22.793 0.6999999881
10373  -14.575  -71.763  -22.343 0.6000000238
10461  -19.288  -72.925  -27.758 0.5000000000
11059  -17.140  -72.055  -16.140 0.6000000238
11073  -17.920  -71.771  -16.157 0.6000000238
11074  -18.789  -72.417  -16.698 0.6000000238
11104  -18.449  -73.758  -18.792 0.6000000238
11105  -18.432  -72.718  -18.439 0.6999999881
11149  -11.832  -70.467  -23.122 0.5000000000
11162  -11.818  -70.984  -23.494 0.5000000000
11176  -11.087  -70.787  -23.766 0.5000000000
11227  -16.517  -71.826  -28.841 0.5000000000
11228  -17.367  -71.786  -28.824 0.5000000000
11258  -17.473  -71.427  -30.927 0.5000000000
11271  -17.175  -71.331  -32.340 0.6000000238
11272  -18.912  -71.732  -32.508 0.6999999881
11287  -18.996  -71.203  -33.050 0.6999999881
11288  -19.549  -70.755  -32.978 0.6000000238
11856  -16.591  -70.717  -15.839 0.6000000238
11865  -19.090  -70.823  -16.420 0.6000000238
11875  -19.307  -71.521  -17.380 0.6999999881
11894  -17.421  -71.530  -20.329 0.6999999881
11895  -18.343  -71.244  -19.530 0.6999999881
11903  -13.198  -70.709  -22.655 0.6999999881
11904  -13.840  -70.976  -22.375 0.6000000238
11905  -14.836  -71.148  -22.203 0.6000000238
11906  -15.790  -71.278  -21.767 0.6000000238
11907  -16.806  -71.218  -21.387 0.6000000238
11914  -10.807  -69.929  -23.108 0.5000000000
11918  -16.632  -70.822  -21.996 0.5000000000
12571  -14.344  -69.134  -15.632 0.5000000000
12573  -15.507  -69.749  -15.975 0.6000000238
12585  -18.050  -70.066  -15.868 0.6999999881
12634  -10.908  -69.517  -22.907 0.6000000238
12647  -9.824  -69.461  -23.072 0.6000000238
12648  -10.215  -69.402  -22.934 0.5000000000
12650  -15.460  -70.240  -23.229 0.6000000238
12652  -18.520  -69.870  -23.016 0.5000000000
12658  -15.775  -69.698  -23.864 0.6000000238
12659  -17.744  -69.586  -23.548 0.5000000000
12665  -15.329  -69.015  -24.319 0.5000000000
12666  -15.995  -69.159  -24.322 0.5000000000
12667  -16.707  -69.549  -23.953 0.6000000238
12678  -11.667  -69.694  -26.379 0.5000000000
12679  -12.518  -69.785  -26.442 0.5000000000
12690  -13.792  -69.867  -26.860 0.5000000000
12705  -15.139  -69.083  -28.923 0.6000000238
12739  -17.577  -69.454  -32.381 0.6999999881
12750  -16.332  -70.362  -33.019 0.6000000238
12752  -18.237  -70.287  -33.300 0.6999999881
12757  -23.045  -68.910  -32.275 0.6000000238
13349  -14.567  -68.010  -16.744 0.4000000060
13403  -19.873  -68.795  -20.596 0.5000000000
13410  -11.126  -69.085  -22.779 0.6000000238
13411  -11.808  -69.301  -22.710 0.6000000238
13412  -12.607  -69.460  -22.750 0.6999999881
13427  -9.955  -68.606  -23.118 0.6000000238
13431  -17.236  -68.804  -24.020 0.5000000000
13437  -15.156  -68.277  -24.492 0.5000000000
13446  -13.242  -68.038  -25.977 0.6000000238
13460  -12.813  -68.681  -25.704 0.6000000238
13484  -24.683  -67.926  -27.205 0.5000000000
13485  -25.358  -67.701  -27.212 0.5000000000
13522  -25.302  -68.252  -32.552 0.5000000000
13523  -26.355  -68.078  -32.805 0.5000000000
14129  -14.502  -67.124  -17.609 0.4000000060
14138  -20.061  -67.658  -17.999 0.5000000000
14156  -19.989  -67.720  -19.018 0.5000000000
14172  -20.841  -67.345  -20.198 0.4000000060
14186  -11.449  -67.706  -23.680 0.6999999881
14191  -16.694  -67.870  -24.089 0.5000000000
14192  -17.643  -68.075  -23.703 0.5000000000
14197  -15.862  -68.043  -24.464 0.5000000000
14229  -26.898  -67.515  -26.512 0.4000000060
14240  -23.279  -67.892  -27.943 0.5000000000
14242  -25.096  -67.540  -27.963 0.5000000000
14244  -26.671  -67.426  -27.432 0.4000000060
14253  -19.020  -66.948  -28.979 0.6000000238
14258  -24.697  -67.108  -28.880 0.4000000060
14269  -23.340  -66.732  -29.615 0.6000000238
14271  -25.184  -66.446  -29.834 0.6000000238
14288  -20.818  -67.313  -31.418 0.6000000238
14291  -23.193  -67.246  -32.347 0.6000000238
14292  -23.926  -67.495  -32.526 0.6000000238
14876  -14.780  -66.891  -17.695 0.4000000060
14879  -20.174  -66.167  -17.509 0.4000000060
14920  -22.139  -66.621  -20.360 0.4000000060
14994  -21.934  -66.448  -30.346 0.6000000238
15019  -22.237  -66.623  -31.490 0.6000000238
15633  -16.185  -65.946  -16.639 0.4000000060
15634  -17.945  -65.710  -16.319 0.5000000000
15646  -14.732  -65.644  -17.880 0.4000000060
15679  -22.729  -65.532  -19.568 0.4000000060
15680  -23.123  -65.564  -20.409 0.4000000060
15715  -13.557  -64.906  -24.278 0.5000000000
15719  -11.465  -64.369  -24.977 0.6000000238
15747  -12.475  -64.829  -26.313 0.6000000238
16376  -13.168  -64.439  -18.887 0.3000000119
16377  -13.985  -64.769  -18.514 0.3000000119
16379  -19.819  -63.894  -18.283 0.3000000119
16381  -21.480  -64.668  -18.613 0.4000000060
16407  -23.594  -64.830  -20.590 0.3000000119
16435  -12.113  -63.756  -24.883 0.6000000238
17126  -17.580  -63.136  -17.829 0.3000000119
17152  -23.152  -64.035  -19.031 0.4000000060
17164  -11.518  -62.790  -20.586 0.3000000119
17200  -12.956  -63.104  -24.994 0.5000000000
17993  -11.010  -62.001  -21.087 0.4000000060
18871  -12.700  -61.502  -19.874 0.3000000119
18882  -10.351  -60.953  -21.536 0.4000000060
19770  -14.116  -60.258  -19.244 0.3000000119
19772  -16.108  -60.818  -18.471 0.3000000119
19789  -9.675  -59.943  -20.720 0.4000000060
19809  -9.923  -60.195  -21.928 0.4000000060
22160  -10.780  -58.194  -20.688 0.4000000060
22773  -10.620  -56.527  -18.858 0.3000000119
22803  -14.827  -56.301  -21.305 0.3000000119
22818  -14.143  -57.598  -21.494 0.3000000119
89182  -15.776  -67.948  -16.635 0.5000000000
90928  -18.990  -74.367  -19.571 0.6000000238
91145  -17.547  -68.253  -26.841 0.5000000000
91232  -19.315  -69.812  -19.397 0.5000000000
91615  -14.680  -75.375  -18.544 0.6000000238
92531  -11.191  -67.644  -23.855 0.6999999881
92860  -14.419  -69.954  -30.567 0.4000000060
93425  -18.742  -71.515  -16.393 0.6999999881
94089  -15.177  -70.591  -22.577 0.6000000238
94134  -33.861  -76.905  -33.931 0.3000000119
94950  -14.344  -67.069  -24.415 0.4000000060
95013  -16.309  -66.750  -28.459 0.6000000238
95536  -12.566  -66.487  -26.431 0.5000000000
95859  -23.670  -63.503  -21.539 0.4000000060
96689  -25.559  -79.072  -34.942 0.6000000238
96879  -16.811  -69.563  -15.941 0.6000000238
97238  -30.160  -75.695  -38.435 0.5000000000
97385  -15.954  -75.777  -20.511 0.6000000238
97909  -20.935  -66.773  -18.804 0.4000000060
97957  -19.047  -63.476  -18.243 0.3000000119
98372  -16.241  -67.338  -16.443 0.5000000000
99309  -20.107  -76.512  -28.337 0.5000000000
99832  -14.142  -70.369  -22.732 0.6000000238
99920  -23.190  -79.261  -32.688 0.4000000060
100206  -17.793  -68.055  -26.208 0.6000000238
100938  -28.604  -68.782  -32.858 0.5000000000
101023  -13.937  -69.126  -23.870 0.6000000238
101052  -11.456  -65.942  -25.049 0.6000000238
101126  -11.851  -65.426  -24.406 0.6000000238
101544  -16.142  -70.943  -33.189 0.6000000238
102129  -29.529  -75.214  -38.251 0.5000000000
102416  -17.804  -70.221  -23.125 0.6000000238
102582  -27.202  -75.673  -39.583 0.5000000000
103077  -13.453  -62.899  -25.067 0.5000000000
103196  -24.703  -77.238  -32.235 0.5000000000
103276  -15.164  -63.442  -17.721 0.3000000119
103409  -18.862  -72.370  -29.734 0.6000000238
104088  -11.296  -68.397  -23.149 0.6999999881
104123  -21.107  -78.364  -31.189 0.5000000000
104407  -17.477  -67.762  -27.616 0.6000000238
104477  -15.998  -62.948  -17.649 0.3000000119
104988  -13.306  -69.755  -22.867 0.6999999881
104997  -30.748  -75.736  -37.996 0.4000000060
105450  -18.263  -74.733  -27.230 0.5000000000
105795  -23.311  -75.912  -30.376 0.5000000000
105830  -27.174  -76.262  -40.020 0.5000000000
105908  -11.921  -65.835  -26.244 0.6000000238
106015  -19.198  -74.855  -27.264 0.5000000000
106078  -14.103  -70.084  -31.222 0.6000000238
106213  -22.847  -76.162  -29.777 0.6000000238
106423  -10.764  -68.603  -22.976 0.6999999881
106839  -9.950  -60.968  -21.487 0.4000000060
