#!ascii label  , from subject OASIS_0001 vox2ras=TkReg
1280
6756  -6.113  -77.688  -31.392 0.5000000000
96887  -7.869  -79.420  -32.538 0.5000000000
6045  -8.770  -78.954  -32.692 0.5000000000
6046  -9.596  -78.270  -32.856 0.5000000000
94437  -5.672  -75.722  -31.847 0.5000000000
99121  -5.699  -76.493  -31.906 0.5000000000
7573  -6.340  -75.968  -31.666 0.5000000000
98228  -6.696  -76.801  -31.302 0.5000000000
6735  -7.713  -76.977  -30.763 0.6000000238
6757  -7.053  -77.938  -30.875 0.5000000000
6788  -9.701  -77.387  -33.800 0.5000000000
95878  -7.727  -79.418  -31.777 0.5000000000
5368  -8.575  -79.360  -31.367 0.6000000238
6047  -10.302  -77.933  -33.034 0.6000000238
5369  -9.228  -79.315  -31.073 0.6000000238
6029  -10.175  -78.590  -32.166 0.6000000238
6048  -10.905  -77.758  -33.133 0.6999999881
6010  -9.887  -79.085  -31.263 0.6999999881
6030  -11.046  -78.260  -32.315 0.6999999881
95554  -10.612  -78.775  -31.407 0.6999999881
8298  -6.195  -75.401  -31.557 0.5000000000
101178  -7.102  -75.888  -31.261 0.6000000238
9052  -6.728  -75.003  -31.169 0.6000000238
8287  -7.584  -75.300  -30.770 0.6000000238
6009  -7.455  -78.769  -30.877 0.5000000000
6789  -10.364  -77.350  -33.682 0.5000000000
6808  -10.693  -76.892  -34.448 0.5000000000
6810  -12.905  -77.179  -34.586 0.6999999881
6790  -11.264  -77.439  -33.685 0.6999999881
6791  -12.276  -77.604  -33.746 0.6999999881
98856  -7.929  -79.224  -31.035 0.6000000238
5355  -8.674  -79.030  -30.497 0.6999999881
6049  -12.800  -77.976  -33.004 0.6999999881
5356  -9.598  -79.044  -30.463 0.6999999881
104512  -10.237  -78.949  -30.694 0.6999999881
97778  -11.543  -78.785  -30.469 0.6999999881
6011  -11.429  -78.667  -31.334 0.6999999881
6031  -12.261  -78.438  -32.115 0.6999999881
6032  -13.377  -78.338  -32.350 0.6999999881
6012  -12.231  -78.639  -31.016 0.6999999881
95877  -12.837  -78.640  -30.599 0.6999999881
99890  -13.968  -78.482  -31.675 0.6999999881
6014  -14.483  -78.489  -31.079 0.6999999881
9051  -5.859  -74.834  -31.377 0.5000000000
9034  -6.325  -74.454  -30.954 0.6000000238
9753  -7.324  -73.544  -29.821 0.6000000238
9035  -7.164  -74.414  -30.482 0.6000000238
9017  -7.916  -74.087  -29.772 0.6000000238
7564  -7.929  -76.055  -30.795 0.6000000238
9036  -8.098  -74.820  -29.994 0.6000000238
6811  -13.809  -77.127  -34.817 0.6999999881
6736  -7.989  -78.300  -30.438 0.6999999881
106178  -13.552  -77.503  -34.321 0.6999999881
99387  -14.626  -77.190  -34.854 0.6999999881
7593  -16.092  -76.518  -34.632 0.6999999881
100589  -8.414  -77.539  -30.211 0.6999999881
103481  -16.688  -76.603  -34.656 0.6999999881
6737  -8.837  -78.283  -29.974 0.6999999881
6713  -9.590  -78.050  -29.703 0.6999999881
96197  -13.250  -77.783  -33.854 0.6999999881
6792  -14.121  -77.716  -34.125 0.6999999881
6812  -15.512  -77.065  -34.677 0.6999999881
6813  -16.497  -77.290  -34.339 0.6999999881
5988  -9.472  -78.649  -29.961 0.6999999881
5974  -10.833  -78.435  -29.586 0.6999999881
6050  -13.756  -78.095  -33.234 0.6999999881
6794  -15.912  -77.848  -33.950 0.6999999881
5991  -12.125  -78.744  -29.939 0.6999999881
6033  -14.283  -78.220  -32.521 0.6999999881
6051  -14.614  -78.008  -33.345 0.6999999881
5992  -13.075  -78.674  -29.820 0.6999999881
99392  -14.800  -78.251  -31.860 0.6999999881
6034  -15.157  -78.080  -32.640 0.6999999881
91888  -13.775  -78.623  -29.735 0.6999999881
90573  -15.742  -77.982  -31.883 0.6999999881
5993  -14.356  -78.469  -30.226 0.6999999881
9771  -5.301  -73.554  -30.563 0.5000000000
9772  -6.314  -73.692  -30.433 0.6000000238
90719  -6.716  -72.834  -29.744 0.6000000238
9752  -5.734  -72.828  -29.934 0.5000000000
107090  -7.095  -72.143  -29.387 0.6000000238
9750  -3.983  -72.948  -29.463 0.5000000000
9751  -4.838  -72.820  -29.904 0.5000000000
95750  -7.907  -71.741  -29.213 0.6000000238
9754  -8.341  -73.359  -29.411 0.6000000238
10491  -7.719  -72.662  -29.372 0.6000000238
8288  -8.455  -75.671  -30.306 0.6000000238
7565  -8.511  -76.591  -30.334 0.6999999881
8275  -9.087  -75.038  -29.629 0.6999999881
7566  -9.088  -77.332  -29.886 0.6999999881
8289  -9.359  -76.159  -29.882 0.6999999881
7609  -17.259  -75.963  -34.864 0.6999999881
6714  -10.406  -77.880  -29.489 0.6999999881
93609  -10.178  -76.173  -29.466 0.6999999881
7594  -17.278  -77.077  -34.506 0.6999999881
7595  -18.116  -76.795  -34.669 0.6999999881
7545  -10.880  -76.833  -29.315 0.6999999881
97231  -17.178  -77.514  -34.118 0.6999999881
101810  -19.019  -75.452  -35.468 0.6999999881
6698  -12.115  -78.066  -28.670 0.6000000238
6795  -16.724  -77.838  -33.678 0.6999999881
6814  -17.857  -77.391  -34.195 0.6999999881
7596  -19.178  -76.439  -34.901 0.6999999881
7611  -19.892  -75.682  -35.536 0.6999999881
5976  -12.586  -78.634  -29.178 0.6999999881
104367  -16.577  -77.822  -32.204 0.6999999881
6773  -17.031  -77.834  -32.872 0.6000000238
6797  -18.322  -77.483  -33.521 0.6999999881
6815  -18.873  -77.224  -34.199 0.6999999881
5978  -14.359  -78.498  -29.139 0.6000000238
6015  -15.122  -78.246  -31.289 0.6999999881
89520  -15.696  -77.952  -30.815 0.6999999881
6758  -17.358  -77.429  -31.918 0.6000000238
106440  -18.555  -77.379  -32.747 0.6000000238
5979  -15.402  -77.982  -28.894 0.6000000238
5994  -15.063  -78.053  -29.943 0.6000000238
90546  -16.557  -77.683  -31.367 0.6000000238
6759  -17.970  -77.103  -31.236 0.5000000000
6774  -18.246  -77.290  -32.049 0.5000000000
6775  -19.102  -77.293  -32.224 0.5000000000
6738  -15.807  -77.733  -29.885 0.6000000238
106254  -17.116  -77.201  -30.144 0.5000000000
97021  -17.243  -77.324  -30.927 0.5000000000
10490  -6.234  -72.041  -29.480 0.6000000238
10489  -5.236  -71.981  -29.233 0.6000000238
11235  -7.497  -70.855  -29.144 0.5000000000
11982  -7.104  -70.146  -28.876 0.6999999881
10488  -4.428  -72.370  -29.200 0.5000000000
11233  -4.428  -71.792  -28.546 0.6000000238
11226  -5.283  -70.960  -28.473 0.6000000238
9741  -3.301  -73.063  -28.085 0.6000000238
10487  -3.805  -72.362  -28.590 0.6000000238
11236  -8.458  -71.023  -29.422 0.4000000060
11218  -3.912  -71.920  -27.807 0.6000000238
99425  -8.596  -71.715  -29.253 0.5000000000
96449  -8.761  -72.388  -29.202 0.6000000238
9755  -9.343  -73.264  -29.267 0.6000000238
8276  -9.947  -75.251  -29.309 0.6999999881
9019  -9.717  -74.216  -29.266 0.6000000238
8277  -10.714  -75.572  -29.251 0.6999999881
98031  -11.617  -77.409  -28.899 0.6000000238
7546  -11.709  -76.496  -29.022 0.6000000238
5958  -12.843  -78.378  -28.668 0.6000000238
103707  -19.546  -77.222  -33.873 0.6000000238
6816  -19.820  -76.982  -34.280 0.6000000238
7597  -20.365  -76.480  -34.895 0.6999999881
7612  -20.987  -75.765  -35.588 0.6999999881
5959  -13.826  -78.297  -28.449 0.6000000238
90878  -19.296  -77.236  -33.206 0.6000000238
8330  -21.474  -74.979  -36.379 0.6999999881
6760  -18.785  -77.152  -31.419 0.4000000060
6776  -19.868  -77.092  -32.535 0.4000000060
91986  -20.268  -77.333  -32.823 0.5000000000
6798  -20.079  -77.134  -33.429 0.6000000238
7598  -21.325  -76.613  -35.010 0.6000000238
7613  -21.772  -76.006  -35.837 0.6000000238
6703  -17.058  -77.084  -28.510 0.5000000000
6717  -17.469  -76.971  -29.508 0.5000000000
6741  -18.506  -76.910  -30.620 0.5000000000
6799  -20.521  -77.459  -33.392 0.4000000060
6800  -21.146  -77.879  -33.673 0.6000000238
91486  -5.834  -69.989  -28.257 0.6000000238
101227  -6.346  -70.110  -28.684 0.6000000238
11976  -7.487  -69.575  -28.691 0.6000000238
11219  -4.408  -71.747  -27.667 0.6000000238
102384  -5.002  -71.135  -27.815 0.5000000000
11962  -5.868  -70.150  -27.487 0.6000000238
11198  -5.992  -71.702  -27.036 0.6000000238
11983  -8.074  -70.185  -29.214 0.6000000238
9720  -3.949  -72.872  -27.515 0.6999999881
10441  -5.548  -72.377  -27.071 0.6000000238
10442  -6.521  -72.558  -26.701 0.6000000238
10492  -9.152  -71.670  -29.464 0.5000000000
93692  -8.872  -70.376  -29.643 0.6000000238
8980  -4.587  -73.520  -27.395 0.6000000238
9706  -5.912  -73.087  -26.770 0.6999999881
93841  -9.678  -72.502  -29.454 0.5000000000
103412  -6.151  -73.935  -26.885 0.6999999881
9756  -10.230  -73.403  -29.394 0.6000000238
90863  -6.794  -74.420  -26.616 0.6000000238
9020  -10.566  -74.438  -29.223 0.6000000238
90059  -11.360  -74.905  -29.290 0.6000000238
103673  -11.339  -75.882  -29.188 0.6000000238
7523  -12.371  -77.175  -28.555 0.6000000238
93630  -13.182  -77.204  -28.194 0.6000000238
8241  -15.237  -76.081  -27.639 0.6000000238
6701  -14.549  -77.814  -27.997 0.6000000238
8243  -16.677  -75.684  -27.513 0.6000000238
98604  -16.109  -77.431  -28.272 0.6000000238
6818  -21.562  -77.459  -34.504 0.6000000238
6827  -22.018  -76.899  -35.296 0.6000000238
7549  -18.804  -76.817  -28.975 0.5000000000
6718  -18.273  -76.739  -29.769 0.5000000000
106354  -22.411  -77.002  -36.533 0.6000000238
6054  -21.503  -78.728  -33.239 0.4000000060
6075  -22.161  -78.047  -34.991 0.6000000238
12686  -6.077  -68.826  -27.073 0.6000000238
13455  -6.410  -68.510  -26.924 0.5000000000
13473  -6.602  -68.407  -27.087 0.6000000238
13474  -7.255  -68.043  -27.132 0.5000000000
12696  -5.899  -69.668  -27.556 0.6000000238
11955  -6.705  -69.903  -26.648 0.6000000238
12698  -6.942  -68.872  -28.008 0.5000000000
12699  -7.876  -68.932  -28.413 0.5000000000
12700  -8.805  -69.071  -28.722 0.5000000000
90716  -6.484  -70.814  -26.963 0.5000000000
12670  -5.991  -69.381  -27.069 0.6000000238
92460  -6.853  -71.627  -26.867 0.5000000000
94494  -8.794  -69.812  -29.410 0.6000000238
96056  -6.826  -73.605  -26.548 0.6999999881
101760  -7.266  -72.983  -26.474 0.6000000238
8965  -8.198  -74.374  -26.093 0.6000000238
9773  -10.494  -72.724  -29.888 0.5000000000
8208  -7.768  -75.691  -26.372 0.5000000000
8964  -7.495  -74.585  -26.324 0.6999999881
9757  -11.212  -73.713  -29.577 0.5000000000
9021  -12.042  -74.454  -29.689 0.5000000000
8278  -12.067  -75.439  -29.250 0.6000000238
8281  -14.174  -75.132  -28.676 0.6000000238
8264  -13.916  -75.919  -28.112 0.5000000000
8266  -15.419  -75.374  -27.786 0.6000000238
7525  -14.654  -76.581  -27.668 0.6000000238
7508  -18.089  -75.975  -27.655 0.5000000000
5386  -22.085  -79.231  -33.513 0.5000000000
5420  -22.490  -79.067  -34.713 0.5000000000
6093  -22.786  -78.531  -36.373 0.6000000238
6837  -22.625  -77.821  -36.919 0.6000000238
12672  -7.269  -68.827  -26.037 0.6000000238
13456  -6.882  -68.287  -26.793 0.6000000238
11956  -7.364  -69.510  -26.253 0.6000000238
13490  -8.312  -68.478  -27.923 0.5000000000
11199  -7.615  -70.849  -26.698 0.6000000238
10443  -8.378  -71.859  -26.619 0.6999999881
12709  -9.450  -69.510  -29.300 0.6000000238
9708  -8.479  -73.527  -26.238 0.6000000238
98795  -8.018  -72.793  -26.486 0.6000000238
11984  -9.530  -70.206  -29.960 0.6000000238
8947  -8.837  -74.995  -26.048 0.6000000238
105175  -8.844  -74.166  -26.054 0.6000000238
10493  -9.931  -71.729  -30.629 0.5000000000
9037  -11.973  -73.738  -30.190 0.5000000000
7475  -8.446  -76.329  -26.037 0.5000000000
8946  -8.245  -75.287  -26.131 0.6000000238
9022  -12.733  -74.721  -29.658 0.5000000000
9023  -13.773  -74.663  -29.569 0.6000000238
8280  -13.440  -75.313  -28.878 0.5000000000
9011  -15.652  -74.418  -28.096 0.5000000000
8996  -16.143  -75.102  -27.564 0.5000000000
5421  -23.283  -79.477  -34.784 0.6000000238
106995  -23.404  -79.295  -35.452 0.6000000238
12673  -7.851  -68.915  -25.632 0.6000000238
13443  -7.856  -68.537  -25.937 0.5000000000
13457  -7.556  -68.224  -26.520 0.5000000000
11957  -8.173  -69.947  -26.046 0.6999999881
13475  -8.114  -68.101  -27.086 0.5000000000
10444  -9.194  -71.926  -26.532 0.6999999881
11200  -8.702  -71.078  -26.417 0.6000000238
12688  -9.809  -68.749  -27.475 0.5000000000
99527  -8.844  -72.637  -26.477 0.6000000238
12701  -9.864  -69.082  -28.529 0.5000000000
11985  -10.367  -70.183  -30.310 0.6000000238
8966  -9.488  -74.570  -26.026 0.6999999881
12002  -9.899  -70.878  -31.046 0.6000000238
98177  -9.464  -75.509  -25.801 0.6000000238
11267  -9.856  -71.485  -31.810 0.6000000238
7477  -9.946  -77.163  -25.073 0.6999999881
99332  -9.495  -76.333  -25.543 0.6999999881
9774  -11.343  -73.029  -30.489 0.5000000000
10516  -10.132  -72.458  -31.775 0.5000000000
7476  -9.155  -77.072  -25.518 0.6000000238
9775  -12.148  -73.499  -31.098 0.5000000000
7461  -9.589  -78.192  -24.624 0.5000000000
9776  -12.918  -73.696  -31.209 0.6000000238
9038  -12.646  -74.039  -30.335 0.5000000000
103645  -13.225  -74.844  -29.516 0.5000000000
9010  -14.930  -74.882  -28.504 0.6000000238
9742  -15.613  -73.525  -28.858 0.5000000000
11948  -8.446  -69.260  -24.839 0.6999999881
12663  -8.433  -68.748  -24.936 0.5000000000
89902  -8.208  -68.459  -25.812 0.5000000000
11202  -10.308  -71.613  -26.003 0.8000000119
95254  -9.905  -71.047  -25.283 0.6999999881
13458  -8.622  -68.362  -26.093 0.5000000000
13477  -9.817  -68.803  -26.289 0.5000000000
9709  -10.595  -73.069  -26.290 0.6999999881
10445  -9.972  -72.252  -26.411 0.6999999881
11201  -9.543  -71.384  -26.158 0.8000000119
103871  -9.394  -72.518  -26.456 0.6999999881
12677  -10.671  -69.385  -26.823 0.5000000000
8949  -10.939  -74.809  -25.728 0.6999999881
8967  -10.298  -74.141  -26.077 0.6999999881
12710  -10.199  -69.595  -29.471 0.6000000238
98255  -10.521  -69.381  -27.803 0.5000000000
7479  -11.310  -76.644  -24.552 0.6000000238
8211  -10.704  -75.823  -25.170 0.6000000238
12019  -10.005  -71.174  -31.997 0.6000000238
7463  -10.973  -77.544  -23.804 0.6999999881
8210  -10.010  -76.084  -25.252 0.6999999881
9787  -11.153  -72.937  -32.102 0.6000000238
10532  -10.151  -72.305  -32.318 0.6000000238
7462  -10.359  -77.862  -24.244 0.6000000238
9788  -12.287  -73.425  -32.072 0.6000000238
9039  -13.324  -74.249  -30.236 0.6000000238
5904  -9.079  -78.633  -23.393 0.6000000238
9041  -14.511  -73.946  -29.823 0.6000000238
9025  -15.077  -74.195  -29.150 0.5000000000
11188  -10.260  -70.776  -24.124 0.6000000238
101193  -9.495  -70.397  -24.370 0.5000000000
11949  -9.094  -69.614  -24.051 0.5000000000
13459  -9.829  -68.467  -25.267 0.5000000000
10446  -10.888  -72.147  -26.176 0.8000000119
104070  -10.794  -69.216  -25.780 0.5000000000
103540  -11.665  -74.369  -25.674 0.6999999881
12711  -10.997  -69.799  -29.577 0.6000000238
11135  -7.809  -72.400  -19.747 0.6000000238
8212  -11.676  -75.404  -25.134 0.8000000119
10370  -8.522  -72.863  -19.880 0.6000000238
95483  -11.602  -77.330  -23.602 0.6999999881
12003  -10.622  -70.629  -31.210 0.6000000238
8906  -8.327  -74.790  -21.394 0.6000000238
7448  -11.106  -77.746  -22.568 0.6000000238
10539  -11.237  -72.488  -32.447 0.6000000238
9798  -12.618  -73.100  -32.341 0.6000000238
8164  -9.000  -76.321  -21.437 0.6000000238
6632  -9.450  -77.909  -21.998 0.6000000238
6633  -10.206  -77.953  -22.156 0.6000000238
9789  -13.215  -73.427  -31.784 0.6000000238
9799  -13.308  -72.881  -32.183 0.6000000238
99768  -9.916  -78.348  -23.637 0.5000000000
9778  -14.468  -73.482  -30.471 0.5000000000
10494  -15.461  -72.626  -29.521 0.5000000000
100652  -14.920  -72.859  -30.280 0.5000000000
11942  -9.676  -70.005  -23.431 0.5000000000
11190  -11.725  -71.729  -24.992 0.6000000238
95572  -11.187  -71.201  -24.457 0.5000000000
9694  -12.021  -73.527  -25.754 0.8000000119
10432  -12.210  -72.557  -25.473 0.6999999881
8950  -12.399  -74.368  -25.446 0.8000000119
12702  -10.963  -69.724  -28.595 0.6000000238
12678  -11.667  -69.694  -26.379 0.5000000000
12612  -8.092  -70.083  -18.732 0.6000000238
7464  -12.268  -76.534  -24.238 0.8000000119
11968  -12.020  -70.421  -27.959 0.5000000000
11118  -8.569  -72.216  -19.297 0.6999999881
90780  -8.420  -71.521  -19.021 0.6000000238
7449  -12.199  -77.387  -22.865 0.8000000119
99775  -10.861  -70.828  -31.941 0.6000000238
11986  -11.449  -70.220  -30.222 0.6000000238
11977  -11.866  -70.130  -29.124 0.6000000238
10371  -9.184  -73.394  -20.083 0.6000000238
11281  -11.796  -71.884  -32.595 0.6000000238
11280  -10.702  -71.940  -32.531 0.6000000238
12004  -11.853  -70.507  -31.108 0.6000000238
8907  -9.142  -75.299  -21.150 0.6000000238
7434  -10.615  -77.407  -21.633 0.6000000238
91076  -11.501  -77.262  -21.685 0.5000000000
10541  -13.038  -72.387  -32.464 0.6000000238
102044  -10.211  -76.948  -21.296 0.6000000238
10517  -14.551  -72.760  -31.191 0.6000000238
10542  -13.686  -72.181  -32.223 0.6000000238
10533  -14.312  -71.992  -31.925 0.5000000000
11256  -15.445  -71.580  -31.414 0.5000000000
11238  -15.917  -71.832  -29.452 0.5000000000
11257  -16.098  -71.458  -30.531 0.5000000000
10416  -12.358  -72.047  -24.549 0.6000000238
9695  -12.931  -73.400  -25.362 0.6999999881
13359  -7.624  -68.499  -17.883 0.6000000238
12602  -8.302  -69.556  -18.392 0.6000000238
95251  -13.242  -75.983  -24.215 0.8000000119
11963  -12.198  -70.154  -27.058 0.5000000000
12603  -8.840  -70.048  -18.308 0.6000000238
7465  -12.951  -76.822  -23.561 0.8000000119
11969  -12.954  -70.428  -27.424 0.5000000000
92746  -8.818  -70.882  -18.656 0.6999999881
7435  -12.450  -77.056  -21.809 0.8000000119
11987  -12.534  -70.481  -29.784 0.6000000238
99765  -12.995  -70.628  -28.529 0.6000000238
96079  -9.330  -72.326  -19.067 0.8000000119
8167  -11.735  -76.410  -20.946 0.6999999881
12021  -11.839  -70.909  -32.168 0.6000000238
12005  -12.992  -70.487  -30.664 0.6000000238
9648  -9.774  -73.983  -20.293 0.6999999881
8891  -10.262  -74.730  -20.458 0.6999999881
8166  -10.725  -76.552  -21.077 0.6000000238
12034  -12.457  -71.238  -32.462 0.6000000238
100210  -13.561  -70.254  -31.722 0.6000000238
8165  -9.821  -76.307  -21.169 0.6000000238
12035  -13.554  -71.001  -32.615 0.5000000000
11283  -14.360  -71.311  -32.491 0.5000000000
9680  -13.581  -72.913  -24.822 0.6000000238
10417  -13.024  -72.298  -24.150 0.5000000000
14097  -6.579  -67.320  -15.677 0.6000000238
8932  -14.371  -74.501  -24.503 0.6999999881
14127  -7.103  -67.955  -17.286 0.6000000238
8214  -13.597  -74.942  -24.768 0.6999999881
8933  -14.922  -75.086  -23.895 0.6000000238
13360  -8.221  -69.017  -17.382 0.6000000238
90548  -7.629  -68.530  -16.789 0.6000000238
7466  -13.830  -76.557  -23.450 0.6000000238
7437  -14.272  -76.730  -22.076 0.6999999881
11882  -9.537  -70.574  -18.166 0.8000000119
7436  -13.374  -76.877  -21.928 0.6999999881
7421  -13.692  -76.553  -21.226 0.6000000238
11119  -9.113  -71.728  -18.853 0.8000000119
8142  -11.670  -75.550  -20.248 0.8000000119
8143  -12.520  -75.541  -19.936 0.6999999881
10360  -9.906  -72.774  -19.046 0.6999999881
9635  -10.460  -74.097  -19.760 0.6999999881
8877  -11.016  -74.843  -19.980 0.6000000238
8878  -11.854  -74.870  -19.625 0.8000000119
14838  -6.048  -66.499  -15.269 0.6000000238
14115  -7.112  -67.942  -16.176 0.6000000238
13348  -8.296  -68.938  -16.358 0.6999999881
8144  -13.541  -75.711  -19.667 0.6000000238
12592  -8.662  -69.480  -17.891 0.6999999881
12593  -9.294  -70.041  -17.681 0.6999999881
8879  -12.707  -75.010  -19.288 0.6999999881
9621  -12.422  -74.018  -18.175 0.6000000238
11883  -10.204  -70.968  -18.023 0.6000000238
10345  -10.517  -72.589  -18.520 0.5000000000
8867  -12.120  -74.353  -18.954 0.6999999881
9604  -11.900  -73.149  -17.841 0.6999999881
9605  -12.843  -73.699  -17.427 0.6000000238
11120  -9.858  -72.075  -18.697 0.8000000119
10346  -11.123  -72.460  -17.943 0.6000000238
9636  -11.243  -74.206  -19.297 0.6000000238
15615  -6.067  -65.813  -14.539 0.6000000238
14827  -6.604  -66.425  -14.568 0.6000000238
14098  -7.199  -67.841  -15.218 0.6999999881
14078  -6.807  -67.110  -14.853 0.6000000238
13347  -7.690  -68.435  -15.734 0.6999999881
12580  -8.932  -69.593  -16.897 0.6999999881
12567  -9.026  -69.258  -15.894 0.6000000238
8880  -13.443  -75.214  -18.962 0.6000000238
98218  -9.583  -70.192  -16.960 0.6000000238
11087  -10.708  -71.167  -17.333 0.6000000238
9606  -13.844  -74.023  -17.276 0.5000000000
10335  -12.501  -72.831  -17.078 0.6000000238
10336  -13.328  -73.241  -16.790 0.5000000000
104680  -13.304  -72.113  -15.975 0.5000000000
11071  -11.862  -71.492  -16.229 0.6000000238
11072  -12.618  -71.853  -15.969 0.5000000000
17099  -6.998  -63.707  -13.662 0.6000000238
99712  -6.333  -65.196  -14.110 0.6000000238
15616  -6.980  -65.816  -14.104 0.6999999881
14828  -7.296  -66.670  -14.339 0.6999999881
13325  -7.892  -68.259  -14.876 0.6999999881
91899  -8.426  -68.715  -15.430 0.5000000000
13340  -9.176  -68.858  -15.153 0.6999999881
12557  -9.870  -68.825  -14.898 0.6000000238
12581  -9.600  -69.931  -16.219 0.6000000238
12582  -10.247  -70.128  -15.828 0.6000000238
12569  -10.755  -69.865  -15.313 0.6000000238
10319  -11.488  -71.619  -16.966 0.6000000238
11053  -11.601  -70.984  -15.903 0.5000000000
11842  -12.104  -70.067  -14.941 0.5000000000
11852  -12.632  -70.635  -15.157 0.5000000000
97939  -8.630  -61.439  -13.061 0.6999999881
19689  -9.522  -60.990  -12.953 0.6999999881
17089  -7.787  -63.131  -13.439 0.6000000238
17915  -8.651  -62.431  -13.327 0.6999999881
19690  -10.574  -60.885  -13.174 0.6999999881
16342  -7.144  -64.823  -13.657 0.6999999881
17090  -8.653  -63.496  -13.403 0.6999999881
17091  -9.353  -63.093  -13.483 0.6999999881
18791  -10.188  -61.710  -13.293 0.6999999881
90041  -7.704  -65.494  -13.752 0.6999999881
16335  -7.905  -64.080  -13.420 0.6999999881
17916  -9.739  -62.454  -13.398 0.6999999881
14829  -8.112  -66.961  -14.112 0.6999999881
14080  -8.541  -67.835  -14.327 0.6000000238
102488  -8.617  -68.455  -14.806 0.6000000238
13327  -10.305  -68.267  -14.505 0.6000000238
100576  -10.416  -67.492  -14.413 0.6000000238
12568  -9.860  -69.475  -15.418 0.6000000238
14082  -11.122  -67.603  -14.569 0.6000000238
96982  -10.722  -69.049  -14.789 0.5000000000
14083  -11.748  -67.794  -14.668 0.6000000238
14099  -11.908  -67.048  -14.976 0.6000000238
12570  -11.408  -70.157  -15.240 0.5000000000
13328  -11.863  -68.558  -14.613 0.5000000000
14084  -12.511  -67.732  -14.897 0.5000000000
19688  -8.541  -60.692  -12.683 0.6999999881
20536  -10.063  -60.299  -12.707 0.6000000238
20537  -10.982  -60.121  -12.936 0.6000000238
20538  -11.884  -59.871  -13.291 0.6000000238
19692  -12.081  -60.435  -13.754 0.4000000060
17917  -10.602  -62.491  -13.635 0.6000000238
18792  -11.163  -61.686  -13.650 0.5000000000
19691  -11.454  -60.685  -13.481 0.5000000000
18812  -12.894  -61.098  -14.594 0.4000000060
19714  -13.262  -60.467  -14.728 0.5000000000
16343  -8.178  -64.901  -13.567 0.8000000119
18810  -11.243  -62.557  -13.954 0.5000000000
18811  -11.833  -62.205  -14.257 0.4000000060
94670  -12.642  -61.939  -14.835 0.4000000060
18813  -13.286  -61.121  -15.383 0.4000000060
18838  -13.237  -61.212  -16.251 0.4000000060
105213  -9.228  -64.972  -13.935 0.8000000119
17101  -9.489  -63.915  -13.717 0.8000000119
91100  -10.297  -63.758  -14.199 0.8000000119
17928  -10.889  -63.159  -13.986 0.6000000238
17929  -11.455  -62.890  -14.456 0.5000000000
17930  -12.043  -62.617  -14.821 0.4000000060
18827  -12.857  -61.837  -15.761 0.4000000060
15617  -7.827  -66.173  -13.982 0.6999999881
90536  -8.660  -66.364  -13.932 0.8000000119
14839  -9.573  -66.285  -14.324 0.5000000000
17935  -11.603  -63.125  -15.149 0.5000000000
17941  -11.496  -62.932  -16.280 0.4000000060
17942  -12.324  -62.240  -16.228 0.4000000060
14830  -9.018  -67.106  -13.966 0.6000000238
14831  -9.984  -66.947  -14.328 0.5000000000
14840  -10.435  -66.105  -14.993 0.5000000000
14832  -10.917  -66.860  -14.738 0.6000000238
14841  -11.331  -66.347  -15.447 0.6000000238
20535  -9.239  -60.352  -12.556 0.6000000238
20516  -9.530  -59.825  -12.206 0.5000000000
20517  -10.469  -59.642  -12.382 0.5000000000
20518  -11.390  -59.406  -12.625 0.4000000060
94010  -12.447  -60.004  -13.770 0.5000000000
20553  -13.093  -59.811  -14.185 0.5000000000
97395  -13.470  -59.866  -14.838 0.5000000000
20570  -13.512  -59.450  -15.390 0.5000000000
21358  -13.233  -58.892  -16.120 0.5000000000
19745  -13.448  -60.525  -16.306 0.5000000000
20580  -12.782  -59.178  -17.109 0.5000000000
17109  -9.862  -64.459  -14.411 0.6000000238
17110  -10.302  -64.232  -14.971 0.5000000000
17102  -10.929  -63.523  -14.667 0.5000000000
19744  -13.028  -60.730  -16.986 0.5000000000
20587  -13.097  -59.954  -17.148 0.5000000000
94302  -8.490  -65.666  -13.812 0.8000000119
15618  -9.427  -65.736  -14.295 0.6999999881
17934  -10.563  -63.639  -15.765 0.5000000000
18836  -11.845  -62.010  -17.090 0.5000000000
18846  -12.221  -61.063  -17.539 0.4000000060
19754  -12.397  -60.137  -17.805 0.5000000000
15623  -10.232  -65.323  -15.420 0.5000000000
16348  -10.204  -64.614  -16.415 0.5000000000
17116  -10.003  -64.293  -16.125 0.6000000238
17950  -10.393  -63.624  -16.927 0.5000000000
92828  -10.527  -63.280  -16.943 0.5000000000
17952  -10.683  -62.574  -17.677 0.5000000000
15631  -10.568  -64.894  -16.821 0.5000000000
16355  -10.314  -64.129  -17.197 0.5000000000
17124  -10.282  -63.585  -17.931 0.5000000000
14854  -10.891  -65.572  -16.043 0.6000000238
21310  -9.942  -59.233  -11.789 0.5000000000
21292  -10.377  -58.618  -11.356 0.5000000000
21311  -10.870  -58.971  -12.032 0.5000000000
21312  -11.831  -58.736  -12.257 0.4000000060
21291  -9.382  -58.683  -11.272 0.5000000000
21293  -11.331  -58.364  -11.597 0.4000000060
20519  -12.295  -59.135  -12.904 0.5000000000
20539  -12.681  -59.465  -13.531 0.6000000238
20540  -13.394  -58.496  -13.895 0.5000000000
21346  -13.419  -58.618  -15.025 0.5000000000
21345  -12.694  -58.075  -15.884 0.4000000060
22109  -11.508  -57.639  -16.484 0.4000000060
22051  -10.879  -58.044  -10.826 0.4000000060
21294  -12.309  -58.083  -11.864 0.4000000060
21313  -12.776  -58.446  -12.591 0.5000000000
21325  -13.077  -58.811  -13.289 0.5000000000
22075  -13.728  -57.648  -13.533 0.5000000000
22067  -13.224  -57.697  -12.287 0.4000000060
22068  -13.861  -57.340  -12.811 0.4000000060
22731  -13.340  -57.114  -14.173 0.4000000060
22086  -12.693  -57.336  -14.998 0.4000000060
22100  -12.045  -57.477  -15.679 0.4000000060
22099  -11.017  -57.066  -16.087 0.4000000060
22033  -11.386  -57.376  -10.395 0.4000000060
22052  -11.884  -57.764  -11.083 0.4000000060
22053  -12.862  -57.407  -11.435 0.4000000060
22676  -12.285  -55.869  -9.774 0.4000000060
106272  -12.498  -56.353  -10.327 0.4000000060
22054  -13.516  -56.902  -11.996 0.4000000060
97288  -13.770  -56.616  -12.822 0.5000000000
22718  -13.157  -56.461  -13.737 0.5000000000
22746  -11.666  -56.968  -15.451 0.4000000060
23347  -13.429  -56.066  -12.157 0.4000000060
22717  -11.896  -55.834  -13.983 0.4000000060
22730  -12.107  -56.576  -14.685 0.4000000060
22745  -10.641  -56.485  -15.461 0.4000000060
22675  -11.339  -56.154  -9.388 0.4000000060
22690  -12.795  -55.582  -10.647 0.3000000119
23339  -12.946  -55.518  -11.569 0.4000000060
100771  -12.393  -53.999  -10.164 0.4000000060
102254  -12.493  -54.935  -9.863 0.3000000119
23325  -12.622  -54.672  -10.547 0.3000000119
24027  -12.673  -54.797  -11.209 0.4000000060
24034  -11.393  -54.498  -12.782 0.5000000000
23345  -11.685  -55.156  -13.260 0.4000000060
23355  -10.615  -55.342  -14.167 0.4000000060
23366  -9.931  -55.497  -14.817 0.4000000060
23377  -9.725  -55.157  -15.829 0.3000000119
24851  -11.068  -53.726  -12.469 0.5000000000
24033  -10.733  -53.837  -13.374 0.5000000000
24042  -10.691  -54.635  -13.747 0.4000000060
102671  -9.990  -54.752  -14.483 0.4000000060
24053  -9.785  -54.772  -15.256 0.3000000119
100735  -12.117  -54.231  -9.278 0.4000000060
100747  -11.530  -52.475  -9.842 0.4000000060
88028  -11.736  -53.171  -10.643 0.4000000060
24843  -12.224  -54.040  -10.998 0.5000000000
24026  -11.746  -54.301  -11.848 0.5000000000
106045  -10.937  -52.434  -10.713 0.4000000060
24842  -11.353  -53.523  -11.598 0.5000000000
24841  -10.726  -53.077  -12.149 0.5000000000
24850  -10.711  -52.992  -12.914 0.4000000060
24862  -10.394  -53.188  -13.948 0.4000000060
91012  -9.933  -53.898  -15.249 0.3000000119
25626  -10.256  -52.438  -12.047 0.3000000119
25636  -10.415  -52.323  -12.742 0.3000000119
25645  -10.635  -52.512  -13.449 0.3000000119
87937  -12.020  -53.280  -9.605 0.4000000060
87914  -10.408  -51.792  -10.083 0.3000000119
26363  -9.761  -51.365  -10.721 0.4000000060
25659  -10.570  -52.726  -14.140 0.3000000119
87523  -10.395  -51.221  -8.856 0.3000000119
26354  -9.357  -50.803  -9.797 0.3000000119
11234  -5.928  -71.155  -29.112 0.6000000238
10334  -11.744  -72.314  -17.359 0.6000000238
11102  -11.114  -71.847  -17.550 0.6000000238
6028  -9.307  -79.295  -31.882 0.6000000238
6771  -11.749  -77.852  -32.975 0.6999999881
5990  -11.175  -78.787  -29.824 0.6999999881
6013  -13.075  -78.585  -31.454 0.6999999881
9018  -8.770  -74.132  -29.504 0.5000000000
6793  -15.055  -77.753  -34.171 0.6999999881
6715  -11.246  -77.936  -29.116 0.6999999881
5975  -11.744  -78.421  -29.240 0.6999999881
6772  -16.131  -78.248  -32.952 0.6999999881
5977  -13.428  -78.702  -28.987 0.6999999881
99810  -6.853  -71.414  -29.220 0.6000000238
6796  -17.490  -77.662  -33.603 0.6999999881
6699  -12.988  -77.900  -28.346 0.6000000238
5960  -14.705  -78.182  -28.424 0.6000000238
6739  -16.511  -77.548  -30.428 0.5000000000
11211  -4.390  -71.923  -27.609 0.6999999881
6700  -13.807  -77.591  -28.099 0.6000000238
6817  -20.726  -77.115  -34.169 0.6000000238
6702  -15.300  -77.785  -28.010 0.5000000000
7528  -18.464  -76.457  -28.178 0.5000000000
6064  -21.891  -78.671  -34.086 0.5000000000
11961  -5.164  -71.246  -27.681 0.6000000238
107257  -5.231  -72.733  -27.123 0.6999999881
11237  -9.584  -70.890  -30.234 0.6000000238
8263  -13.067  -76.269  -28.497 0.5000000000
6685  -14.390  -77.288  -27.780 0.5000000000
6687  -15.828  -77.185  -27.761 0.6000000238
6686  -15.061  -77.319  -27.685 0.5000000000
7507  -17.155  -76.245  -27.634 0.5000000000
7614  -22.338  -77.644  -35.967 0.6000000238
98454  -22.748  -78.850  -35.542 0.6000000238
5406  -23.386  -79.678  -33.968 0.5000000000
100528  -9.483  -73.373  -26.276 0.6000000238
12689  -11.327  -69.887  -27.431 0.5000000000
9647  -8.482  -73.493  -20.562 0.6000000238
7432  -8.707  -77.300  -21.753 0.6000000238
9777  -13.998  -73.495  -31.170 0.6000000238
8889  -8.804  -74.302  -20.980 0.6000000238
7450  -13.165  -77.123  -22.755 0.8000000119
8890  -9.548  -74.570  -20.794 0.6000000238
100051  -12.608  -70.507  -31.776 0.6000000238
8151  -10.058  -75.437  -20.899 0.6000000238
92731  -13.479  -71.663  -32.500 0.6000000238
7420  -12.764  -76.539  -21.086 0.8000000119
11988  -13.491  -70.623  -29.549 0.6000000238
8152  -10.863  -75.591  -20.616 0.6000000238
9619  -10.676  -73.371  -19.044 0.6000000238
11863  -10.318  -70.521  -16.582 0.6000000238
11070  -11.169  -71.035  -16.480 0.6000000238
11054  -12.261  -71.217  -15.607 0.5000000000
14081  -9.577  -67.746  -14.238 0.5000000000
11850  -11.032  -70.484  -15.840 0.6000000238
12559  -12.479  -69.238  -14.708 0.5000000000
18790  -7.867  -61.737  -13.323 0.6999999881
104395  -9.361  -61.786  -13.189 0.6999999881
17927  -10.123  -63.179  -13.691 0.6000000238
18793  -12.116  -61.227  -14.061 0.5000000000
20581  -13.449  -59.701  -16.331 0.5000000000
101480  -9.960  -65.000  -15.091 0.6000000238
15630  -10.459  -64.532  -17.561 0.5000000000
22087  -13.442  -57.885  -14.440 0.5000000000
21314  -13.589  -58.104  -13.012 0.6000000238
22688  -11.798  -56.675  -10.004 0.4000000060
22034  -12.409  -57.034  -10.674 0.4000000060
106517  -13.061  -56.822  -11.220 0.4000000060
23356  -12.930  -55.836  -13.068 0.5000000000
23346  -12.613  -55.370  -12.413 0.4000000060
22729  -10.709  -55.979  -14.727 0.4000000060
22728  -9.915  -55.997  -15.226 0.4000000060
24035  -12.160  -54.931  -12.038 0.4000000060
106997  -11.927  -54.935  -12.633 0.4000000060
94483  -10.160  -53.909  -14.281 0.4000000060
25627  -10.783  -52.771  -11.480 0.5000000000
25614  -10.259  -52.031  -11.168 0.5000000000
26375  -9.877  -51.554  -11.395 0.4000000060
26362  -9.129  -50.888  -10.717 0.3000000119
7646  -20.071  -75.625  -38.901 0.5000000000
7655  -20.115  -76.439  -39.711 0.5000000000
6889  -20.209  -77.957  -40.522 0.5000000000
6879  -20.287  -77.146  -40.224 0.5000000000
6136  -20.474  -79.268  -41.054 0.5000000000
6129  -20.719  -78.616  -40.826 0.5000000000
5472  -21.745  -79.738  -41.266 0.6000000238
7647  -20.849  -75.400  -38.927 0.5000000000
7656  -20.716  -76.531  -39.504 0.5000000000
6890  -20.914  -77.901  -40.518 0.5000000000
4956  -22.144  -80.350  -41.075 0.6000000238
6130  -21.728  -78.555  -40.870 0.6000000238
6137  -21.254  -79.175  -41.136 0.6000000238
8358  -20.582  -74.431  -38.654 0.4000000060
9076  -16.785  -73.510  -35.635 0.4000000060
92328  -17.778  -73.019  -36.149 0.4000000060
9087  -18.396  -72.578  -36.987 0.5000000000
9818  -19.103  -72.770  -37.321 0.5000000000
9103  -18.574  -72.924  -37.579 0.5000000000
9819  -19.956  -73.080  -37.438 0.5000000000
9088  -19.468  -72.814  -37.031 0.5000000000
9823  -19.966  -73.265  -38.024 0.5000000000
9824  -20.607  -73.297  -37.900 0.5000000000
4957  -23.213  -80.218  -41.195 0.6000000238
99282  -24.289  -80.221  -40.913 0.6000000238
8359  -21.382  -74.300  -38.523 0.5000000000
89538  -21.802  -74.837  -38.447 0.5000000000
5474  -23.667  -79.754  -41.459 0.6000000238
7648  -21.414  -75.922  -38.811 0.5000000000
6881  -22.049  -77.791  -39.923 0.6000000238
6131  -22.982  -78.658  -41.155 0.6000000238
4958  -23.988  -80.076  -41.344 0.6000000238
6132  -23.947  -78.410  -41.292 0.6000000238
5475  -24.337  -79.297  -41.454 0.6000000238
5476  -25.000  -79.147  -41.387 0.6999999881
6140  -24.323  -78.622  -41.437 0.6000000238
6141  -24.929  -78.577  -41.432 0.6999999881
7607  -15.453  -75.677  -34.893 0.6000000238
8324  -15.837  -74.733  -34.976 0.6000000238
8325  -16.592  -74.693  -35.094 0.5000000000
8326  -17.530  -74.545  -35.378 0.5000000000
8327  -18.478  -74.436  -35.772 0.6000000238
9077  -18.896  -73.112  -36.537 0.5000000000
9078  -19.992  -73.658  -36.688 0.5000000000
9090  -21.215  -73.574  -37.421 0.5000000000
8338  -21.054  -73.884  -36.807 0.5000000000
8354  -21.756  -73.956  -38.065 0.5000000000
4401  -24.236  -80.820  -39.371 0.6999999881
4950  -24.689  -80.299  -40.144 0.6000000238
4951  -25.524  -80.014  -39.922 0.8000000119
7649  -22.002  -75.986  -38.223 0.5000000000
6869  -21.581  -77.075  -39.054 0.5000000000
4954  -25.100  -79.834  -40.634 0.6999999881
6891  -22.495  -78.260  -40.545 0.6000000238
90698  -26.057  -78.684  -40.826 0.6999999881
6892  -24.101  -77.931  -41.033 0.6000000238
89459  -25.064  -77.663  -41.136 0.6999999881
6893  -25.658  -77.874  -41.291 0.6999999881
6134  -26.496  -77.873  -41.071 0.6000000238
99334  -14.468  -75.193  -35.152 0.5000000000
7608  -16.312  -75.732  -34.804 0.6000000238
7610  -18.256  -75.685  -35.149 0.6000000238
8328  -19.429  -74.598  -36.062 0.6000000238
8329  -20.519  -74.765  -36.155 0.6000000238
8339  -21.767  -74.315  -37.229 0.5000000000
7623  -22.082  -75.413  -36.748 0.6000000238
4941  -25.139  -80.500  -39.426 0.6999999881
7640  -22.173  -74.927  -37.714 0.5000000000
4942  -25.825  -80.287  -39.091 0.5000000000
4935  -26.112  -80.505  -38.014 0.6000000238
90170  -22.523  -77.811  -39.137 0.5000000000
4952  -26.195  -79.819  -39.676 0.6000000238
5469  -25.399  -79.309  -40.994 0.6999999881
5470  -25.955  -79.492  -40.306 0.6000000238
107120  -23.835  -77.959  -40.351 0.5000000000
6124  -26.872  -78.594  -40.366 0.6000000238
6135  -27.162  -77.667  -40.629 0.6000000238
6872  -24.715  -77.795  -39.346 0.5000000000
89870  -25.276  -77.350  -40.364 0.6000000238
6894  -26.469  -77.193  -40.936 0.5000000000
7650  -26.722  -76.066  -39.609 0.5000000000
6896  -28.190  -76.913  -40.031 0.5000000000
6826  -14.122  -76.344  -35.169 0.6000000238
7592  -14.845  -76.427  -35.046 0.6000000238
6825  -13.239  -76.270  -35.208 0.4000000060
101001  -22.203  -76.469  -36.195 0.5000000000
4943  -26.622  -79.938  -38.848 0.6000000238
7624  -22.365  -76.482  -37.184 0.5000000000
96899  -22.962  -78.027  -38.321 0.5000000000
5464  -26.725  -79.406  -39.828 0.5000000000
5456  -27.315  -79.439  -39.199 0.5000000000
4944  -27.224  -79.845  -38.177 0.5000000000
6856  -24.106  -78.343  -38.327 0.5000000000
5465  -27.314  -78.944  -39.768 0.5000000000
6125  -27.661  -78.286  -40.039 0.5000000000
6857  -25.328  -78.058  -38.414 0.6000000238
6886  -27.943  -77.533  -40.121 0.6000000238
6858  -26.166  -77.495  -38.273 0.6000000238
6874  -26.248  -76.497  -39.211 0.5000000000
6809  -11.767  -77.024  -34.489 0.4000000060
6854  -22.608  -77.673  -37.592 0.5000000000
5451  -28.249  -79.034  -38.331 0.5000000000
6855  -23.213  -78.301  -37.629 0.5000000000
6109  -23.901  -78.763  -37.535 0.5000000000
6126  -28.401  -77.959  -39.580 0.5000000000
6118  -28.691  -78.242  -38.795 0.5000000000
6099  -29.596  -78.053  -37.098 0.5000000000
106218  -32.032  -77.122  -36.558 0.5000000000
6110  -24.769  -78.577  -37.561 0.6000000238
6111  -25.816  -78.205  -37.426 0.6000000238
6887  -28.775  -77.303  -39.671 0.5000000000
8366  -29.425  -76.090  -39.360 0.5000000000
6839  -27.296  -76.651  -37.051 0.5000000000
5422  -24.019  -79.490  -35.330 0.5000000000
6860  -29.447  -77.677  -38.244 0.5000000000
6840  -30.493  -77.181  -37.721 0.5000000000
6100  -30.950  -77.445  -36.843 0.5000000000
5438  -24.616  -79.113  -35.983 0.5000000000
5423  -24.865  -79.352  -35.134 0.6000000238
6875  -29.308  -77.531  -39.189 0.5000000000
6861  -30.100  -77.090  -38.675 0.5000000000
6841  -31.593  -76.570  -37.063 0.5000000000
6829  -32.529  -76.627  -36.264 0.5000000000
6830  -33.256  -76.825  -35.594 0.5000000000
103043  -26.657  -77.578  -37.219 0.5000000000
6888  -29.668  -76.821  -39.251 0.5000000000
7652  -30.027  -76.122  -38.903 0.5000000000
5407  -24.117  -79.623  -34.542 0.5000000000
6842  -31.979  -76.205  -36.628 0.5000000000
7588  -33.216  -76.608  -34.868 0.4000000060
9770  -4.371  -73.558  -30.324 0.4000000060
11117  -7.753  -71.742  -19.322 0.5000000000
13391  -7.736  -69.274  -18.613 0.5000000000
14853  -6.077  -66.747  -16.301 0.5000000000
14114  -6.596  -67.411  -16.663 0.5000000000
90372  -7.738  -61.103  -12.959 0.5000000000
20515  -8.479  -59.927  -12.207 0.5000000000
6094  -23.303  -78.800  -37.016 0.5000000000
6138  -22.356  -79.121  -41.308 0.6000000238
6880  -21.108  -77.374  -40.027 0.6000000238
6139  -23.550  -79.050  -41.468 0.6000000238
6882  -23.136  -78.092  -40.207 0.6000000238
6897  -24.715  -78.122  -41.342 0.6999999881
6870  -22.193  -77.333  -38.181 0.5000000000
6883  -24.427  -77.738  -40.339 0.6000000238
6884  -25.796  -77.282  -41.061 0.6000000238
6885  -26.124  -76.772  -40.344 0.6000000238
4934  -25.169  -80.799  -38.460 0.6999999881
6871  -23.650  -78.113  -39.391 0.5000000000
6873  -25.563  -77.225  -39.356 0.6000000238
7657  -26.763  -76.623  -40.380 0.5000000000
7659  -28.840  -76.509  -39.716 0.5000000000
5457  -27.963  -78.815  -39.289 0.5000000000
102813  -26.767  -76.670  -38.059 0.5000000000
6095  -24.208  -79.161  -36.955 0.5000000000
6097  -26.242  -78.297  -36.491 0.5000000000
6096  -25.271  -78.754  -36.683 0.5000000000
100192  -30.226  -76.562  -38.646 0.5000000000
6862  -30.700  -76.519  -37.968 0.5000000000
7602  -33.428  -76.800  -35.340 0.5000000000
7642  -31.227  -75.986  -37.498 0.4000000060
7617  -32.727  -76.482  -36.003 0.4000000060
4915  -27.653  -81.316  -35.749 0.5000000000
4928  -27.871  -80.529  -36.197 0.6000000238
4927  -27.412  -80.928  -36.427 0.6000000238
4385  -26.400  -81.353  -36.417 0.4000000060
5424  -28.444  -79.634  -35.908 0.4000000060
96379  -28.306  -79.204  -37.496 0.4000000060
5441  -28.042  -79.693  -36.787 0.5000000000
4937  -27.247  -80.363  -37.177 0.6000000238
5450  -27.729  -79.674  -37.604 0.4000000060
4926  -26.972  -80.974  -36.757 0.5000000000
4395  -26.449  -80.794  -37.104 0.6000000238
91288  -23.276  -81.154  -39.757 0.6000000238
4411  -23.794  -80.680  -40.343 0.6000000238
4410  -22.823  -81.136  -40.243 0.6000000238
4418  -22.375  -81.018  -40.566 0.5000000000
4421  -21.966  -80.810  -40.766 0.5000000000
4955  -21.219  -80.297  -41.128 0.4000000060
5467  -20.058  -79.795  -40.954 0.5000000000
6878  -19.910  -77.256  -40.236 0.4000000060
11978  -14.038  -70.455  -28.688 0.4000000060
11989  -14.270  -70.347  -29.583 0.4000000060
12006  -13.868  -70.463  -30.466 0.5000000000
14842  -12.123  -66.618  -15.796 0.5000000000
14855  -11.753  -66.035  -16.427 0.5000000000
14856  -12.576  -66.574  -16.700 0.5000000000
14872  -12.064  -65.929  -17.644 0.4000000060
15643  -10.254  -64.738  -18.554 0.4000000060
14886  -13.342  -66.122  -18.321 0.4000000060
17133  -9.779  -63.856  -18.661 0.4000000060
16375  -9.787  -64.413  -18.844 0.4000000060
15658  -10.828  -65.088  -18.727 0.4000000060
17951  -10.320  -63.086  -17.746 0.4000000060
17961  -9.803  -63.188  -18.635 0.4000000060
15678  -12.242  -65.267  -19.040 0.4000000060
18844  -10.263  -61.978  -18.703 0.4000000060
17982  -10.291  -62.229  -20.077 0.4000000060
17150  -11.707  -63.547  -20.096 0.4000000060
18845  -11.196  -61.486  -18.114 0.4000000060
18853  -10.151  -61.696  -19.858 0.4000000060
19753  -11.474  -60.520  -18.506 0.4000000060
18854  -10.586  -61.072  -19.228 0.4000000060
21357  -12.266  -58.318  -16.849 0.3000000119
21370  -11.589  -58.405  -18.022 0.4000000060
22755  -10.079  -56.512  -16.516 0.3000000119
22108  -10.229  -57.109  -17.273 0.3000000119
21356  -11.229  -57.813  -17.453 0.3000000119
98084  -12.561  -65.964  -18.285 0.4000000060
15659  -11.982  -65.496  -18.827 0.4000000060
14885  -11.697  -65.496  -18.541 0.4000000060
94561  -11.348  -65.281  -18.951 0.4000000060
16390  -10.414  -64.479  -19.523 0.4000000060
16393  -12.643  -64.881  -19.061 0.4000000060
16391  -11.134  -64.536  -19.635 0.4000000060
17149  -10.718  -63.784  -20.001 0.4000000060
17148  -9.944  -63.788  -19.678 0.4000000060
4857  -30.938  -80.107  -30.603 0.3000000119
93436  -31.556  -79.948  -30.154 0.3000000119
5361  -30.229  -80.026  -30.949 0.4000000060
4856  -30.396  -80.520  -31.300 0.3000000119
88913  -31.141  -80.347  -30.874 0.4000000060
103548  -29.520  -81.408  -32.036 0.3000000119
4869  -30.064  -81.104  -31.825 0.4000000060
4868  -29.127  -81.438  -31.996 0.3000000119
92337  -29.728  -81.387  -32.333 0.3000000119
4882  -29.088  -81.641  -32.273 0.3000000119
4350  -29.185  -81.714  -32.579 0.3000000119
103744  -28.687  -81.890  -32.403 0.3000000119
4360  -28.769  -82.053  -32.795 0.3000000119
4896  -29.073  -81.597  -33.249 0.3000000119
3885  -28.243  -82.712  -32.896 0.3000000119
4367  -28.384  -81.941  -33.577 0.3000000119
3371  -27.462  -83.760  -32.246 0.3000000119
3875  -27.921  -83.106  -32.280 0.3000000119
3884  -27.817  -83.259  -32.922 0.3000000119
3895  -27.732  -82.431  -33.920 0.3000000119
3390  -27.293  -83.673  -33.207 0.4000000060
4870  -30.751  -80.564  -31.585 0.3000000119
4855  -29.674  -80.848  -31.607 0.4000000060
4883  -30.529  -80.805  -32.119 0.4000000060
4881  -28.538  -81.937  -32.339 0.3000000119
4897  -29.744  -81.254  -32.978 0.4000000060
4349  -28.002  -82.751  -32.204 0.3000000119
4909  -28.538  -81.098  -34.242 0.4000000060
96181  -26.990  -84.221  -32.017 0.3000000119
3874  -27.584  -83.443  -32.008 0.4000000060
4366  -27.943  -81.616  -34.754 0.4000000060
4375  -27.285  -81.959  -35.172 0.3000000119
95138  -27.114  -83.970  -31.806 0.3000000119
4871  -31.640  -80.334  -31.306 0.3000000119
4858  -31.980  -80.153  -30.448 0.3000000119
4884  -31.400  -80.380  -31.944 0.3000000119
5360  -29.356  -79.832  -31.310 0.4000000060
4899  -31.246  -80.137  -32.550 0.3000000119
4867  -28.449  -81.245  -32.107 0.3000000119
5372  -28.895  -80.566  -31.752 0.4000000060
4898  -30.421  -80.664  -32.731 0.4000000060
5391  -30.137  -80.036  -33.511 0.4000000060
4866  -27.367  -80.772  -32.261 0.3000000119
4910  -29.242  -80.573  -33.817 0.4000000060
4880  -27.838  -81.927  -32.220 0.3000000119
4879  -26.776  -81.587  -32.255 0.3000000119
5409  -28.758  -80.039  -34.797 0.4000000060
4348  -27.539  -82.855  -31.999 0.3000000119
4916  -28.158  -80.826  -35.366 0.4000000060
2813  -26.277  -84.266  -31.760 0.3000000119
4872  -32.518  -79.940  -31.170 0.3000000119
4859  -32.750  -80.000  -30.465 0.3000000119
6022  -28.448  -79.370  -31.568 0.4000000060
5392  -31.250  -79.435  -33.473 0.4000000060
5411  -30.661  -78.951  -34.242 0.4000000060
5371  -27.923  -80.025  -32.093 0.4000000060
5410  -29.600  -79.404  -34.365 0.4000000060
5425  -29.249  -79.001  -35.339 0.5000000000
6077  -29.121  -78.729  -36.231 0.4000000060
106484  -26.007  -81.774  -32.151 0.3000000119
6098  -28.690  -78.979  -36.889 0.4000000060
4347  -26.555  -82.629  -31.961 0.3000000119
3366  -26.471  -83.941  -31.608 0.3000000119
3365  -25.672  -84.084  -31.533 0.3000000119
4900  -31.969  -79.889  -32.435 0.3000000119
6067  -30.315  -78.580  -35.102 0.5000000000
6078  -30.058  -78.266  -36.079 0.4000000060
92059  -26.344  -80.409  -32.190 0.4000000060
4865  -25.623  -80.949  -31.884 0.3000000119
4334  -25.505  -82.199  -31.662 0.3000000119
100880  -25.356  -83.116  -31.425 0.3000000119
3364  -24.797  -84.129  -31.503 0.3000000119
3861  -25.747  -83.717  -31.490 0.3000000119
5393  -32.174  -79.424  -33.187 0.3000000119
6057  -31.882  -78.704  -34.488 0.4000000060
6068  -31.684  -78.375  -35.200 0.4000000060
4864  -24.806  -81.401  -30.953 0.3000000119
4318  -24.185  -81.818  -30.291 0.3000000119
4333  -24.654  -82.423  -31.076 0.3000000119
3860  -24.890  -83.441  -31.313 0.3000000119
3835  -23.627  -81.942  -29.886 0.3000000119
3849  -23.542  -82.537  -30.472 0.3000000119
3850  -24.088  -82.627  -30.666 0.3000000119
3357  -24.144  -83.333  -31.098 0.3000000119
6070  -33.613  -77.639  -34.920 0.3000000119
6069  -32.861  -78.159  -35.167 0.4000000060
3848  -22.755  -82.505  -30.359 0.3000000119
3847  -22.323  -82.971  -31.269 0.3000000119
6060  -34.023  -77.629  -33.643 0.3000000119
6059  -33.709  -78.039  -34.144 0.3000000119
103047  -33.397  -77.382  -35.377 0.3000000119
6804  -33.941  -77.192  -34.549 0.3000000119
14871  -11.277  -65.394  -17.129 0.5000000000
20586  -12.202  -59.358  -18.006 0.5000000000
20601  -11.198  -59.617  -18.776 0.4000000060
15644  -10.814  -64.853  -17.938 0.4000000060
4394  -25.709  -80.900  -37.251 0.6000000238
4936  -26.779  -80.384  -37.632 0.5000000000
6112  -28.775  -78.491  -37.810 0.4000000060
6079  -31.277  -77.872  -35.967 0.4000000060
6080  -32.559  -77.459  -35.813 0.4000000060
6820  -33.823  -77.013  -35.161 0.3000000119
14100  -12.922  -67.146  -15.711 0.5000000000
14873  -12.933  -66.544  -17.603 0.4000000060
15660  -12.715  -65.682  -18.608 0.4000000060
3876  -28.269  -82.371  -32.365 0.3000000119
3873  -26.146  -83.356  -31.661 0.3000000119
6058  -32.738  -78.608  -34.212 0.3000000119
3859  -23.384  -83.172  -31.058 0.3000000119
4417  -21.433  -81.337  -40.501 0.5000000000
4409  -21.862  -81.767  -40.166 0.5000000000
3932  -22.314  -81.935  -39.671 0.5000000000
91740  -24.129  -80.982  -38.353 0.5000000000
4393  -24.675  -81.081  -37.460 0.4000000060
5408  -24.869  -79.300  -34.444 0.4000000060
4386  -27.126  -81.456  -36.047 0.5000000000
4374  -26.647  -81.892  -35.624 0.3000000119
3902  -26.685  -82.427  -34.903 0.3000000119
3894  -27.380  -83.078  -33.740 0.3000000119
3903  -27.158  -82.606  -34.453 0.3000000119
5370  -26.750  -79.661  -32.002 0.3000000119
6020  -26.276  -78.741  -31.316 0.3000000119
6021  -27.375  -78.940  -31.591 0.3000000119
6002  -28.972  -78.695  -31.042 0.3000000119
6003  -29.849  -79.013  -30.837 0.3000000119
6750  -29.438  -78.123  -30.407 0.3000000119
6000  -26.978  -78.013  -30.921 0.3000000119
6001  -28.009  -78.320  -31.076 0.3000000119
6749  -28.597  -77.823  -30.485 0.3000000119
6004  -30.488  -79.240  -30.470 0.3000000119
6748  -27.680  -77.638  -30.321 0.3000000119
5982  -30.248  -78.499  -30.181 0.3000000119
5466  -19.973  -78.994  -40.495 0.3000000119
4400  -23.292  -81.359  -38.913 0.5000000000
16376  -13.168  -64.439  -18.887 0.3000000119
16392  -11.904  -64.512  -19.557 0.3000000119
19768  -9.805  -60.814  -20.374 0.3000000119
4416  -20.470  -81.437  -40.553 0.4000000060
3930  -20.850  -82.694  -39.971 0.4000000060
2872  -22.154  -85.571  -37.477 0.4000000060
99731  -22.434  -84.626  -38.681 0.4000000060
3915  -22.697  -83.770  -38.161 0.4000000060
3916  -22.827  -82.270  -37.727 0.4000000060
4392  -23.466  -81.399  -37.693 0.4000000060
3925  -21.918  -83.181  -39.571 0.4000000060
3926  -22.610  -82.090  -38.663 0.4000000060
101984  -22.020  -86.230  -36.652 0.3000000119
2860  -22.597  -85.005  -37.150 0.4000000060
3909  -22.831  -83.441  -36.908 0.4000000060
3931  -21.457  -82.727  -39.922 0.4000000060
90733  -22.282  -85.149  -38.294 0.4000000060
3420  -22.046  -84.212  -39.234 0.4000000060
91183  -22.317  -85.746  -36.831 0.3000000119
3405  -22.804  -84.424  -37.776 0.4000000060
93419  -22.340  -83.111  -38.795 0.4000000060
4382  -23.436  -81.788  -36.877 0.4000000060
2415  -22.098  -85.957  -35.919 0.3000000119
93103  -22.383  -84.957  -35.617 0.3000000119
93586  -22.630  -83.847  -35.937 0.3000000119
3911  -23.850  -81.943  -36.020 0.3000000119
4372  -24.952  -81.943  -35.950 0.3000000119
3910  -23.072  -82.549  -36.686 0.3000000119
4373  -25.886  -81.879  -35.824 0.3000000119
4384  -25.317  -81.416  -36.568 0.3000000119
4383  -24.205  -81.443  -36.646 0.3000000119
4293  -17.777  -80.777  -28.376 0.3000000119
4828  -18.545  -80.493  -27.937 0.3000000119
4842  -24.265  -80.557  -29.241 0.3000000119
4822  -19.881  -80.373  -27.102 0.3000000119
103546  -20.687  -80.651  -26.879 0.3000000119
4831  -22.100  -81.155  -27.854 0.3000000119
4832  -22.772  -80.911  -27.863 0.3000000119
4297  -23.267  -81.178  -28.318 0.3000000119
4841  -23.836  -80.957  -28.679 0.3000000119
4815  -21.794  -80.450  -26.701 0.3000000119
4824  -22.239  -80.639  -27.307 0.3000000119
4825  -22.855  -80.215  -27.381 0.3000000119
4833  -23.460  -80.384  -28.009 0.3000000119
3898  -22.840  -82.984  -35.807 0.3000000119
96167  -19.075  -80.106  -28.651 0.3000000119
91819  -21.455  -80.938  -28.058 0.3000000119
4830  -20.590  -80.464  -27.868 0.3000000119
4829  -19.518  -80.207  -27.967 0.3000000119
4823  -21.484  -80.773  -27.265 0.3000000119
103431  -22.375  -79.965  -26.677 0.3000000119
1929  -21.790  -86.453  -36.071 0.3000000119
1934  -21.512  -86.539  -36.518 0.3000000119
1935  -21.961  -86.156  -37.104 0.3000000119
4419  -23.395  -80.519  -40.871 0.5000000000
4420  -21.223  -80.824  -40.848 0.4000000060
4422  -22.687  -80.577  -40.884 0.5000000000
4953  -20.493  -80.544  -40.945 0.4000000060
5357  -10.863  -78.880  -30.537 0.6999999881
5376  -8.450  -79.463  -31.965 0.6000000238
5405  -22.627  -79.477  -34.066 0.5000000000
5440  -27.608  -80.266  -36.803 0.6000000238
5468  -24.693  -79.695  -41.185 0.6999999881
5471  -20.764  -79.804  -41.172 0.6000000238
5473  -22.829  -79.715  -41.381 0.6000000238
5957  -12.283  -78.357  -28.846 0.6000000238
5973  -10.089  -78.442  -29.745 0.6999999881
5989  -10.277  -78.859  -29.925 0.6999999881
6052  -15.384  -78.040  -33.402 0.6999999881
6053  -20.814  -78.059  -32.805 0.4000000060
6076  -23.500  -79.119  -36.140 0.6000000238
6127  -19.949  -78.181  -40.454 0.5000000000
6128  -20.176  -78.837  -40.734 0.5000000000
6133  -25.403  -78.681  -41.266 0.6999999881
6642  -9.704  -78.320  -22.710 0.6000000238
6716  -16.510  -77.433  -29.336 0.6000000238
6740  -17.771  -76.942  -30.400 0.5000000000
7419  -12.340  -76.041  -20.503 0.8000000119
7433  -9.713  -77.253  -21.535 0.6000000238
7447  -10.448  -78.178  -23.120 0.6000000238
7478  -10.589  -76.892  -24.759 0.6999999881
7505  -15.504  -76.675  -27.605 0.6000000238
7506  -16.284  -76.518  -27.624 0.6000000238
7524  -13.796  -76.837  -27.879 0.5000000000
7526  -16.685  -76.959  -27.797 0.5000000000
7527  -17.574  -76.649  -27.929 0.5000000000
7544  -9.937  -77.065  -29.677 0.6999999881
7547  -12.373  -76.163  -28.930 0.5000000000
7548  -17.953  -76.788  -28.761 0.5000000000
7653  -30.609  -76.049  -38.277 0.5000000000
8153  -13.137  -76.128  -20.436 0.6000000238
8182  -14.547  -75.926  -23.514 0.6000000238
8197  -14.122  -75.561  -24.150 0.6000000238
8209  -8.913  -75.919  -25.898 0.6999999881
8213  -12.699  -75.273  -24.884 0.8000000119
8223  -7.067  -75.175  -26.584 0.5000000000
8242  -15.874  -75.946  -27.548 0.6000000238
8265  -14.697  -75.638  -27.961 0.6000000238
8279  -12.776  -75.386  -29.124 0.5000000000
8948  -10.110  -75.151  -25.704 0.6000000238
8951  -13.126  -74.348  -25.194 0.8000000119
8963  -5.346  -73.384  -27.118 0.6000000238
8968  -11.181  -73.791  -25.989 0.6999999881
9024  -14.383  -74.462  -29.403 0.6000000238
9033  -5.612  -74.327  -31.012 0.5000000000
9040  -14.030  -74.081  -30.333 0.6000000238
9089  -20.486  -73.182  -37.136 0.5000000000
9104  -19.301  -73.573  -38.076 0.5000000000
9105  -21.019  -73.668  -38.331 0.5000000000
9108  -20.171  -73.733  -38.370 0.4000000060
9620  -11.567  -73.681  -18.604 0.6999999881
9622  -13.365  -74.483  -17.864 0.5000000000
9634  -9.873  -73.393  -19.616 0.6999999881
9696  -13.753  -73.871  -25.007 0.6999999881
9705  -4.598  -72.752  -27.297 0.6999999881
9707  -7.665  -73.667  -26.297 0.6000000238
9710  -11.476  -72.826  -26.062 0.8000000119
9731  -3.446  -73.092  -27.848 0.6000000238
9743  -16.229  -73.532  -27.996 0.5000000000
9758  -14.996  -73.459  -29.696 0.5000000000
9790  -13.855  -72.866  -31.780 0.6000000238
9797  -11.848  -73.054  -32.395 0.6000000238
9817  -17.328  -72.586  -36.812 0.5000000000
9820  -20.738  -73.254  -37.436 0.5000000000
9825  -20.478  -73.438  -38.185 0.5000000000
10320  -12.210  -72.065  -16.689 0.6000000238
10321  -12.940  -72.510  -16.418 0.5000000000
10359  -9.224  -72.818  -19.479 0.6000000238
10418  -13.879  -72.542  -23.986 0.5000000000
10431  -11.488  -72.107  -25.700 0.8000000119
10433  -12.913  -72.584  -25.005 0.6000000238
10451  -4.123  -72.209  -27.513 0.6999999881
10452  -4.729  -72.232  -27.378 0.6999999881
10458  -3.727  -72.416  -27.747 0.6000000238
10470  -3.546  -72.386  -28.067 0.6000000238
10518  -15.291  -72.069  -30.528 0.5000000000
10534  -14.874  -71.889  -31.520 0.5000000000
10540  -12.209  -72.525  -32.571 0.6000000238
11100  -9.692  -71.314  -18.430 0.8000000119
11101  -10.485  -71.764  -18.098 0.5000000000
11160  -10.345  -70.282  -23.389 0.5000000000
11177  -11.746  -71.477  -24.034 0.5000000000
11189  -10.893  -71.474  -25.334 0.6000000238
11197  -5.166  -71.747  -27.414 0.6000000238
11210  -4.062  -72.023  -27.548 0.6999999881
11224  -3.862  -71.904  -28.101 0.6000000238
11225  -4.465  -71.391  -28.007 0.6000000238
11268  -9.906  -71.806  -32.324 0.6000000238
11282  -12.772  -71.735  -32.568 0.6000000238
11843  -13.027  -69.870  -14.852 0.5000000000
11851  -11.813  -70.611  -15.416 0.5000000000
11874  -9.991  -70.574  -17.566 0.6000000238
11892  -7.908  -70.990  -19.022 0.5000000000
11953  -5.893  -71.064  -27.184 0.6000000238
11954  -6.125  -70.205  -26.962 0.6000000238
11958  -8.993  -70.342  -25.368 0.6999999881
11967  -5.672  -70.377  -27.654 0.6000000238
11974  -5.328  -70.484  -28.212 0.5000000000
11975  -6.601  -69.594  -28.408 0.6999999881
11981  -5.903  -70.478  -28.706 0.6000000238
12020  -10.682  -71.363  -32.257 0.6000000238
12022  -13.017  -70.652  -32.337 0.6000000238
12033  -11.487  -71.476  -32.400 0.6000000238
12558  -11.502  -69.559  -14.847 0.5000000000
12656  -9.468  -69.253  -23.326 0.5000000000
12664  -8.980  -68.997  -23.975 0.5000000000
12671  -6.236  -69.190  -26.755 0.5000000000
12676  -6.091  -68.811  -26.971 0.5000000000
12685  -6.013  -69.400  -27.259 0.6000000238
12687  -9.035  -68.463  -27.822 0.5000000000
12697  -6.350  -69.009  -27.715 0.6000000238
12708  -8.231  -69.582  -28.924 0.6000000238
13326  -9.333  -68.379  -14.587 0.6000000238
13374  -8.049  -69.029  -18.212 0.6000000238
13442  -6.632  -68.547  -26.694 0.5000000000
13476  -9.049  -68.249  -27.029 0.5000000000
13489  -7.485  -68.370  -27.540 0.5000000000
14079  -7.574  -67.492  -14.543 0.6999999881
14116  -13.351  -67.120  -16.935 0.4000000060
14874  -13.299  -66.470  -18.016 0.4000000060
14884  -11.356  -65.340  -18.108 0.4000000060
15657  -10.100  -64.914  -19.059 0.4000000060
15676  -10.853  -65.025  -19.216 0.4000000060
15677  -11.541  -65.115  -19.200 0.4000000060
16364  -10.232  -64.222  -18.224 0.4000000060
16389  -9.818  -64.348  -19.263 0.4000000060
17100  -8.703  -64.288  -13.506 0.8000000119
17147  -9.607  -63.845  -19.084 0.4000000060
17151  -12.430  -64.041  -19.513 0.3000000119
17936  -12.280  -62.547  -15.436 0.4000000060
17962  -9.908  -62.442  -19.107 0.4000000060
17981  -9.874  -63.110  -19.436 0.4000000060
18837  -12.697  -61.560  -16.655 0.4000000060
19713  -12.661  -60.502  -14.166 0.5000000000
19735  -13.548  -60.226  -15.468 0.5000000000
20554  -13.370  -59.272  -14.538 0.5000000000
22101  -13.010  -57.874  -15.239 0.4000000060
22689  -12.856  -56.413  -10.812 0.4000000060
22703  -13.151  -56.249  -11.400 0.4000000060
22744  -9.779  -55.921  -16.107 0.4000000060
90578  -12.968  -74.707  -18.570 0.6000000238
90981  -8.505  -68.510  -25.214 0.5000000000
91335  -6.738  -69.093  -26.400 0.6000000238
92270  -11.144  -73.036  -18.389 0.6000000238
92516  -7.483  -72.114  -26.700 0.6000000238
92801  -19.327  -73.074  -37.733 0.5000000000
93289  -6.574  -70.623  -28.955 0.6000000238
96142  -14.911  -78.294  -30.707 0.6999999881
96420  -11.328  -63.840  -19.977 0.4000000060
96597  -13.878  -76.868  -22.652 0.6999999881
97401  -11.162  -68.277  -14.556 0.6000000238
98794  -13.530  -73.743  -30.962 0.6000000238
98835  -13.723  -72.716  -16.256 0.5000000000
99237  -27.718  -79.386  -38.580 0.5000000000
101184  -23.395  -78.298  -40.889 0.6000000238
101459  -13.670  -78.617  -30.675 0.6999999881
101748  -13.910  -57.010  -13.429 0.5000000000
102218  -21.152  -73.484  -37.844 0.5000000000
103298  -21.643  -77.973  -40.386 0.6000000238
103478  -13.206  -59.161  -13.883 0.6000000238
103514  -7.188  -68.358  -26.489 0.6000000238
104169  -17.839  -77.529  -32.781 0.6000000238
104180  -7.924  -72.928  -20.236 0.6000000238
104489  -9.800  -72.032  -32.184 0.6000000238
104528  -10.073  -62.629  -18.368 0.4000000060
104717  -12.862  -65.400  -18.740 0.4000000060
105121  -9.185  -73.915  -20.597 0.6000000238
105371  -7.999  -78.904  -30.660 0.5000000000
105803  -26.447  -79.107  -40.297 0.6000000238
