#!ascii label  , from subject OASIS_0001 vox2ras=TkReg
1391
8259  -36.815  -76.155  -27.165 0.1000000015
8258  -36.124  -76.393  -27.796 0.1000000015
6732  -35.463  -77.681  -29.677 0.1000000015
7541  -35.889  -76.848  -28.571 0.1000000015
7560  -34.904  -77.075  -29.278 0.1000000015
8257  -35.054  -75.185  -27.400 0.1000000015
7559  -33.982  -76.942  -29.458 0.1000000015
7539  -33.900  -76.374  -28.623 0.1000000015
103753  -33.552  -75.364  -28.237 0.1000000015
7538  -33.145  -76.464  -29.000 0.1000000015
8271  -32.970  -75.848  -28.655 0.1000000015
9014  -33.389  -74.465  -28.261 0.1000000015
100363  -32.977  -75.066  -28.546 0.1000000015
8285  -32.391  -76.137  -29.127 0.1000000015
90086  -32.946  -73.630  -28.984 0.1000000015
9013  -32.794  -74.279  -28.801 0.1000000015
9029  -32.285  -75.123  -28.945 0.1000000015
90937  -37.542  -74.611  -26.256 0.1000000015
9726  -36.747  -73.670  -26.623 0.1000000015
9007  -36.089  -75.233  -26.961 0.1000000015
8273  -35.385  -76.242  -28.084 0.1000000015
8988  -36.154  -74.228  -26.693 0.1000000015
8272  -34.417  -75.749  -28.009 0.1000000015
9005  -34.401  -73.953  -27.307 0.1000000015
8256  -33.958  -74.640  -27.656 0.1000000015
11277  -35.489  -71.606  -33.137 0.1000000015
11264  -34.655  -72.108  -31.512 0.1000000015
10526  -34.408  -72.686  -30.305 0.1000000015
10509  -33.876  -72.996  -29.596 0.1000000015
10479  -33.463  -73.358  -29.148 0.1000000015
9748  -33.387  -73.843  -28.597 0.1000000015
8991  -39.195  -74.076  -25.639 0.1000000015
9727  -39.870  -73.599  -26.593 0.2000000030
8990  -38.339  -74.422  -25.779 0.1000000015
102660  -39.430  -73.343  -27.155 0.1000000015
99908  -38.719  -73.602  -26.379 0.1000000015
10455  -38.331  -73.059  -27.246 0.1000000015
95870  -37.751  -73.601  -26.468 0.1000000015
14987  -37.660  -66.359  -27.746 0.1000000015
14277  -37.296  -67.391  -28.670 0.1000000015
10454  -37.129  -72.868  -27.004 0.1000000015
10453  -36.296  -72.923  -27.001 0.1000000015
9725  -35.781  -73.434  -26.892 0.1000000015
14276  -36.067  -67.756  -29.701 0.1000000015
13501  -36.563  -68.185  -29.423 0.1000000015
12733  -37.204  -69.759  -31.139 0.1000000015
12734  -37.996  -69.767  -30.732 0.1000000015
12032  -37.546  -70.860  -32.266 0.1000000015
10463  -35.537  -72.735  -27.464 0.1000000015
9736  -33.799  -73.855  -27.756 0.1000000015
12719  -36.209  -68.906  -30.227 0.1000000015
12748  -37.089  -70.459  -32.460 0.1000000015
11278  -36.407  -71.466  -32.789 0.1000000015
11279  -37.207  -71.293  -32.391 0.1000000015
10538  -37.215  -71.935  -31.451 0.1000000015
10511  -36.014  -72.979  -30.466 0.1000000015
102143  -34.232  -73.310  -27.666 0.1000000015
102230  -36.350  -70.755  -33.094 0.1000000015
11291  -35.978  -71.220  -33.296 0.1000000015
10527  -36.367  -72.505  -31.339 0.1000000015
10510  -35.145  -73.101  -30.071 0.1000000015
88434  -34.222  -73.357  -29.052 0.1000000015
102424  -35.261  -72.078  -32.225 0.1000000015
102485  -35.398  -72.620  -31.163 0.1000000015
99579  -34.519  -73.105  -29.611 0.1000000015
9728  -41.082  -73.336  -27.040 0.1000000015
8992  -40.420  -73.848  -25.980 0.1000000015
8978  -41.906  -73.326  -25.677 0.2000000030
8961  -41.424  -73.826  -24.807 0.2000000030
9739  -40.559  -73.248  -27.635 0.1000000015
15759  -37.688  -65.718  -27.766 0.1000000015
102099  -37.827  -65.942  -28.124 0.1000000015
10465  -37.559  -72.597  -27.815 0.1000000015
12720  -37.401  -69.033  -29.812 0.1000000015
10464  -36.486  -72.534  -27.650 0.1000000015
12721  -38.736  -69.303  -30.020 0.1000000015
12749  -37.881  -70.419  -31.671 0.1000000015
11265  -37.860  -71.324  -31.583 0.1000000015
10529  -38.130  -72.197  -30.673 0.1000000015
10512  -36.466  -72.743  -29.569 0.1000000015
10481  -35.687  -72.564  -28.414 0.1000000015
10480  -34.910  -73.044  -29.103 0.1000000015
9737  -33.876  -73.389  -28.289 0.1000000015
11217  -42.093  -71.871  -26.640 0.1000000015
11209  -42.247  -71.680  -25.658 0.1000000015
10469  -41.815  -72.059  -27.458 0.1000000015
10457  -42.099  -72.089  -26.939 0.1000000015
9730  -42.278  -72.360  -26.480 0.1000000015
9718  -42.628  -72.546  -25.676 0.2000000030
9729  -41.913  -72.710  -27.082 0.2000000030
9703  -42.612  -73.179  -24.991 0.2000000030
10467  -40.920  -72.652  -28.302 0.1000000015
10466  -39.823  -73.143  -28.245 0.1000000015
14249  -37.682  -67.055  -27.839 0.1000000015
13496  -38.028  -67.910  -28.072 0.1000000015
13487  -37.728  -67.715  -27.709 0.1000000015
10484  -39.453  -72.822  -29.222 0.1000000015
16478  -37.877  -64.899  -27.850 0.1000000015
16477  -37.256  -64.419  -27.331 0.1000000015
104939  -38.256  -68.811  -29.369 0.1000000015
13503  -38.973  -68.836  -29.200 0.1000000015
12017  -39.150  -70.548  -30.574 0.1000000015
100176  -39.824  -71.130  -30.370 0.1000000015
10530  -39.263  -72.087  -30.233 0.1000000015
10513  -38.887  -72.596  -29.902 0.1000000015
10483  -38.250  -72.735  -28.988 0.1000000015
12016  -38.198  -70.761  -31.354 0.1000000015
11266  -38.692  -71.371  -30.745 0.1000000015
95368  -37.671  -72.651  -29.850 0.1000000015
10482  -36.950  -72.501  -28.596 0.1000000015
16479  -38.289  -64.336  -28.245 0.1000000015
17245  -38.476  -63.646  -28.287 0.1000000015
17249  -39.037  -63.387  -28.690 0.1000000015
18099  -38.672  -62.817  -28.282 0.1000000015
95170  -39.337  -71.505  -26.128 0.1000000015
11208  -41.473  -71.537  -26.115 0.1000000015
11215  -40.216  -71.397  -27.263 0.1000000015
11195  -41.356  -71.423  -25.110 0.1000000015
10449  -42.498  -71.998  -25.953 0.1000000015
11196  -43.001  -71.800  -24.860 0.2000000030
11223  -41.283  -71.795  -28.061 0.1000000015
10440  -43.481  -71.993  -24.529 0.2000000030
90525  -39.358  -71.119  -27.576 0.1000000015
17238  -36.821  -63.020  -26.752 0.1000000015
93247  -36.829  -64.787  -26.956 0.1000000015
14986  -37.306  -66.077  -27.371 0.1000000015
14248  -37.390  -66.865  -27.419 0.1000000015
11221  -38.327  -71.030  -27.363 0.1000000015
11222  -40.519  -71.119  -28.345 0.1000000015
10485  -40.542  -72.452  -29.060 0.1000000015
15758  -37.327  -65.284  -27.325 0.1000000015
13488  -38.194  -68.449  -28.120 0.1000000015
12706  -39.540  -69.168  -29.048 0.1000000015
11255  -40.579  -71.074  -29.353 0.1000000015
10515  -40.433  -71.879  -29.631 0.1000000015
18079  -37.377  -62.409  -26.382 0.1000000015
13497  -38.558  -68.765  -28.587 0.1000000015
106623  -40.249  -70.622  -30.063 0.1000000015
12001  -40.419  -70.361  -29.677 0.1000000015
10514  -39.797  -72.438  -29.774 0.1000000015
103863  -37.144  -63.571  -27.242 0.1000000015
17244  -37.818  -63.868  -27.770 0.1000000015
18093  -37.550  -62.836  -27.311 0.1000000015
92950  -38.140  -63.104  -27.878 0.1000000015
18094  -38.326  -62.455  -27.607 0.1000000015
18100  -39.615  -62.616  -28.700 0.1000000015
11214  -38.560  -71.362  -26.766 0.1000000015
11206  -38.339  -71.523  -25.903 0.1000000015
11193  -38.713  -71.466  -24.919 0.1000000015
89897  -42.246  -71.553  -24.764 0.1000000015
11213  -37.545  -71.241  -26.699 0.1000000015
11204  -37.032  -71.355  -26.049 0.1000000015
89408  -40.384  -71.448  -24.453 0.1000000015
11220  -37.420  -70.776  -27.206 0.1000000015
11182  -42.859  -71.565  -23.938 0.2000000030
16473  -36.562  -63.901  -26.784 0.1000000015
15754  -36.623  -65.520  -26.863 0.1000000015
101793  -36.817  -66.427  -26.994 0.1000000015
11971  -38.298  -70.335  -27.764 0.1000000015
11972  -39.479  -70.525  -28.195 0.1000000015
91424  -41.698  -71.674  -23.177 0.1000000015
16472  -36.216  -64.656  -26.501 0.1000000015
91637  -37.843  -68.468  -27.710 0.1000000015
12694  -38.911  -69.059  -28.586 0.1000000015
100078  -38.995  -69.642  -28.348 0.1000000015
11973  -40.501  -70.297  -29.004 0.1000000015
18080  -38.063  -62.096  -26.850 0.1000000015
18967  -38.818  -61.869  -27.238 0.1000000015
18968  -39.423  -61.464  -26.704 0.1000000015
18095  -38.930  -62.208  -27.999 0.1000000015
18984  -39.623  -61.646  -27.818 0.1000000015
18985  -40.529  -61.338  -27.762 0.1000000015
11203  -36.286  -70.922  -25.814 0.1000000015
107182  -36.781  -71.038  -25.253 0.1000000015
93512  -37.608  -71.313  -25.258 0.1000000015
11960  -35.523  -70.393  -25.556 0.1000000015
11205  -37.731  -71.435  -26.200 0.1000000015
11192  -37.811  -71.029  -24.205 0.1000000015
11194  -40.163  -71.484  -25.323 0.1000000015
11212  -36.731  -70.980  -26.618 0.1000000015
11180  -40.094  -71.370  -23.743 0.1000000015
12692  -37.305  -69.279  -27.465 0.1000000015
11965  -35.951  -70.449  -26.478 0.1000000015
89409  -39.465  -71.383  -24.183 0.1000000015
17225  -36.284  -63.234  -26.111 0.1000000015
16465  -36.025  -63.947  -26.114 0.1000000015
14981  -35.800  -66.080  -26.548 0.1000000015
99113  -36.923  -67.496  -27.105 0.1000000015
13486  -37.155  -68.354  -27.345 0.1000000015
11970  -37.503  -70.070  -27.546 0.1000000015
11181  -41.249  -71.582  -24.027 0.1000000015
18078  -36.755  -62.643  -26.029 0.1000000015
107405  -36.971  -66.934  -27.030 0.1000000015
12693  -38.216  -69.257  -27.920 0.1000000015
18067  -38.003  -61.891  -25.958 0.1000000015
90914  -38.718  -61.678  -26.353 0.1000000015
18957  -39.217  -61.299  -26.055 0.1000000015
19874  -40.083  -60.209  -25.877 0.1000000015
18969  -40.184  -61.195  -26.996 0.1000000015
20710  -40.793  -59.732  -26.268 0.1000000015
11950  -35.095  -70.311  -24.593 0.1000000015
11951  -36.079  -70.723  -24.720 0.1000000015
11191  -37.010  -70.891  -24.445 0.1000000015
11959  -34.813  -69.792  -25.419 0.1000000015
12675  -35.310  -69.857  -26.257 0.1000000015
12674  -34.411  -69.019  -25.309 0.1000000015
11178  -37.244  -70.765  -23.555 0.1000000015
11179  -38.485  -71.132  -23.686 0.1000000015
12684  -36.412  -69.226  -27.114 0.1000000015
12682  -34.856  -69.142  -26.110 0.1000000015
105788  -37.847  -70.909  -23.600 0.1000000015
18065  -36.345  -62.664  -25.344 0.1000000015
15753  -35.847  -65.255  -26.389 0.1000000015
97956  -35.848  -67.618  -26.621 0.1000000015
13472  -36.181  -68.357  -26.915 0.1000000015
13471  -35.284  -68.395  -26.434 0.1000000015
11167  -40.424  -71.395  -22.980 0.1000000015
18066  -37.161  -62.011  -25.453 0.1000000015
17224  -35.734  -63.501  -25.349 0.1000000015
14233  -36.329  -66.911  -26.751 0.1000000015
88426  -39.370  -71.174  -22.479 0.1000000015
18955  -37.790  -61.483  -25.382 0.1000000015
19872  -38.509  -60.581  -25.191 0.1000000015
18948  -38.058  -61.025  -25.182 0.1000000015
20699  -38.944  -60.038  -25.190 0.1000000015
19873  -39.278  -60.659  -25.624 0.1000000015
20700  -39.560  -59.827  -25.425 0.1000000015
20701  -40.227  -59.345  -25.706 0.1000000015
13453  -33.877  -67.993  -24.954 0.1000000015
13441  -33.946  -68.671  -24.684 0.1000000015
12669  -34.350  -69.586  -24.456 0.1000000015
11945  -35.621  -70.436  -23.716 0.1000000015
14203  -33.913  -67.191  -24.940 0.1000000015
11952  -36.469  -70.706  -23.882 0.1000000015
15744  -35.280  -65.462  -25.899 0.1000000015
14971  -35.010  -66.250  -25.807 0.1000000015
94611  -34.710  -67.044  -25.560 0.1000000015
13470  -34.645  -68.404  -25.782 0.1000000015
11946  -36.477  -70.491  -23.155 0.1000000015
97213  -37.078  -61.481  -24.809 0.1000000015
18050  -36.546  -62.052  -24.707 0.1000000015
16464  -35.575  -64.547  -25.773 0.1000000015
14217  -35.491  -66.936  -26.194 0.1000000015
11165  -37.879  -70.818  -23.077 0.1000000015
11166  -38.592  -70.971  -22.798 0.1000000015
19868  -37.865  -60.550  -24.787 0.1000000015
20693  -38.336  -59.785  -24.734 0.1000000015
21457  -38.537  -58.810  -24.608 0.1000000015
21466  -39.602  -58.956  -25.307 0.1000000015
21458  -39.104  -58.634  -24.908 0.1000000015
22198  -39.690  -57.499  -24.575 0.1000000015
21467  -40.325  -58.502  -25.436 0.1000000015
11944  -34.787  -70.105  -23.866 0.1000000015
12662  -35.042  -69.905  -23.159 0.1000000015
11933  -35.815  -70.114  -22.808 0.1000000015
18064  -35.836  -62.740  -24.473 0.1000000015
16442  -35.232  -64.191  -24.885 0.1000000015
16463  -35.009  -64.961  -25.145 0.1000000015
14970  -34.404  -66.387  -25.146 0.1000000015
19867  -37.161  -60.723  -24.457 0.1000000015
18946  -36.572  -61.313  -24.296 0.1000000015
11947  -37.207  -70.544  -22.709 0.1000000015
20692  -37.522  -59.895  -24.404 0.1000000015
21456  -37.797  -59.019  -24.336 0.1000000015
107415  -37.848  -57.708  -23.774 0.1000000015
21451  -38.138  -58.200  -24.146 0.1000000015
22189  -38.377  -57.475  -23.946 0.1000000015
22197  -38.923  -57.978  -24.444 0.1000000015
22844  -38.438  -56.619  -23.638 0.1000000015
22190  -39.052  -57.053  -24.193 0.1000000015
22845  -39.329  -56.282  -23.824 0.1000000015
14955  -33.460  -66.910  -24.186 0.1000000015
12668  -33.674  -68.987  -23.878 0.1000000015
95503  -34.309  -69.536  -23.501 0.1000000015
12661  -33.721  -69.063  -23.026 0.1000000015
14956  -33.959  -66.465  -24.602 0.1000000015
15743  -34.735  -65.676  -25.229 0.1000000015
20684  -37.026  -59.175  -24.098 0.1000000015
20691  -36.930  -59.979  -24.141 0.1000000015
21450  -37.349  -58.252  -23.813 0.1000000015
13440  -33.375  -67.941  -24.202 0.1000000015
13433  -33.305  -68.434  -23.313 0.1000000015
15727  -34.287  -65.835  -24.614 0.1000000015
19866  -36.546  -60.516  -23.988 0.1000000015
18945  -36.029  -61.872  -24.087 0.1000000015
17203  -35.380  -63.502  -24.543 0.1000000015
92804  -34.594  -65.266  -24.676 0.1000000015
103647  -37.929  -57.174  -23.610 0.1000000015
23470  -38.800  -55.772  -23.397 0.1000000015
24159  -39.169  -54.977  -23.063 0.1000000015
16434  -34.441  -64.431  -23.654 0.1000000015
15718  -34.275  -65.286  -23.935 0.1000000015
15726  -33.765  -66.087  -24.038 0.1000000015
20683  -36.437  -59.630  -23.694 0.1000000015
19859  -36.142  -60.320  -23.550 0.1000000015
106451  -35.725  -61.661  -23.630 0.1000000015
17195  -35.192  -63.161  -23.867 0.1000000015
17202  -34.892  -63.910  -24.162 0.1000000015
21449  -36.547  -58.641  -23.541 0.1000000015
23469  -38.130  -56.011  -23.210 0.1000000015
23462  -38.299  -55.353  -22.863 0.1000000015
24148  -38.554  -54.551  -22.483 0.1000000015
17194  -34.565  -63.604  -23.389 0.1000000015
18039  -35.413  -62.252  -23.566 0.1000000015
18038  -34.742  -62.789  -23.047 0.1000000015
22188  -37.410  -57.405  -23.434 0.1000000015
22843  -37.658  -56.593  -23.199 0.1000000015
23455  -37.656  -55.003  -22.232 0.1000000015
24140  -37.989  -54.104  -21.847 0.1000000015
21448  -35.947  -59.085  -23.116 0.1000000015
22187  -36.716  -57.753  -23.263 0.1000000015
22183  -36.969  -56.958  -22.888 0.1000000015
22836  -37.185  -56.301  -22.651 0.1000000015
23461  -37.648  -55.817  -22.752 0.1000000015
24961  -37.599  -53.742  -21.106 0.1000000015
24139  -37.297  -54.502  -21.464 0.1000000015
22182  -36.240  -57.325  -22.529 0.1000000015
23460  -37.099  -55.713  -22.192 0.1000000015
23454  -37.058  -55.154  -21.713 0.1000000015
24138  -36.769  -54.978  -21.013 0.1000000015
7561  -35.525  -77.272  -29.031 0.1000000015
7540  -35.043  -76.616  -28.600 0.1000000015
8989  -36.845  -74.950  -26.617 0.1000000015
9006  -35.320  -74.171  -26.901 0.1000000015
9738  -34.867  -73.241  -27.277 0.1000000015
11263  -33.762  -71.820  -30.529 0.1000000015
104268  -33.562  -72.272  -29.842 0.1000000015
13502  -37.880  -68.367  -28.805 0.1000000015
12031  -36.746  -70.980  -32.952 0.1000000015
10537  -36.602  -71.820  -32.013 0.1000000015
10528  -37.009  -72.618  -30.632 0.1000000015
10462  -34.597  -72.785  -28.006 0.1000000015
91973  -35.603  -72.958  -29.556 0.1000000015
8994  -42.099  -72.880  -26.366 0.2000000030
10456  -41.814  -72.196  -27.544 0.1000000015
92252  -38.650  -72.804  -28.198 0.1000000015
97567  -38.551  -70.158  -30.774 0.1000000015
10468  -41.367  -72.021  -28.273 0.1000000015
12722  -39.635  -69.469  -29.662 0.1000000015
12018  -40.104  -70.136  -30.077 0.1000000015
10531  -39.978  -71.870  -30.101 0.1000000015
15764  -38.396  -64.821  -28.607 0.1000000015
11207  -40.508  -71.517  -26.415 0.1000000015
11183  -43.586  -71.794  -24.092 0.2000000030
11232  -40.746  -71.272  -28.837 0.1000000015
11980  -40.492  -70.425  -29.263 0.1000000015
10486  -40.870  -71.711  -29.034 0.1000000015
12707  -40.259  -69.852  -29.364 0.1000000015
12695  -39.836  -69.544  -28.892 0.1000000015
19878  -39.805  -60.947  -26.269 0.1000000015
95197  -35.840  -69.871  -26.860 0.1000000015
18956  -38.558  -61.299  -25.639 0.1000000015
19879  -40.534  -60.554  -26.569 0.1000000015
14232  -35.048  -67.681  -26.022 0.1000000015
14216  -34.385  -67.783  -25.413 0.1000000015
21459  -39.648  -58.204  -24.968 0.1000000015
22854  -39.851  -56.706  -24.319 0.1000000015
14105  -41.174  -67.558  -15.405 0.5000000000
10298  -42.036  -72.936  -13.960 0.5000000000
10285  -42.365  -72.392  -13.659 0.5000000000
14846  -40.453  -67.069  -15.817 0.5000000000
14106  -41.991  -67.578  -15.379 0.5000000000
14090  -42.297  -67.822  -14.185 0.5000000000
10286  -43.255  -72.282  -13.635 0.5000000000
15627  -40.101  -65.704  -16.231 0.5000000000
14847  -41.484  -67.016  -16.083 0.5000000000
11039  -43.826  -71.854  -13.486 0.5000000000
14861  -40.955  -66.253  -16.295 0.5000000000
14862  -41.835  -65.932  -16.616 0.4000000060
104404  -42.617  -66.945  -16.327 0.4000000060
10316  -44.284  -72.273  -14.940 0.5000000000
10331  -43.798  -72.324  -15.926 0.5000000000
11082  -44.451  -71.710  -15.671 0.5000000000
101632  -44.227  -70.117  -16.430 0.5000000000
11868  -44.440  -71.007  -15.976 0.5000000000
12588  -43.221  -69.857  -16.638 0.4000000060
12599  -43.001  -69.162  -17.063 0.4000000060
11035  -38.831  -71.639  -13.519 0.1000000015
10284  -41.386  -72.453  -13.684 0.5000000000
14845  -39.385  -66.705  -15.791 0.5000000000
14089  -41.422  -67.834  -14.517 0.5000000000
11038  -42.761  -71.576  -13.515 0.5000000000
15626  -39.285  -64.992  -16.058 0.5000000000
96179  -39.104  -65.748  -15.886 0.5000000000
16351  -38.713  -64.445  -15.941 0.5000000000
17113  -38.222  -63.794  -15.975 0.5000000000
16358  -39.056  -63.793  -16.272 0.5000000000
17117  -38.537  -62.921  -16.333 0.4000000060
101660  -39.425  -64.377  -16.196 0.3000000119
15635  -40.009  -64.609  -16.335 0.5000000000
106806  -41.023  -65.525  -16.521 0.4000000060
14848  -43.744  -67.022  -16.141 0.6999999881
14108  -44.193  -67.475  -15.217 0.5000000000
16359  -39.908  -63.899  -16.313 0.3000000119
15636  -40.773  -64.874  -16.632 0.3000000119
98248  -41.523  -65.063  -16.825 0.4000000060
14849  -44.844  -66.745  -15.875 0.6000000238
14093  -45.965  -68.125  -14.708 0.6000000238
13320  -44.717  -69.318  -13.696 0.6000000238
10287  -43.908  -72.328  -13.688 0.5000000000
10315  -43.436  -72.788  -14.926 0.3000000119
16360  -40.540  -64.130  -16.629 0.3000000119
95026  -43.683  -65.425  -17.232 0.4000000060
14850  -45.916  -66.906  -15.971 0.5000000000
14110  -46.586  -67.649  -15.352 0.6000000238
13337  -47.367  -69.015  -14.749 0.6000000238
11050  -45.924  -71.056  -14.504 0.5000000000
11066  -45.044  -71.594  -14.835 0.5000000000
94566  -41.510  -64.422  -17.116 0.4000000060
15637  -42.464  -64.955  -17.181 0.4000000060
14864  -44.357  -66.221  -16.705 0.5000000000
14866  -46.329  -66.694  -16.931 0.5000000000
13356  -47.550  -68.517  -15.468 0.5000000000
12576  -47.646  -69.180  -14.991 0.5000000000
11858  -45.956  -71.033  -15.205 0.5000000000
105829  -42.379  -64.441  -17.503 0.4000000060
15651  -43.164  -64.763  -17.649 0.4000000060
15638  -44.807  -65.701  -17.349 0.5000000000
14880  -46.529  -66.750  -17.854 0.5000000000
14133  -47.035  -67.793  -17.351 0.4000000060
13355  -47.076  -69.046  -16.365 0.5000000000
11869  -45.387  -70.466  -15.916 0.5000000000
15652  -44.219  -65.145  -17.771 0.4000000060
15653  -45.246  -65.609  -18.054 0.5000000000
14151  -46.816  -67.346  -17.914 0.5000000000
14150  -46.694  -67.639  -18.150 0.4000000060
88874  -44.956  -69.616  -16.501 0.4000000060
102573  -45.901  -66.778  -19.355 0.5000000000
90551  -45.932  -67.480  -19.101 0.4000000060
13369  -45.427  -68.758  -17.339 0.4000000060
13368  -44.057  -68.571  -17.628 0.4000000060
14165  -45.287  -67.296  -20.082 0.3000000119
14149  -44.863  -67.708  -19.767 0.4000000060
13385  -44.001  -67.982  -18.753 0.3000000119
13367  -42.932  -68.469  -17.855 0.3000000119
11034  -38.115  -71.623  -13.408 0.1000000015
11027  -38.862  -70.791  -13.090 0.1000000015
11028  -39.527  -71.017  -13.507 0.4000000060
11036  -40.531  -71.632  -13.576 0.4000000060
11037  -41.661  -71.729  -13.527 0.5000000000
14104  -39.657  -67.741  -15.261 0.5000000000
100546  -40.594  -67.954  -15.001 0.5000000000
106714  -41.914  -70.854  -13.570 0.5000000000
15625  -38.399  -65.216  -15.621 0.5000000000
96336  -37.545  -63.826  -15.657 0.5000000000
12551  -43.019  -69.682  -13.517 0.6000000238
17943  -37.728  -62.394  -16.194 0.4000000060
17944  -38.299  -61.784  -16.285 0.2000000030
17118  -39.590  -63.122  -16.428 0.3000000119
17119  -40.279  -63.420  -16.661 0.3000000119
17945  -39.306  -62.095  -16.535 0.3000000119
17946  -40.055  -62.581  -16.789 0.3000000119
18850  -39.613  -61.259  -16.720 0.3000000119
17120  -40.985  -63.714  -17.231 0.4000000060
17129  -40.652  -62.924  -17.305 0.3000000119
16370  -41.858  -63.919  -17.635 0.4000000060
16386  -43.558  -64.632  -18.148 0.4000000060
17130  -41.386  -63.114  -17.820 0.3000000119
16371  -42.622  -64.237  -17.899 0.3000000119
15670  -45.491  -66.093  -18.918 0.4000000060
16405  -43.565  -64.894  -19.269 0.3000000119
15687  -45.205  -66.436  -19.787 0.3000000119
15686  -43.206  -65.713  -20.260 0.2000000030
14927  -43.510  -66.819  -20.838 0.2000000030
14164  -44.329  -67.481  -20.333 0.3000000119
14148  -43.785  -67.805  -19.946 0.3000000119
15694  -42.513  -66.188  -21.411 0.1000000015
14175  -43.079  -67.169  -21.129 0.2000000030
106989  -41.695  -65.714  -24.067 0.1000000015
11826  -39.672  -69.923  -12.854 0.2000000030
11831  -40.277  -70.268  -13.276 0.5000000000
11832  -41.108  -70.638  -13.518 0.4000000060
14103  -38.714  -67.437  -15.295 0.5000000000
14088  -40.071  -68.133  -14.221 0.4000000060
14075  -41.024  -68.273  -13.536 0.4000000060
13317  -41.460  -68.795  -13.366 0.5000000000
12550  -41.661  -69.872  -13.420 0.5000000000
14844  -38.468  -66.306  -15.583 0.5000000000
99766  -42.176  -69.415  -13.475 0.4000000060
17938  -37.026  -62.487  -15.921 0.4000000060
17111  -36.916  -63.320  -15.665 0.4000000060
16350  -37.922  -64.429  -15.574 0.5000000000
17112  -37.595  -63.155  -16.090 0.5000000000
18829  -37.386  -61.484  -15.759 0.3000000119
18830  -38.107  -60.757  -15.877 0.3000000119
18839  -38.859  -61.130  -16.428 0.2000000030
19737  -38.392  -60.041  -15.269 0.1000000015
96604  -39.331  -60.700  -16.493 0.3000000119
19747  -39.519  -60.149  -16.340 0.1000000015
17958  -39.965  -61.868  -16.897 0.3000000119
19762  -39.953  -60.594  -16.817 0.2000000030
18867  -40.577  -61.357  -17.859 0.2000000030
17146  -41.985  -63.518  -18.380 0.2000000030
17979  -40.742  -61.885  -18.165 0.2000000030
17145  -41.371  -62.699  -18.746 0.2000000030
16385  -42.705  -64.100  -18.694 0.2000000030
17980  -41.075  -62.069  -18.821 0.2000000030
17160  -41.642  -63.358  -19.846 0.1000000015
16404  -42.324  -64.785  -20.237 0.2000000030
17991  -41.541  -62.678  -20.036 0.1000000015
16403  -41.957  -64.441  -20.932 0.1000000015
14926  -42.363  -67.038  -21.975 0.1000000015
92918  -42.068  -64.126  -22.005 0.1000000015
17169  -42.279  -65.102  -23.155 0.1000000015
15693  -42.118  -66.451  -23.225 0.1000000015
16418  -42.076  -65.749  -24.061 0.1000000015
94196  -41.766  -65.204  -24.002 0.1000000015
104483  -41.979  -64.318  -23.635 0.1000000015
12548  -40.191  -69.137  -12.782 0.3000000119
13307  -39.345  -68.048  -12.332 0.3000000119
13308  -39.630  -68.176  -12.585 0.3000000119
12549  -40.859  -69.435  -13.162 0.4000000060
13314  -39.499  -68.068  -12.817 0.3000000119
13315  -39.871  -68.219  -12.890 0.3000000119
13316  -40.563  -68.546  -13.114 0.5000000000
14085  -37.217  -67.356  -14.558 0.4000000060
14087  -39.131  -68.151  -14.578 0.5000000000
13331  -39.735  -68.152  -13.435 0.4000000060
14074  -40.333  -68.214  -13.391 0.4000000060
17104  -36.226  -63.471  -15.154 0.4000000060
16349  -36.983  -64.331  -15.248 0.4000000060
14843  -37.674  -65.832  -15.341 0.5000000000
14102  -37.797  -66.889  -15.171 0.5000000000
99170  -36.005  -61.327  -13.883 0.4000000060
18819  -36.221  -61.715  -14.714 0.4000000060
19698  -36.617  -60.966  -14.002 0.4000000060
18828  -36.726  -61.867  -15.422 0.4000000060
101837  -37.201  -60.791  -13.309 0.3000000119
18820  -36.943  -61.122  -14.843 0.3000000119
19719  -37.366  -60.586  -14.061 0.3000000119
19736  -37.652  -60.522  -14.999 0.3000000119
19720  -38.273  -60.186  -14.146 0.3000000119
20559  -39.079  -59.735  -14.711 0.1000000015
102072  -39.745  -59.604  -16.069 0.1000000015
19748  -40.194  -59.788  -16.728 0.1000000015
19763  -40.539  -60.423  -17.480 0.2000000030
105024  -40.577  -59.333  -16.710 0.1000000015
20594  -40.855  -59.464  -17.295 0.2000000030
19783  -40.843  -60.763  -18.237 0.2000000030
19784  -41.360  -60.701  -18.821 0.1000000015
18880  -41.436  -61.725  -19.511 0.1000000015
18881  -41.939  -61.682  -20.179 0.1000000015
18890  -41.940  -62.970  -21.213 0.1000000015
17999  -42.388  -64.502  -23.189 0.1000000015
18008  -42.427  -63.416  -23.540 0.1000000015
18025  -42.250  -63.664  -23.775 0.1000000015
18921  -41.781  -63.371  -23.269 0.1000000015
19842  -41.890  -62.614  -23.133 0.1000000015
19844  -42.754  -62.413  -23.678 0.1000000015
12538  -39.322  -67.767  -11.646 0.3000000119
13306  -38.863  -67.787  -12.148 0.3000000119
14073  -37.838  -68.105  -13.900 0.4000000060
14072  -36.735  -67.901  -13.861 0.3000000119
17103  -35.524  -63.484  -14.631 0.3000000119
16344  -36.060  -64.309  -14.793 0.3000000119
15620  -36.461  -64.954  -14.911 0.4000000060
14835  -37.005  -66.308  -14.931 0.4000000060
18818  -35.532  -61.982  -14.206 0.3000000119
14833  -35.765  -65.874  -14.379 0.4000000060
14834  -36.194  -66.800  -14.401 0.4000000060
14071  -35.679  -67.608  -13.633 0.3000000119
18785  -37.498  -61.278  -12.151 0.3000000119
18801  -36.640  -61.082  -12.944 0.3000000119
18802  -37.797  -61.190  -12.515 0.3000000119
18786  -38.513  -61.616  -12.048 0.3000000119
19699  -37.983  -60.793  -13.185 0.3000000119
19700  -38.961  -61.219  -13.123 0.3000000119
19721  -39.307  -60.239  -13.851 0.1000000015
20546  -40.272  -60.581  -13.645 0.1000000015
19722  -41.280  -60.980  -13.497 0.1000000015
20560  -39.881  -59.640  -14.379 0.1000000015
101339  -41.639  -60.462  -14.010 0.1000000015
20573  -40.532  -59.264  -14.918 0.1000000015
21347  -41.373  -58.964  -15.506 0.1000000015
21359  -41.055  -59.000  -16.558 0.1000000015
19764  -41.163  -59.905  -18.103 0.2000000030
100067  -42.000  -59.118  -17.934 0.2000000030
20616  -41.816  -59.882  -18.591 0.2000000030
19785  -42.126  -60.293  -19.171 0.1000000015
20617  -42.567  -59.556  -18.686 0.1000000015
19801  -42.443  -60.948  -19.928 0.1000000015
105879  -42.915  -61.333  -20.388 0.1000000015
18891  -42.548  -62.289  -20.944 0.1000000015
18907  -42.976  -63.095  -21.848 0.1000000015
18000  -42.581  -64.165  -22.645 0.1000000015
18007  -42.192  -64.259  -23.721 0.1000000015
88956  -42.571  -64.200  -24.230 0.1000000015
18922  -42.417  -63.966  -24.123 0.1000000015
18026  -42.973  -64.456  -24.266 0.1000000015
19843  -42.248  -62.589  -23.422 0.1000000015
97887  -43.088  -63.649  -24.564 0.1000000015
100504  -43.652  -61.889  -23.709 0.1000000015
102680  -43.341  -61.184  -22.945 0.1000000015
14063  -39.445  -67.521  -10.827 0.2000000030
14062  -38.683  -67.283  -10.738 0.2000000030
14061  -36.608  -67.567  -10.831 0.2000000030
13305  -37.733  -67.911  -12.244 0.3000000119
15619  -35.858  -65.098  -14.562 0.3000000119
14068  -36.463  -68.206  -13.017 0.3000000119
17922  -34.951  -62.249  -13.696 0.3000000119
17931  -35.129  -62.756  -14.313 0.3000000119
17095  -34.921  -63.474  -14.225 0.3000000119
15612  -35.200  -65.381  -14.143 0.3000000119
14825  -35.195  -66.420  -13.906 0.3000000119
18784  -36.233  -61.266  -12.298 0.3000000119
15611  -34.672  -65.672  -13.740 0.3000000119
101929  -34.919  -67.286  -13.295 0.2000000030
91734  -35.368  -67.904  -12.752 0.2000000030
19666  -37.501  -60.902  -11.534 0.2000000030
18772  -37.129  -61.140  -11.824 0.2000000030
18773  -38.070  -61.368  -11.858 0.3000000119
18774  -38.744  -61.653  -11.914 0.3000000119
18775  -39.192  -61.773  -12.056 0.3000000119
18803  -38.756  -61.589  -12.398 0.3000000119
18804  -39.484  -61.602  -12.468 0.2000000030
99251  -39.839  -61.326  -13.090 0.1000000015
18787  -39.973  -61.515  -12.214 0.2000000030
18788  -40.778  -61.377  -12.435 0.1000000015
19702  -41.679  -61.296  -12.892 0.1000000015
19703  -42.716  -61.133  -13.111 0.1000000015
20528  -42.747  -60.498  -12.667 0.1000000015
21322  -43.729  -59.275  -12.786 0.1000000015
19723  -42.187  -60.989  -13.491 0.1000000015
19724  -43.053  -60.987  -13.681 0.1000000015
19704  -43.467  -61.054  -13.399 0.1000000015
20530  -44.097  -60.304  -13.055 0.1000000015
21331  -44.890  -58.957  -13.284 0.1000000015
22737  -45.534  -57.181  -14.130 0.1000000015
20574  -41.416  -59.560  -14.651 0.1000000015
100426  -42.362  -60.238  -14.289 0.1000000015
19725  -43.854  -61.116  -13.899 0.1000000015
19705  -44.222  -61.022  -13.657 0.1000000015
101074  -45.757  -59.511  -13.489 0.1000000015
21348  -42.341  -58.767  -15.562 0.1000000015
21360  -41.848  -58.643  -16.367 0.1000000015
21378  -42.704  -58.596  -17.353 0.2000000030
20637  -42.929  -60.052  -19.385 0.1000000015
91365  -43.250  -60.715  -20.005 0.1000000015
18892  -43.326  -61.811  -20.791 0.1000000015
18908  -43.302  -63.188  -21.944 0.1000000015
18009  -43.127  -64.528  -23.464 0.1000000015
18027  -43.779  -64.597  -24.191 0.1000000015
18040  -43.735  -64.314  -24.883 0.1000000015
18937  -43.961  -63.811  -25.049 0.1000000015
14049  -34.947  -66.844  -9.926 0.2000000030
14818  -33.514  -67.135  -11.060 0.2000000030
90117  -35.306  -67.400  -10.571 0.2000000030
14060  -35.099  -67.758  -11.663 0.2000000030
14067  -36.409  -68.007  -12.019 0.3000000119
17921  -34.467  -62.589  -13.240 0.3000000119
16336  -34.525  -64.026  -13.755 0.3000000119
105178  -34.302  -64.665  -13.539 0.3000000119
17912  -34.881  -61.747  -12.783 0.3000000119
16334  -33.988  -64.299  -13.213 0.3000000119
14824  -34.406  -66.476  -13.363 0.3000000119
19653  -36.874  -60.237  -11.086 0.2000000030
98780  -36.289  -61.098  -11.717 0.3000000119
14066  -34.461  -67.418  -12.640 0.2000000030
19654  -37.657  -60.286  -11.243 0.2000000030
19667  -38.377  -61.119  -11.534 0.2000000030
102295  -38.309  -60.292  -11.306 0.3000000119
19668  -39.118  -61.531  -11.749 0.3000000119
19678  -39.707  -61.548  -11.958 0.2000000030
99330  -38.984  -60.709  -11.372 0.3000000119
20510  -39.485  -59.923  -11.465 0.2000000030
20511  -40.353  -60.238  -11.751 0.2000000030
20526  -41.202  -60.526  -12.086 0.2000000030
99433  -41.696  -59.606  -12.291 0.1000000015
20576  -43.671  -59.750  -14.936 0.1000000015
20563  -44.160  -60.836  -14.351 0.1000000015
19726  -44.661  -61.152  -14.022 0.1000000015
19727  -45.520  -61.244  -14.159 0.1000000015
21349  -43.199  -58.807  -15.565 0.1000000015
21350  -44.016  -59.042  -15.608 0.1000000015
95513  -45.164  -60.209  -15.087 0.1000000015
21361  -42.767  -58.443  -16.428 0.1000000015
21362  -43.584  -58.424  -16.173 0.1000000015
21363  -44.341  -58.526  -16.327 0.1000000015
21364  -45.249  -58.751  -16.350 0.1000000015
21401  -44.016  -58.779  -18.115 0.1000000015
21402  -45.060  -58.959  -18.155 0.1000000015
99848  -45.010  -59.535  -18.905 0.1000000015
20618  -43.453  -59.417  -18.771 0.1000000015
20638  -43.785  -60.038  -19.406 0.1000000015
20639  -44.610  -60.024  -19.385 0.1000000015
19818  -44.139  -60.773  -20.078 0.1000000015
18893  -44.185  -61.821  -20.970 0.1000000015
100346  -32.254  -66.428  -9.371 0.3000000119
15606  -32.489  -66.152  -10.942 0.3000000119
101515  -32.925  -66.487  -11.295 0.3000000119
14819  -34.014  -67.283  -11.820 0.2000000030
15607  -32.740  -65.711  -11.763 0.3000000119
14821  -33.251  -66.511  -11.957 0.3000000119
14822  -33.770  -66.540  -12.722 0.3000000119
18783  -34.507  -61.852  -12.039 0.3000000119
17911  -33.453  -62.898  -11.796 0.3000000119
16330  -32.849  -64.592  -12.041 0.3000000119
15609  -33.285  -65.550  -12.525 0.3000000119
19652  -36.058  -60.217  -10.861 0.2000000030
18770  -34.334  -61.512  -11.428 0.3000000119
20499  -36.304  -59.577  -10.498 0.2000000030
21285  -37.242  -58.519  -10.588 0.2000000030
20501  -37.833  -59.452  -11.040 0.2000000030
20509  -38.630  -59.639  -11.293 0.2000000030
99990  -39.040  -58.908  -11.456 0.3000000119
21302  -39.905  -58.915  -11.690 0.2000000030
19802  -44.962  -60.524  -19.730 0.1000000015
19819  -44.944  -61.059  -20.311 0.1000000015
15578  -31.670  -65.507  -8.443 0.1000000015
15579  -31.873  -66.073  -8.988 0.3000000119
89518  -31.890  -65.920  -9.825 0.3000000119
16310  -32.088  -64.838  -10.298 0.3000000119
106804  -33.198  -63.068  -11.348 0.3000000119
17058  -32.926  -63.277  -10.930 0.3000000119
19651  -35.295  -60.341  -10.580 0.3000000119
18758  -34.114  -61.289  -10.686 0.3000000119
18769  -33.730  -61.813  -11.072 0.3000000119
17900  -33.329  -62.532  -11.069 0.3000000119
20489  -35.905  -59.099  -9.833 0.2000000030
21284  -36.495  -58.739  -10.226 0.2000000030
22042  -37.457  -57.579  -10.415 0.1000000015
21286  -38.152  -58.258  -11.197 0.2000000030
22697  -37.737  -56.884  -10.025 0.1000000015
22043  -38.111  -57.096  -10.660 0.2000000030
22060  -38.683  -57.218  -11.282 0.2000000030
22708  -38.561  -56.544  -10.802 0.2000000030
22709  -39.069  -56.447  -11.267 0.3000000119
92359  -32.034  -64.274  -9.598 0.3000000119
17057  -32.386  -63.616  -10.212 0.3000000119
17865  -32.507  -62.943  -9.716 0.3000000119
17886  -32.869  -62.737  -10.319 0.3000000119
20487  -34.811  -59.914  -8.935 0.3000000119
18738  -34.023  -61.233  -9.786 0.3000000119
18757  -33.444  -61.915  -10.283 0.3000000119
20488  -35.411  -59.537  -9.354 0.2000000030
21276  -35.685  -58.759  -9.000 0.2000000030
22026  -36.606  -57.530  -9.071 0.1000000015
22681  -37.725  -56.462  -9.342 0.1000000015
103930  -38.205  -55.933  -9.367 0.1000000015
22698  -38.203  -56.266  -10.090 0.1000000015
23337  -38.866  -55.804  -10.659 0.1000000015
17854  -32.538  -62.786  -9.022 0.3000000119
17838  -33.189  -62.087  -7.868 0.2000000030
17855  -33.038  -62.174  -8.730 0.3000000119
17866  -32.939  -62.353  -9.580 0.3000000119
18737  -33.454  -61.697  -9.288 0.3000000119
20471  -35.181  -59.232  -8.531 0.2000000030
19622  -34.324  -60.399  -8.508 0.3000000119
21265  -35.546  -58.493  -8.113 0.2000000030
22629  -37.854  -56.703  -7.094 0.1000000015
21996  -37.148  -56.960  -7.587 0.1000000015
22630  -38.735  -56.599  -6.890 0.1000000015
22641  -37.685  -56.492  -7.885 0.1000000015
22663  -38.054  -56.099  -8.586 0.1000000015
22642  -38.377  -56.172  -7.650 0.1000000015
23288  -38.823  -55.612  -8.218 0.1000000015
23306  -38.626  -55.495  -9.030 0.1000000015
23307  -39.280  -55.091  -8.712 0.1000000015
18705  -33.566  -61.456  -7.587 0.2000000030
19605  -33.903  -60.915  -8.062 0.2000000030
18719  -33.519  -61.562  -8.405 0.2000000030
20452  -35.019  -58.972  -7.701 0.2000000030
21247  -36.115  -57.892  -6.962 0.1000000015
21246  -35.549  -58.437  -7.176 0.2000000030
21981  -38.167  -57.375  -6.461 0.1000000015
22643  -39.382  -55.975  -7.446 0.1000000015
23289  -39.629  -55.291  -8.023 0.1000000015
104035  -40.282  -55.052  -7.984 0.1000000015
93455  -40.002  -54.792  -8.504 0.1000000015
21997  -40.751  -56.917  -6.972 0.1000000015
22644  -40.289  -56.300  -7.287 0.1000000015
92884  -41.207  -56.211  -7.440 0.1000000015
92739  -41.002  -55.280  -7.798 0.1000000015
21998  -41.715  -57.068  -7.071 0.1000000015
22645  -42.276  -56.465  -7.482 0.1000000015
14091  -43.455  -67.964  -14.491 0.4000000060
14107  -43.067  -67.614  -15.244 0.5000000000
13333  -42.837  -68.159  -13.872 0.5000000000
105898  -41.486  -67.972  -13.839 0.4000000060
10299  -43.019  -72.887  -14.027 0.5000000000
13332  -41.853  -68.158  -13.694 0.4000000060
14092  -44.694  -67.975  -14.583 0.5000000000
11834  -43.501  -70.908  -13.481 0.5000000000
13334  -44.031  -68.457  -14.114 0.6000000238
11835  -44.526  -71.226  -13.578 0.5000000000
10300  -44.034  -72.523  -14.123 0.3000000119
9602  -42.946  -73.245  -15.884 0.5000000000
12552  -44.095  -70.058  -13.507 0.5000000000
10297  -41.200  -73.078  -14.329 0.5000000000
100605  -43.462  -66.305  -16.679 0.4000000060
10301  -44.587  -72.094  -14.279 0.4000000060
11083  -45.020  -71.175  -15.425 0.5000000000
104284  -40.829  -68.008  -13.945 0.5000000000
14863  -42.831  -65.853  -16.864 0.3000000119
14109  -45.367  -67.411  -15.213 0.6000000238
13336  -46.493  -68.944  -14.342 0.6000000238
13321  -45.903  -69.644  -13.796 0.6000000238
13335  -45.329  -68.732  -14.118 0.6000000238
13319  -43.498  -68.916  -13.660 0.6000000238
12553  -45.225  -70.347  -13.600 0.5000000000
11041  -44.883  -71.522  -13.760 0.5000000000
14865  -45.344  -66.320  -16.715 0.5000000000
14111  -47.278  -67.802  -15.448 0.6000000238
14851  -46.883  -67.412  -16.187 0.5000000000
11844  -46.547  -70.215  -14.324 0.5000000000
12561  -46.639  -69.657  -14.297 0.5000000000
11859  -46.642  -70.340  -14.923 0.5000000000
11837  -46.026  -70.375  -13.832 0.5000000000
14867  -46.857  -67.405  -17.206 0.5000000000
13371  -47.280  -68.362  -16.417 0.4000000060
14123  -47.342  -67.964  -16.216 0.5000000000
11870  -46.528  -70.084  -15.631 0.5000000000
15639  -45.792  -66.085  -17.553 0.5000000000
15671  -46.066  -66.254  -18.454 0.5000000000
93388  -46.613  -68.587  -17.262 0.4000000060
12589  -46.151  -69.463  -16.523 0.5000000000
14898  -46.463  -67.038  -18.566 0.4000000060
13387  -46.445  -68.084  -18.172 0.4000000060
13386  -45.240  -68.025  -18.545 0.4000000060
11833  -42.504  -70.392  -13.510 0.5000000000
13318  -42.416  -68.694  -13.587 0.5000000000
17959  -40.427  -62.099  -17.446 0.3000000119
17960  -40.934  -62.422  -18.012 0.3000000119
15669  -44.607  -65.420  -18.800 0.3000000119
97991  -44.334  -65.982  -20.022 0.3000000119
14914  -44.581  -66.951  -20.459 0.3000000119
14913  -43.763  -67.174  -20.655 0.3000000119
14163  -43.226  -67.439  -20.636 0.2000000030
15704  -41.750  -66.204  -24.001 0.1000000015
14086  -38.194  -67.858  -14.632 0.4000000060
15624  -37.620  -64.999  -15.314 0.5000000000
17937  -36.397  -62.591  -15.385 0.4000000060
19746  -38.840  -60.392  -16.090 0.2000000030
20571  -39.150  -59.801  -15.697 0.1000000015
18851  -40.226  -61.306  -17.191 0.2000000030
17161  -42.062  -63.796  -19.440 0.2000000030
18868  -40.926  -61.433  -18.578 0.2000000030
16411  -42.147  -65.509  -22.082 0.1000000015
17176  -41.925  -64.534  -23.727 0.1000000015
12544  -39.742  -68.825  -12.494 0.3000000119
12543  -39.455  -68.246  -12.132 0.3000000119
13313  -38.835  -67.989  -12.932 0.3000000119
95773  -39.957  -68.420  -12.748 0.3000000119
13330  -38.834  -68.219  -13.798 0.3000000119
17932  -35.769  -62.635  -14.826 0.4000000060
102026  -37.020  -65.333  -15.082 0.4000000060
20572  -39.748  -59.351  -15.234 0.1000000015
20582  -40.423  -59.240  -15.980 0.1000000015
19800  -41.774  -60.990  -19.516 0.1000000015
13303  -38.957  -67.390  -11.482 0.2000000030
12542  -39.315  -68.505  -11.845 0.2000000030
13312  -37.677  -68.152  -13.097 0.3000000119
16337  -35.255  -64.386  -14.281 0.3000000119
98923  -36.395  -65.704  -14.712 0.4000000060
18800  -35.618  -61.547  -13.306 0.3000000119
20561  -40.798  -60.036  -14.220 0.1000000015
19701  -40.723  -61.418  -13.006 0.1000000015
100436  -42.053  -59.243  -14.939 0.1000000015
21377  -41.493  -58.916  -17.218 0.1000000015
13302  -37.811  -67.563  -11.484 0.2000000030
17094  -34.583  -63.045  -13.849 0.3000000119
93215  -34.656  -64.918  -13.811 0.3000000119
19665  -36.639  -60.765  -11.448 0.3000000119
101334  -40.179  -61.486  -12.561 0.1000000015
19679  -40.524  -61.224  -12.010 0.2000000030
19680  -41.394  -61.076  -12.467 0.1000000015
19681  -42.322  -61.014  -12.785 0.1000000015
19682  -43.116  -60.952  -12.950 0.1000000015
20529  -43.427  -60.331  -12.812 0.1000000015
19683  -43.657  -60.833  -13.166 0.1000000015
21323  -44.376  -59.470  -13.052 0.1000000015
20547  -44.894  -60.250  -13.470 0.1000000015
22082  -45.298  -58.131  -13.686 0.1000000015
22092  -46.081  -58.173  -14.021 0.1000000015
20575  -42.823  -59.463  -14.908 0.1000000015
20562  -43.339  -60.618  -14.324 0.1000000015
19706  -45.157  -61.142  -13.934 0.1000000015
20548  -45.749  -60.901  -13.638 0.1000000015
99626  -42.150  -58.636  -17.071 0.1000000015
21400  -43.048  -58.831  -18.084 0.1000000015
14048  -34.020  -67.141  -9.875 0.2000000030
14059  -34.434  -67.393  -10.836 0.2000000030
14811  -33.023  -66.965  -10.366 0.3000000119
17087  -34.176  -63.390  -13.172 0.3000000119
97720  -34.007  -65.362  -13.311 0.3000000119
18771  -35.251  -61.285  -11.840 0.3000000119
102160  -34.080  -62.604  -12.472 0.3000000119
17086  -33.528  -63.676  -12.479 0.3000000119
16333  -33.505  -64.675  -12.770 0.3000000119
19664  -35.697  -60.744  -11.275 0.3000000119
20500  -37.067  -59.486  -10.746 0.2000000030
19669  -39.750  -60.999  -11.637 0.2000000030
20527  -41.998  -60.560  -12.451 0.1000000015
20577  -44.483  -59.975  -14.977 0.1000000015
19738  -45.025  -60.804  -14.390 0.1000000015
19707  -45.812  -61.336  -13.967 0.1000000015
21351  -44.829  -59.268  -15.640 0.1000000015
21379  -43.582  -58.429  -17.129 0.1000000015
21380  -44.657  -58.524  -17.244 0.1000000015
20619  -44.324  -59.445  -18.819 0.1000000015
15593  -32.347  -66.479  -10.087 0.3000000119
94092  -32.137  -65.765  -10.535 0.3000000119
16329  -32.372  -65.158  -11.192 0.3000000119
17901  -33.880  -62.180  -11.653 0.3000000119
17078  -33.041  -63.572  -11.634 0.3000000119
20498  -35.674  -59.813  -10.159 0.3000000119
18759  -34.778  -60.826  -11.104 0.3000000119
21301  -39.052  -57.985  -11.632 0.2000000030
99143  -39.820  -57.872  -11.748 0.2000000030
21303  -40.508  -58.233  -11.954 0.2000000030
15569  -31.967  -66.244  -8.148 0.1000000015
16289  -31.861  -64.381  -8.691 0.2000000030
16300  -31.786  -65.191  -9.343 0.3000000119
17077  -32.566  -64.136  -11.081 0.3000000119
19637  -35.084  -60.172  -9.740 0.3000000119
19650  -34.610  -60.700  -10.237 0.3000000119
21277  -36.168  -58.298  -9.512 0.2000000030
22041  -36.685  -57.835  -10.044 0.2000000030
22027  -37.196  -57.125  -9.571 0.1000000015
17035  -32.312  -63.416  -8.432 0.3000000119
17044  -32.224  -63.520  -9.308 0.3000000119
19636  -34.467  -60.593  -9.347 0.3000000119
93404  -36.067  -58.010  -8.581 0.2000000030
22017  -37.225  -56.791  -8.576 0.1000000015
22016  -36.563  -57.377  -8.125 0.1000000015
23330  -38.626  -55.532  -9.813 0.1000000015
18720  -33.938  -61.068  -8.897 0.3000000119
20470  -34.604  -59.641  -8.103 0.2000000030
21995  -36.611  -57.499  -7.260 0.1000000015
21980  -37.285  -57.321  -6.774 0.1000000015
22631  -39.742  -56.707  -6.853 0.1000000015
19589  -34.328  -60.342  -6.842 0.2000000030
19606  -34.260  -60.270  -7.673 0.2000000030
21237  -36.686  -57.848  -6.513 0.1000000015
95083  -40.266  -55.629  -7.608 0.1000000015
9601  -42.040  -74.197  -16.159 0.3000000119
9613  -40.666  -74.622  -17.714 0.3000000119
9600  -41.252  -74.483  -16.520 0.3000000119
97798  -37.812  -73.761  -21.316 0.2000000030
9674  -36.461  -73.415  -22.409 0.2000000030
9628  -40.242  -74.351  -18.168 0.4000000060
9641  -39.323  -73.870  -19.506 0.3000000119
9615  -41.955  -74.341  -17.072 0.4000000060
9629  -40.866  -74.932  -18.138 0.4000000060
9653  -38.998  -74.209  -20.213 0.3000000119
9675  -37.587  -73.915  -22.221 0.2000000030
8884  -40.055  -75.179  -19.786 0.4000000060
96570  -42.870  -73.469  -17.001 0.4000000060
10330  -43.647  -72.411  -17.003 0.4000000060
9642  -40.469  -74.528  -19.052 0.4000000060
8911  -38.470  -74.672  -21.787 0.3000000119
9616  -42.850  -73.522  -17.792 0.4000000060
9630  -41.448  -74.611  -18.182 0.4000000060
95486  -39.604  -75.436  -20.408 0.4000000060
11081  -44.013  -71.693  -16.609 0.4000000060
9643  -41.049  -74.828  -18.932 0.4000000060
8898  -40.477  -76.027  -20.031 0.3000000119
8885  -40.821  -75.531  -19.473 0.4000000060
11097  -43.692  -71.973  -17.388 0.4000000060
8886  -41.433  -74.785  -19.555 0.4000000060
91703  -40.627  -76.144  -20.358 0.3000000119
11867  -43.708  -70.696  -16.496 0.4000000060
9631  -42.689  -73.601  -18.406 0.4000000060
10356  -43.375  -72.591  -18.398 0.4000000060
104164  -42.281  -73.788  -19.133 0.4000000060
8899  -41.121  -75.975  -19.974 0.3000000119
98517  -42.532  -73.624  -19.926 0.4000000060
8174  -40.326  -76.118  -20.974 0.2000000030
11080  -43.518  -71.382  -16.849 0.3000000119
11115  -43.300  -72.213  -17.992 0.4000000060
11114  -43.096  -72.137  -18.571 0.4000000060
8914  -40.906  -76.104  -20.546 0.2000000030
88879  -41.152  -75.312  -21.115 0.2000000030
8204  -39.955  -75.742  -22.380 0.3000000119
11866  -42.747  -70.516  -16.706 0.3000000119
11096  -42.669  -71.299  -17.229 0.3000000119
96526  -42.488  -71.606  -17.804 0.3000000119
9654  -43.036  -73.194  -20.624 0.3000000119
8915  -42.017  -74.044  -21.104 0.2000000030
95640  -40.770  -75.289  -22.006 0.2000000030
8203  -39.163  -76.060  -22.871 0.2000000030
12587  -42.390  -69.792  -16.811 0.3000000119
11095  -41.404  -70.987  -17.448 0.3000000119
11130  -42.884  -72.108  -19.273 0.2000000030
10395  -43.182  -72.550  -21.116 0.2000000030
8221  -39.066  -76.321  -23.689 0.2000000030
11113  -41.623  -71.536  -18.255 0.2000000030
11146  -42.658  -72.046  -20.181 0.2000000030
8916  -42.550  -73.422  -21.975 0.1000000015
8941  -41.477  -74.110  -23.045 0.1000000015
8940  -40.489  -74.918  -22.977 0.1000000015
12598  -41.921  -69.192  -17.244 0.2000000030
11879  -41.677  -70.272  -16.983 0.3000000119
13384  -42.887  -67.893  -18.725 0.2000000030
106699  -41.163  -69.626  -17.178 0.1000000015
11889  -40.381  -70.807  -17.826 0.2000000030
9676  -43.043  -72.724  -22.554 0.1000000015
89924  -40.906  -74.428  -23.897 0.1000000015
13366  -41.939  -68.306  -17.957 0.2000000030
11878  -40.483  -69.990  -17.262 0.2000000030
11129  -41.427  -71.665  -19.301 0.1000000015
94627  -43.029  -72.297  -20.847 0.1000000015
10396  -43.045  -72.446  -22.199 0.1000000015
8928  -42.507  -73.410  -22.759 0.1000000015
8958  -39.096  -75.943  -24.342 0.1000000015
11112  -40.253  -71.168  -18.609 0.2000000030
99994  -42.114  -71.858  -21.097 0.1000000015
11157  -43.081  -72.224  -22.854 0.1000000015
9689  -43.218  -72.665  -23.470 0.1000000015
8962  -42.022  -73.617  -24.125 0.1000000015
8960  -40.394  -74.643  -24.531 0.1000000015
8974  -38.410  -75.601  -25.333 0.1000000015
11145  -41.087  -71.626  -20.346 0.1000000015
11168  -42.647  -71.877  -22.887 0.1000000015
10426  -43.615  -72.130  -24.148 0.1000000015
8977  -40.874  -73.913  -25.404 0.1000000015
8976  -39.793  -74.731  -24.974 0.1000000015
9719  -43.240  -72.415  -24.802 0.1000000015
22710  -39.759  -56.327  -11.823 0.2000000030
14147  -42.684  -67.679  -19.737 0.2000000030
13383  -42.027  -67.821  -18.674 0.1000000015
12597  -40.931  -68.881  -17.425 0.1000000015
106019  -40.057  -69.026  -17.432 0.1000000015
11877  -39.718  -70.155  -17.669 0.1000000015
11128  -40.021  -71.232  -19.623 0.1000000015
11155  -40.590  -71.567  -21.320 0.1000000015
9704  -43.091  -72.857  -24.250 0.1000000015
91719  -41.505  -71.701  -22.170 0.1000000015
9614  -41.156  -74.747  -17.466 0.4000000060
8897  -38.685  -74.485  -20.918 0.3000000119
93494  -41.966  -74.309  -17.758 0.4000000060
10341  -43.471  -72.566  -17.794 0.4000000060
9644  -43.173  -72.511  -19.010 0.4000000060
8900  -41.787  -74.437  -20.265 0.2000000030
8175  -40.674  -75.982  -21.164 0.2000000030
10381  -43.238  -72.568  -20.083 0.2000000030
8927  -41.742  -74.270  -21.999 0.1000000015
9662  -43.055  -72.960  -21.557 0.1000000015
96985  -39.822  -75.345  -23.487 0.1000000015
8959  -39.550  -75.416  -24.189 0.1000000015
13382  -41.172  -67.960  -18.186 0.1000000015
11156  -42.833  -72.178  -21.834 0.1000000015
10411  -43.356  -72.161  -23.354 0.1000000015
8975  -38.908  -75.137  -25.070 0.1000000015
11888  -39.495  -70.490  -18.217 0.1000000015
10311  -38.874  -72.647  -15.429 0.3000000119
97981  -39.560  -72.986  -15.973 0.2000000030
10328  -38.662  -72.567  -16.384 0.3000000119
94862  -40.506  -72.450  -13.904 0.4000000060
10296  -40.093  -72.797  -14.517 0.2000000030
10312  -39.785  -73.093  -15.259 0.3000000119
10339  -38.903  -72.899  -17.443 0.2000000030
88827  -38.056  -72.515  -17.867 0.1000000015
90901  -37.752  -72.580  -18.606 0.1000000015
9586  -40.436  -73.827  -15.990 0.3000000119
10355  -39.392  -73.554  -18.060 0.2000000030
98245  -37.463  -72.679  -19.532 0.1000000015
10380  -37.555  -72.993  -20.223 0.1000000015
91170  -36.295  -72.693  -20.924 0.1000000015
10379  -36.834  -72.632  -20.220 0.1000000015
10409  -35.595  -72.747  -22.186 0.1000000015
101545  -41.507  -73.675  -14.997 0.3000000119
10340  -39.908  -73.843  -17.516 0.2000000030
10354  -38.647  -72.987  -18.348 0.2000000030
89718  -38.484  -73.089  -19.162 0.2000000030
10410  -36.159  -72.860  -21.695 0.1000000015
10408  -34.875  -72.802  -22.637 0.1000000015
9588  -42.068  -73.810  -15.280 0.2000000030
9587  -41.363  -74.134  -15.655 0.3000000119
10365  -38.274  -73.342  -19.888 0.2000000030
10394  -37.177  -73.161  -20.769 0.1000000015
9627  -39.473  -73.593  -18.828 0.3000000119
9589  -42.663  -73.308  -14.831 0.2000000030
103373  -38.053  -73.597  -20.568 0.2000000030
9673  -35.523  -73.333  -22.822 0.1000000015
9686  -34.634  -73.428  -23.751 0.1000000015
9688  -36.217  -74.015  -23.206 0.1000000015
8936  -35.172  -74.085  -24.258 0.1000000015
8925  -37.202  -74.455  -22.902 0.1000000015
8926  -38.109  -75.135  -22.553 0.1000000015
8972  -33.761  -74.832  -25.772 0.1000000015
8937  -35.975  -74.514  -23.907 0.1000000015
8938  -36.831  -75.111  -23.502 0.1000000015
8912  -39.286  -75.529  -21.196 0.3000000119
8956  -35.648  -74.974  -24.581 0.1000000015
10314  -42.088  -73.360  -14.515 0.3000000119
10313  -40.728  -73.504  -15.121 0.2000000030
9599  -40.573  -74.238  -16.989 0.3000000119
10393  -36.897  -73.252  -21.538 0.1000000015
9687  -35.394  -73.722  -23.520 0.1000000015
10329  -39.686  -73.367  -16.718 0.2000000030
9702  -34.314  -73.774  -24.437 0.1000000015
8955  -34.783  -74.587  -24.858 0.1000000015
8954  -34.005  -74.280  -25.109 0.1000000015
8200  -37.260  -76.428  -23.587 0.1000000015
7483  -36.373  -76.789  -24.768 0.1000000015
8219  -36.794  -76.669  -24.126 0.2000000030
90802  -35.498  -77.225  -25.669 0.1000000015
8188  -38.382  -76.175  -22.949 0.2000000030
8201  -38.012  -76.814  -23.453 0.1000000015
7469  -37.573  -77.086  -23.860 0.2000000030
8172  -38.909  -75.762  -22.136 0.2000000030
103836  -36.654  -77.119  -24.905 0.1000000015
7484  -37.073  -77.120  -24.323 0.1000000015
8913  -40.058  -76.088  -20.635 0.2000000030
99826  -38.321  -76.501  -23.271 0.1000000015
7470  -38.120  -77.134  -23.867 0.1000000015
8189  -38.924  -76.062  -22.713 0.1000000015
8202  -38.484  -76.670  -23.533 0.1000000015
8173  -39.654  -75.955  -21.544 0.2000000030
8939  -37.680  -75.825  -23.105 0.1000000015
10295  -39.111  -72.593  -14.645 0.2000000030
11824  -38.128  -69.621  -12.014 0.1000000015
13296  -40.036  -67.577  -9.747 0.1000000015
13295  -39.881  -67.657  -10.213 0.1000000015
14801  -34.562  -66.411  -8.981 0.2000000030
14038  -35.083  -66.418  -9.168 0.1000000015
14027  -39.727  -67.984  -8.757 0.1000000015
14050  -35.900  -67.016  -9.574 0.1000000015
14040  -38.017  -67.236  -9.507 0.1000000015
14051  -38.713  -67.351  -10.042 0.1000000015
14041  -39.487  -67.541  -9.528 0.1000000015
10283  -39.436  -72.148  -13.848 0.2000000030
11825  -39.172  -69.521  -12.385 0.1000000015
14052  -39.597  -67.458  -10.268 0.1000000015
91513  -37.527  -67.142  -9.906 0.1000000015
14800  -33.263  -66.759  -9.200 0.2000000030
13290  -40.112  -68.134  -9.371 0.1000000015
13291  -40.132  -67.980  -8.966 0.1000000015
14039  -35.526  -66.576  -9.034 0.1000000015
102980  -38.630  -72.295  -14.159 0.1000000015
104054  -33.635  -61.339  -6.957 0.1000000015
95365  -32.812  -62.628  -7.376 0.1000000015
103587  -32.484  -63.201  -7.724 0.1000000015
17034  -31.932  -63.974  -7.650 0.1000000015
15556  -31.690  -65.825  -7.458 0.1000000015
17837  -32.766  -62.713  -8.182 0.1000000015
95955  -33.203  -62.134  -6.082 0.1000000015
106091  -32.774  -62.697  -5.832 0.1000000015
17006  -32.251  -63.345  -6.044 0.1000000015
16263  -31.582  -64.744  -6.185 0.1000000015
17820  -33.225  -61.943  -6.967 0.1000000015
17819  -32.762  -62.651  -6.554 0.1000000015
17020  -31.786  -63.987  -6.647 0.1000000015
16276  -31.617  -64.835  -7.069 0.1000000015
15543  -32.064  -66.300  -6.745 0.1000000015
99785  -33.969  -60.937  -6.586 0.1000000015
16983  -32.018  -63.828  -5.124 0.1000000015
17802  -33.794  -61.740  -5.518 0.1000000015
88958  -33.223  -62.423  -5.189 0.1000000015
17801  -32.581  -63.056  -5.230 0.1000000015
18690  -33.639  -61.525  -6.347 0.1000000015
17005  -31.742  -64.071  -5.886 0.1000000015
15526  -31.569  -65.592  -5.595 0.1000000015
96141  -34.356  -60.506  -6.188 0.1000000015
20437  -34.763  -59.866  -6.223 0.1000000015
17785  -33.319  -62.531  -4.413 0.1000000015
17784  -32.902  -62.840  -4.688 0.1000000015
16984  -32.525  -63.323  -4.477 0.1000000015
18674  -34.491  -61.302  -5.137 0.1000000015
20425  -35.393  -59.671  -5.608 0.1000000015
20451  -34.707  -59.534  -7.136 0.1000000015
22061  -39.429  -57.152  -11.597 0.1000000015
22062  -40.141  -57.258  -11.942 0.1000000015
22714  -41.244  -56.822  -12.368 0.1000000015
20438  -35.351  -59.061  -6.424 0.1000000015
106074  -35.119  -58.954  -7.094 0.1000000015
99363  -40.877  -59.371  -11.974 0.1000000015
21319  -41.342  -58.496  -12.244 0.1000000015
23344  -39.825  -55.404  -11.669 0.1000000015
22715  -41.970  -56.674  -12.537 0.1000000015
22072  -41.727  -57.602  -12.400 0.1000000015
18655  -33.996  -61.917  -4.418 0.1000000015
16985  -32.975  -62.909  -4.140 0.1000000015
104285  -31.576  -64.929  -7.888 0.1000000015
19588  -33.910  -60.869  -7.285 0.1000000015
22071  -40.901  -57.468  -12.196 0.1000000015
17021  -32.327  -63.273  -6.999 0.1000000015
15557  -32.319  -66.460  -7.285 0.1000000015
15542  -31.675  -65.637  -6.504 0.1000000015
18691  -34.146  -61.071  -5.884 0.1000000015
19568  -34.760  -60.433  -5.509 0.1000000015
22713  -40.547  -56.565  -12.231 0.1000000015
21320  -42.265  -58.706  -12.492 0.1000000015
14162  -42.156  -67.527  -20.566 0.1000000015
11064  -36.612  -71.691  -14.965 0.1000000015
100016  -36.875  -71.732  -15.797 0.1000000015
10327  -37.532  -72.040  -16.259 0.1000000015
11078  -36.141  -71.392  -15.889 0.1000000015
11079  -36.694  -71.587  -16.510 0.1000000015
11065  -37.430  -72.082  -15.296 0.1000000015
11063  -35.598  -71.352  -15.157 0.1000000015
102118  -37.398  -72.104  -14.413 0.1000000015
11045  -34.957  -71.480  -14.399 0.1000000015
11046  -35.918  -71.609  -14.230 0.1000000015
7342  -38.599  -76.718  -11.806 0.1000000015
8083  -38.243  -76.048  -10.937 0.1000000015
7366  -35.025  -76.623  -13.639 0.1000000015
7365  -33.973  -76.166  -13.939 0.1000000015
8110  -33.375  -75.370  -14.276 0.1000000015
10310  -38.093  -72.361  -15.617 0.1000000015
103310  -33.331  -75.215  -15.209 0.1000000015
8845  -32.882  -74.398  -14.478 0.1000000015
11062  -34.619  -71.177  -15.249 0.1000000015
11044  -34.061  -71.381  -14.557 0.1000000015
10338  -37.928  -72.229  -17.135 0.1000000015
8851  -33.026  -74.604  -16.343 0.1000000015
8850  -32.688  -73.669  -15.888 0.1000000015
10309  -32.667  -72.263  -15.519 0.1000000015
11061  -33.805  -71.307  -15.221 0.1000000015
105626  -33.507  -71.596  -14.638 0.1000000015
92573  -32.539  -72.239  -16.336 0.1000000015
11060  -33.153  -71.770  -15.150 0.1000000015
94807  -33.568  -71.626  -13.976 0.1000000015
7341  -37.864  -76.302  -11.845 0.1000000015
8093  -36.070  -76.072  -11.953 0.1000000015
7352  -34.236  -76.009  -13.046 0.1000000015
10281  -38.021  -72.219  -13.952 0.1000000015
10294  -38.178  -72.370  -14.764 0.1000000015
8102  -33.447  -75.404  -13.372 0.1000000015
9585  -32.544  -73.010  -15.184 0.1000000015
10293  -32.744  -72.373  -14.665 0.1000000015
11031  -34.270  -71.514  -13.777 0.1000000015
10280  -32.802  -72.305  -13.782 0.1000000015
11043  -33.104  -71.868  -14.248 0.1000000015
8071  -38.380  -75.389  -9.833 0.1000000015
8082  -36.751  -75.609  -11.168 0.1000000015
8804  -38.128  -74.343  -9.360 0.1000000015
8061  -38.806  -74.824  -9.106 0.1000000015
101095  -37.470  -71.973  -13.733 0.1000000015
8081  -35.229  -75.374  -11.401 0.1000000015
11047  -36.752  -71.901  -13.951 0.1000000015
8092  -34.704  -75.709  -12.224 0.1000000015
8838  -33.005  -74.614  -12.933 0.1000000015
8837  -32.703  -73.976  -13.507 0.1000000015
9577  -32.571  -73.239  -14.238 0.1000000015
91529  -32.684  -73.757  -15.042 0.1000000015
9568  -32.758  -73.010  -13.255 0.1000000015
11021  -33.195  -71.856  -13.446 0.1000000015
11030  -33.697  -71.573  -13.175 0.1000000015
8790  -38.401  -74.068  -8.609 0.1000000015
8070  -37.341  -75.064  -10.278 0.1000000015
8051  -36.940  -74.212  -7.876 0.1000000015
11033  -36.151  -71.464  -13.404 0.1000000015
92167  -37.160  -71.375  -13.181 0.1000000015
8069  -35.822  -74.845  -10.604 0.1000000015
8803  -36.858  -74.130  -9.791 0.1000000015
11032  -35.159  -71.520  -13.467 0.1000000015
8080  -34.151  -74.908  -11.788 0.1000000015
8091  -33.675  -75.224  -12.571 0.1000000015
10273  -33.000  -72.213  -12.968 0.1000000015
8827  -32.911  -73.718  -12.693 0.1000000015
9559  -33.023  -72.856  -12.490 0.1000000015
8789  -38.019  -73.506  -8.805 0.1000000015
11022  -33.423  -71.766  -12.633 0.1000000015
101014  -34.318  -71.429  -13.039 0.1000000015
9560  -33.292  -73.484  -11.965 0.1000000015
8828  -33.380  -74.332  -12.211 0.1000000015
11024  -35.584  -71.126  -12.780 0.1000000015
11025  -36.357  -70.768  -12.592 0.1000000015
91191  -34.802  -71.121  -12.449 0.1000000015
11017  -33.662  -71.635  -11.796 0.1000000015
11023  -33.944  -71.240  -12.227 0.1000000015
8802  -35.350  -74.039  -10.294 0.1000000015
102867  -33.305  -72.761  -11.850 0.1000000015
10274  -33.251  -72.169  -12.200 0.1000000015
8816  -34.632  -74.602  -10.972 0.1000000015
9544  -33.815  -73.160  -11.175 0.1000000015
8815  -33.810  -74.091  -11.435 0.1000000015
11822  -35.672  -70.429  -11.789 0.1000000015
11823  -36.887  -69.909  -11.797 0.1000000015
11018  -34.226  -71.158  -11.286 0.1000000015
11821  -34.747  -70.757  -11.522 0.1000000015
11013  -34.032  -71.700  -10.960 0.1000000015
10268  -33.578  -72.248  -11.437 0.1000000015
9551  -34.371  -73.860  -10.789 0.1000000015
11817  -36.700  -69.687  -11.083 0.1000000015
11816  -35.611  -70.241  -10.958 0.1000000015
11815  -34.930  -70.660  -10.742 0.1000000015
8777  -37.997  -74.072  -7.998 0.1000000015
8762  -33.769  -74.354  -8.107 0.1000000015
8763  -35.138  -74.599  -8.136 0.1000000015
7353  -35.437  -76.414  -12.759 0.1000000015
8101  -33.029  -74.757  -13.689 0.1000000015
8846  -32.977  -74.462  -15.488 0.1000000015
96383  -32.516  -72.814  -15.873 0.1000000015
11076  -33.490  -71.307  -16.531 0.1000000015
10261  -34.225  -72.426  -10.666 0.1000000015
4881  -28.538  -81.937  -32.339 0.1000000015
5409  -28.758  -80.039  -34.797 0.1000000015
4909  -28.538  -81.098  -34.242 0.1000000015
4910  -29.242  -80.573  -33.817 0.1000000015
4896  -29.073  -81.597  -33.249 0.1000000015
3885  -28.243  -82.712  -32.896 0.1000000015
6077  -29.121  -78.729  -36.231 0.1000000015
6078  -30.058  -78.266  -36.079 0.1000000015
4868  -29.127  -81.438  -31.996 0.1000000015
4867  -28.449  -81.245  -32.107 0.1000000015
4882  -29.088  -81.641  -32.273 0.1000000015
4360  -28.769  -82.053  -32.795 0.1000000015
103744  -28.687  -81.890  -32.403 0.1000000015
4880  -27.838  -81.927  -32.220 0.1000000015
4367  -28.384  -81.941  -33.577 0.1000000015
5410  -29.600  -79.404  -34.365 0.1000000015
6067  -30.315  -78.580  -35.102 0.1000000015
6079  -31.277  -77.872  -35.967 0.1000000015
103811  -29.108  -76.050  -28.089 0.1000000015
6727  -28.220  -77.340  -29.770 0.1000000015
7514  -29.653  -76.731  -28.514 0.1000000015
5372  -28.895  -80.566  -31.752 0.1000000015
6022  -28.448  -79.370  -31.568 0.1000000015
6001  -28.009  -78.320  -31.076 0.1000000015
93246  -29.026  -77.446  -29.874 0.1000000015
103548  -29.520  -81.408  -32.036 0.1000000015
5371  -27.923  -80.025  -32.093 0.1000000015
4350  -29.185  -81.714  -32.579 0.1000000015
5425  -29.249  -79.001  -35.339 0.1000000015
7515  -30.083  -76.187  -27.852 0.1000000015
102462  -28.639  -77.076  -29.322 0.1000000015
8253  -29.365  -75.442  -27.588 0.1000000015
6002  -28.972  -78.695  -31.042 0.1000000015
6750  -29.438  -78.123  -30.407 0.1000000015
6749  -28.597  -77.823  -30.485 0.1000000015
5360  -29.356  -79.832  -31.310 0.1000000015
4897  -29.744  -81.254  -32.978 0.1000000015
5391  -30.137  -80.036  -33.511 0.1000000015
5411  -30.661  -78.951  -34.242 0.1000000015
8270  -28.668  -76.532  -28.737 0.1000000015
7556  -29.313  -77.152  -29.160 0.1000000015
92337  -29.728  -81.387  -32.333 0.1000000015
7555  -27.964  -76.846  -29.186 0.1000000015
4855  -29.674  -80.848  -31.607 0.1000000015
88913  -31.141  -80.347  -30.874 0.1000000015
93436  -31.556  -79.948  -30.154 0.1000000015
103521  -32.023  -79.983  -29.736 0.1000000015
6003  -29.849  -79.013  -30.837 0.1000000015
5361  -30.229  -80.026  -30.949 0.1000000015
6004  -30.488  -79.240  -30.470 0.1000000015
4856  -30.396  -80.520  -31.300 0.1000000015
4857  -30.938  -80.107  -30.603 0.1000000015
5982  -30.248  -78.499  -30.181 0.1000000015
6728  -29.782  -77.781  -29.649 0.1000000015
5963  -31.293  -78.741  -29.190 0.1000000015
5362  -30.890  -79.686  -30.368 0.1000000015
5983  -31.023  -79.084  -29.813 0.1000000015
7490  -36.108  -77.157  -25.313 0.1000000015
8191  -40.275  -76.007  -21.598 0.2000000030
8778  -38.745  -74.829  -8.774 0.1000000015
8942  -42.564  -73.348  -23.550 0.1000000015
8993  -41.468  -73.406  -26.379 0.2000000030
9740  -41.490  -72.642  -27.761 0.1000000015
10282  -38.581  -72.019  -13.734 0.1000000015
10450  -43.021  -72.110  -25.088 0.2000000030
10536  -35.920  -72.102  -32.162 0.1000000015
11040  -44.339  -71.887  -13.626 0.5000000000
11048  -44.458  -72.052  -13.827 0.5000000000
11049  -45.082  -71.608  -14.119 0.4000000060
11169  -43.322  -71.864  -23.543 0.1000000015
11216  -41.475  -71.718  -27.109 0.1000000015
11254  -40.304  -71.177  -29.931 0.1000000015
11836  -45.695  -71.032  -13.912 0.5000000000
11845  -47.133  -69.692  -14.816 0.5000000000
11966  -36.612  -70.232  -27.156 0.1000000015
12562  -47.239  -69.397  -14.713 0.5000000000
12563  -47.713  -68.999  -14.976 0.6000000238
12575  -47.240  -69.570  -15.311 0.5000000000
12600  -44.026  -69.293  -16.813 0.4000000060
12683  -35.567  -69.165  -26.679 0.1000000015
12735  -39.396  -69.804  -30.324 0.1000000015
13344  -47.633  -68.643  -15.134 0.6000000238
13345  -47.728  -68.853  -15.069 0.5000000000
13370  -46.945  -68.199  -17.438 0.4000000060
13454  -34.242  -68.372  -25.229 0.1000000015
14094  -47.166  -68.345  -14.909 0.6000000238
16441  -34.748  -64.675  -24.415 0.1000000015
16483  -38.901  -64.138  -28.802 0.1000000015
17186  -43.825  -64.491  -24.626 0.1000000015
18936  -36.035  -61.097  -23.676 0.1000000015
18947  -37.562  -61.144  -24.936 0.1000000015
20549  -46.170  -61.229  -13.866 0.1000000015
20694  -38.983  -59.313  -25.076 0.1000000015
21266  -36.030  -57.876  -7.687 0.1000000015
88580  -39.348  -71.216  -23.277 0.1000000015
90650  -47.583  -69.164  -15.499 0.5000000000
92379  -41.300  -75.463  -20.472 0.2000000030
103923  -45.336  -70.998  -13.740 0.5000000000
103955  -47.487  -68.308  -15.421 0.5000000000
104972  -41.335  -59.323  -17.701 0.2000000030
106135  -40.357  -57.081  -24.582 0.1000000015
106251  -37.395  -61.525  -25.134 0.1000000015
106941  -33.287  -75.131  -15.972 0.1000000015
