#!ascii label  , from subject OASIS_0001 vox2ras=TkReg
783
47138  -25.838  -23.495  -20.854 0.4285714328
48673  -26.464  -21.211  -21.250 0.2857142985
48657  -26.398  -21.888  -20.872 0.4285714328
48658  -27.000  -21.850  -20.750 0.4285714328
48674  -27.560  -21.147  -21.061 0.4285714328
100610  -26.556  -20.414  -21.710 0.2857142985
49416  -27.178  -20.578  -21.465 0.4285714328
49417  -27.969  -20.438  -21.499 0.4285714328
106863  -27.204  -19.342  -22.665 0.4285714328
50888  -27.636  -18.400  -23.103 0.4285714328
104490  -28.116  -17.808  -22.996 0.4285714328
51640  -26.796  -17.324  -23.520 0.5714285970
51622  -27.525  -17.633  -23.324 0.5714285970
52419  -28.923  -16.808  -22.781 0.2857142985
52417  -27.473  -16.668  -23.412 0.7142857313
52436  -28.329  -16.210  -23.105 0.7142857313
53223  -28.659  -15.206  -23.291 0.7142857313
53224  -29.577  -15.157  -22.923 0.4285714328
96053  -29.509  -13.911  -23.423 0.5714285970
53959  -27.855  -14.702  -23.660 0.5714285970
53960  -28.692  -14.305  -23.553 0.5714285970
54691  -28.760  -13.401  -23.605 0.5714285970
54692  -30.276  -13.854  -23.088 0.4285714328
55381  -29.375  -12.672  -23.509 0.5714285970
55382  -30.197  -12.459  -23.331 0.5714285970
55380  -28.461  -12.499  -23.678 0.7142857313
93156  -29.724  -11.894  -23.479 0.7142857313
56088  -30.448  -11.499  -23.283 0.5714285970
104804  -27.160  -12.736  -24.125 0.5714285970
56086  -28.959  -11.823  -23.595 0.8571428657
56087  -29.479  -11.015  -23.535 0.7142857313
104966  -28.215  -11.792  -23.795 0.7142857313
56100  -27.588  -11.333  -24.224 0.5714285970
56745  -29.563  -10.141  -23.529 0.7142857313
56746  -30.364  -10.404  -23.291 0.5714285970
56101  -28.484  -11.125  -23.816 0.7142857313
57442  -29.980  -9.514  -23.360 0.5714285970
103322  -28.741  -10.246  -23.879 0.7142857313
57443  -30.813  -9.526  -23.127 0.5714285970
57454  -29.189  -9.480  -23.763 0.7142857313
99676  -30.155  -8.024  -23.545 0.7142857313
58155  -30.427  -8.779  -23.289 0.7142857313
58168  -28.847  -8.739  -24.002 0.7142857313
58154  -29.649  -8.747  -23.595 0.7142857313
58874  -29.817  -7.194  -23.609 0.7142857313
57452  -27.645  -9.466  -24.492 0.5714285970
59602  -30.139  -6.373  -23.399 0.5714285970
99674  -28.479  -8.018  -24.189 0.8571428657
58167  -28.091  -8.719  -24.381 0.8571428657
59601  -29.379  -6.317  -23.660 0.7142857313
106959  -28.751  -7.547  -23.998 0.8571428657
99347  -29.003  -7.072  -23.846 0.7142857313
98146  -28.611  -4.783  -23.966 0.8571428657
97930  -29.970  -4.896  -23.491 0.5714285970
60384  -28.976  -5.502  -23.794 0.8571428657
60383  -28.265  -5.516  -24.252 0.8571428657
58884  -28.303  -7.183  -24.272 0.8571428657
59612  -28.632  -6.301  -24.013 0.8571428657
61940  -28.097  -3.460  -24.296 0.8571428657
61941  -28.715  -3.639  -23.888 0.8571428657
63264  -28.199  -2.290  -24.056 0.8571428657
62629  -27.055  -2.893  -24.781 1.0000000000
62618  -27.745  -2.796  -24.456 1.0000000000
100907  -27.748  -3.975  -24.425 0.8571428657
103148  -27.268  -2.518  -24.586 1.0000000000
61939  -27.418  -3.462  -24.636 1.0000000000
63263  -26.031  -1.530  -24.669 1.0000000000
63888  -24.662  -0.497  -24.833 0.7142857313
62617  -26.735  -2.252  -24.713 1.0000000000
63275  -26.032  -2.270  -25.118 1.0000000000
65150  -23.577  1.664  -24.592 1.0000000000
65784  -22.620  2.642  -24.608 0.8571428657
104243  -23.332  2.288  -24.417 1.0000000000
90618  -22.299  4.398  -23.568 0.8571428657
67159  -21.876  3.680  -23.965 0.8571428657
66454  -22.800  3.144  -24.048 1.0000000000
67863  -22.091  5.809  -22.695 0.8571428657
67875  -22.719  5.176  -23.172 0.8571428657
67861  -20.006  5.531  -22.895 0.5714285970
68583  -20.668  6.852  -22.564 0.7142857313
100494  -22.313  6.468  -22.218 0.5714285970
68567  -18.992  7.145  -21.526 0.5714285970
68581  -18.961  6.394  -22.214 0.5714285970
69242  -18.913  7.518  -20.579 0.4285714328
69920  -19.882  8.323  -21.095 0.4285714328
69247  -21.958  7.970  -21.654 0.4285714328
69901  -19.277  8.392  -19.250 0.2857142985
69895  -19.802  8.465  -18.638 0.2857142985
105943  -18.701  8.210  -19.044 0.2857142985
106173  -29.423  -13.328  -23.480 0.5714285970
60374  -30.318  -5.481  -23.242 0.5714285970
98588  -29.359  -4.802  -23.676 0.8571428657
61183  -29.042  -4.208  -23.770 0.8571428657
62619  -28.458  -2.980  -24.073 0.8571428657
69866  -21.315  8.530  -16.872 0.1428571492
49415  -25.799  -20.651  -21.846 0.2857142985
50139  -26.165  -19.970  -22.184 0.2857142985
50140  -27.237  -19.816  -22.005 0.4285714328
50154  -28.769  -18.911  -22.195 0.4285714328
50152  -26.587  -19.438  -22.707 0.2857142985
50889  -28.400  -18.316  -22.617 0.4285714328
51621  -26.745  -18.230  -23.402 0.5714285970
96037  -26.974  -16.085  -23.627 0.2857142985
53222  -27.605  -15.598  -23.495 0.7142857313
95500  -30.664  -13.132  -23.086 0.4285714328
54690  -27.894  -13.895  -23.793 0.7142857313
55393  -27.834  -13.056  -23.827 0.7142857313
95625  -27.670  -12.237  -23.963 0.5714285970
58156  -31.149  -8.741  -23.006 0.5714285970
56747  -31.220  -10.232  -22.963 0.5714285970
99897  -30.777  -8.160  -23.234 0.5714285970
56757  -28.035  -10.045  -24.319 0.8571428657
58885  -29.232  -7.908  -23.804 0.7142857313
91250  -27.485  -2.130  -24.367 1.0000000000
61950  -26.740  -3.522  -25.023 1.0000000000
63899  -25.247  -1.200  -24.931 0.8571428657
64517  -23.907  -0.024  -25.110 0.7142857313
64506  -24.358  0.413  -24.525 1.0000000000
64507  -25.147  0.167  -24.274 1.0000000000
64505  -23.720  0.821  -24.895 0.7142857313
104344  -24.847  0.816  -24.076 1.0000000000
64515  -22.705  0.833  -25.490 0.7142857313
65774  -23.408  2.812  -23.971 1.0000000000
67862  -21.018  5.873  -22.881 0.7142857313
103504  -19.380  7.815  -21.064 0.7142857313
94432  -19.584  6.101  -22.478 0.5714285970
68582  -19.728  6.997  -22.364 0.7142857313
69266  -21.506  7.210  -22.161 0.7142857313
68563  -18.236  6.878  -20.773 0.4285714328
100233  -20.292  8.483  -19.490 0.2857142985
69921  -20.591  8.488  -21.067 0.4285714328
69922  -21.520  8.521  -21.107 0.4285714328
69911  -20.238  8.518  -20.512 0.4285714328
53958  -27.164  -14.944  -23.792 0.4285714328
53976  -27.117  -14.293  -23.952 0.4285714328
69245  -19.767  7.639  -21.620 0.7142857313
69910  -19.536  8.138  -20.253 0.2857142985
47872  -26.323  -22.549  -20.796 0.4285714328
48672  -25.403  -21.467  -21.699 0.2857142985
48656  -25.787  -21.997  -21.072 0.2857142985
48659  -27.943  -21.904  -20.729 0.4285714328
50887  -26.204  -18.953  -23.227 0.2857142985
89552  -27.071  -19.005  -23.127 0.4285714328
50153  -27.836  -19.081  -22.556 0.4285714328
98046  -26.732  -16.630  -23.619 0.2857142985
52418  -28.201  -17.135  -23.088 0.4285714328
104116  -29.926  -13.246  -23.360 0.4285714328
55383  -30.989  -12.306  -23.009 0.5714285970
54706  -27.104  -13.482  -24.064 0.7142857313
98182  -28.008  -10.623  -24.189 0.7142857313
57453  -28.466  -9.452  -24.183 0.8571428657
60373  -29.702  -5.514  -23.543 0.8571428657
61182  -28.332  -4.116  -24.110 0.8571428657
59611  -27.951  -6.332  -24.475 0.8571428657
67874  -21.666  5.177  -23.398 0.8571428657
68584  -21.522  6.430  -22.483 0.7142857313
90875  -20.253  6.258  -22.543 0.5714285970
69233  -17.687  7.139  -20.075 0.4285714328
103290  -20.324  8.004  -21.498 0.4285714328
69894  -19.012  8.479  -18.372 0.2857142985
69235  -18.923  7.768  -19.740 0.2857142985
69884  -19.867  8.511  -17.653 0.2857142985
69885  -20.767  8.509  -17.454 0.1428571492
53221  -26.756  -15.465  -23.838 0.2857142985
69265  -20.496  7.440  -22.101 0.5714285970
70507  -23.908  10.175  -21.570 0.2857142985
71029  -23.557  11.121  -21.226 0.1428571492
70505  -23.052  9.310  -20.999 0.2857142985
70497  -23.034  10.055  -20.512 0.1428571492
71015  -23.275  10.920  -20.745 0.1428571492
93452  -21.967  8.753  -19.804 0.1428571492
69913  -22.125  8.761  -20.472 0.2857142985
97099  -22.525  8.882  -19.918 0.1428571492
69926  -24.432  9.060  -21.567 0.2857142985
69925  -23.590  9.119  -21.486 0.2857142985
69252  -26.504  7.399  -21.390 0.2857142985
96186  -25.011  8.175  -21.534 0.2857142985
71012  -23.357  10.691  -20.048 0.1428571492
69924  -23.100  8.603  -21.403 0.2857142985
68586  -24.203  6.503  -22.521 0.2857142985
68588  -25.677  5.997  -22.061 0.1428571492
69270  -24.705  7.223  -21.936 0.2857142985
69250  -24.076  8.183  -21.874 0.2857142985
69249  -23.475  8.091  -21.851 0.2857142985
67846  -28.975  5.447  -21.433 0.1428571492
67845  -27.895  5.354  -21.538 0.1428571492
68568  -25.632  6.762  -21.789 0.4285714328
100571  -22.997  6.734  -22.289 0.2857142985
66446  -25.506  3.863  -22.725 0.2857142985
67877  -24.207  5.201  -23.021 0.4285714328
66448  -27.268  3.318  -22.078 0.1428571492
95737  -25.553  4.684  -22.499 0.2857142985
67865  -23.959  5.947  -22.979 0.4285714328
67153  -24.437  4.515  -23.071 0.5714285970
65765  -27.487  2.544  -22.106 0.1428571492
65764  -26.658  2.761  -22.458 0.1428571492
67876  -23.639  5.241  -23.077 0.7142857313
67864  -23.086  5.924  -22.554 0.4285714328
66457  -24.745  3.751  -23.212 0.4285714328
65125  -27.729  1.759  -22.143 0.2857142985
65778  -26.912  1.963  -22.516 0.7142857313
67152  -23.295  4.349  -23.350 0.7142857313
65138  -24.093  2.324  -23.957 0.8571428657
65776  -25.378  2.519  -23.266 0.8571428657
88646  -28.748  0.785  -22.174 0.2857142985
65126  -28.044  1.143  -22.307 0.2857142985
66456  -24.129  3.183  -23.493 0.7142857313
67158  -21.079  3.622  -23.920 0.5714285970
66455  -23.416  3.505  -23.635 0.8571428657
64486  -29.599  0.218  -21.843 0.1428571492
102771  -26.457  1.532  -22.985 0.7142857313
63862  -29.361  -0.661  -22.544 0.1428571492
61203  -25.300  -4.265  -25.933 0.5714285970
63274  -25.457  -1.867  -25.366 0.8571428657
62627  -25.649  -2.722  -25.595 0.4285714328
91958  -24.677  -1.334  -25.502 0.5714285970
101744  -24.358  1.373  -24.218 0.8571428657
99098  -26.654  -0.090  -23.610 0.8571428657
65139  -25.053  1.369  -23.806 0.8571428657
65140  -26.397  0.759  -23.388 0.8571428657
92979  -25.690  1.629  -23.418 0.8571428657
63234  -29.846  -1.464  -22.684 0.4285714328
64497  -27.228  0.210  -23.177 0.7142857313
65141  -27.195  1.079  -22.684 0.7142857313
91792  -25.007  -5.046  -26.297 0.2857142985
61949  -26.096  -3.472  -25.445 0.5714285970
61948  -25.500  -3.509  -25.775 0.5714285970
63876  -26.402  -0.751  -24.044 0.8571428657
64496  -25.942  0.036  -23.893 0.8571428657
64495  -25.505  0.803  -23.778 0.8571428657
63879  -29.086  -1.314  -23.107 0.4285714328
63877  -27.305  -0.658  -23.674 0.8571428657
58184  -26.605  -8.667  -25.203 0.7142857313
99724  -25.931  -7.822  -25.852 0.4285714328
58166  -27.295  -8.709  -24.711 0.7142857313
58883  -27.659  -7.025  -24.668 0.8571428657
59623  -26.701  -6.489  -25.373 0.5714285970
103134  -25.808  -5.885  -25.942 0.5714285970
60403  -25.297  -5.786  -26.271 0.4285714328
60392  -27.017  -5.816  -25.180 0.8571428657
60391  -26.419  -5.658  -25.552 0.5714285970
61181  -27.803  -4.724  -24.477 0.8571428657
61193  -26.465  -4.322  -25.369 0.7142857313
62620  -29.009  -3.228  -23.702 0.7142857313
63251  -27.855  -1.496  -23.831 0.7142857313
62591  -30.918  -2.970  -22.676 0.2857142985
63254  -30.242  -2.426  -22.794 0.4285714328
63253  -29.433  -2.097  -23.274 0.5714285970
56756  -27.153  -10.378  -24.583 0.4285714328
57468  -26.779  -9.435  -24.863 0.4285714328
58183  -25.958  -8.502  -25.724 0.4285714328
99675  -27.720  -7.875  -24.640 0.7142857313
60382  -27.553  -5.615  -24.739 0.8571428657
61928  -29.380  -3.690  -23.575 0.7142857313
61908  -30.735  -3.502  -22.851 0.2857142985
61929  -30.061  -3.607  -23.200 0.5714285970
56099  -26.744  -11.187  -24.621 0.4285714328
104732  -26.262  -10.765  -24.964 0.5714285970
98467  -30.453  -4.015  -23.086 0.4285714328
99348  -31.577  -6.986  -22.694 0.4285714328
58875  -30.683  -7.307  -23.235 0.4285714328
59587  -31.410  -6.079  -22.616 0.4285714328
102788  -29.138  -18.160  -22.438 0.1428571492
58876  -31.366  -7.948  -22.915 0.4285714328
52420  -29.749  -16.630  -22.678 0.1428571492
53962  -30.692  -14.477  -22.783 0.2857142985
56090  -32.201  -11.510  -22.685 0.2857142985
93432  -33.376  -10.263  -21.846 0.2857142985
101276  -32.573  -10.736  -22.349 0.2857142985
57434  -32.504  -9.711  -22.177 0.2857142985
56737  -31.880  -10.208  -22.561 0.2857142985
56075  -31.683  -10.858  -22.840 0.2857142985
105401  -32.142  -9.121  -22.392 0.2857142985
51624  -29.475  -17.406  -22.616 0.1428571492
51623  -28.716  -17.587  -22.678 0.1428571492
52438  -30.047  -15.833  -22.698 0.2857142985
53225  -30.369  -15.122  -22.712 0.2857142985
54694  -31.944  -13.961  -22.555 0.2857142985
102406  -32.401  -12.739  -22.622 0.2857142985
93812  -31.630  -13.072  -22.773 0.2857142985
55384  -31.864  -12.211  -22.810 0.2857142985
100411  -30.380  -17.253  -22.576 0.1428571492
53208  -32.156  -15.642  -22.545 0.2857142985
98765  -30.596  -16.437  -22.611 0.2857142985
53963  -31.418  -14.459  -22.669 0.2857142985
53226  -31.274  -15.199  -22.655 0.2857142985
50141  -28.328  -19.668  -21.904 0.2857142985
91290  -26.671  -23.215  -20.653 0.2857142985
91944  -26.487  -23.950  -20.594 0.2857142985
47139  -27.406  -23.443  -20.530 0.1428571492
46448  -25.473  -24.567  -20.993 0.2857142985
52421  -31.349  -16.100  -22.599 0.2857142985
102812  -32.717  -12.171  -22.551 0.2857142985
56076  -33.084  -11.506  -22.325 0.2857142985
92230  -31.018  -10.906  -23.158 0.4285714328
58145  -32.639  -8.721  -22.033 0.2857142985
99673  -26.527  -7.951  -25.474 0.7142857313
58865  -32.143  -7.847  -22.411 0.4285714328
105300  -26.457  -4.989  -25.506 0.5714285970
61154  -31.170  -4.057  -22.755 0.2857142985
62608  -30.350  -3.120  -22.947 0.5714285970
66464  -22.154  3.221  -24.440 0.7142857313
63252  -28.680  -1.808  -23.578 0.7142857313
95894  -24.914  2.071  -23.712 0.8571428657
67873  -20.740  5.042  -23.418 0.4285714328
67151  -22.625  3.666  -23.813 0.7142857313
69268  -23.261  7.360  -22.121 0.2857142985
66447  -26.413  3.563  -22.385 0.4285714328
70492  -23.189  10.146  -19.736 0.1428571492
67868  -26.166  5.339  -22.053 0.1428571492
92115  -25.352  8.915  -21.407 0.2857142985
47873  -27.294  -22.634  -20.651 0.1428571492
47871  -25.366  -22.905  -21.306 0.2857142985
48675  -28.612  -21.143  -21.123 0.1428571492
93998  -31.241  -16.959  -22.503 0.1428571492
53961  -29.930  -14.483  -22.988 0.2857142985
55369  -33.164  -12.842  -22.427 0.2857142985
57467  -26.041  -9.300  -25.468 0.2857142985
57435  -33.490  -9.433  -21.681 0.2857142985
58866  -33.025  -7.809  -21.813 0.2857142985
101796  -27.076  -8.100  -25.069 0.7142857313
59621  -25.457  -6.524  -26.209 0.4285714328
58896  -26.312  -7.225  -25.606 0.5714285970
61202  -24.604  -4.300  -26.331 0.2857142985
60404  -25.848  -4.991  -25.854 0.5714285970
61958  -24.930  -3.700  -26.059 0.2857142985
59588  -32.110  -6.226  -22.351 0.1428571492
60356  -31.699  -5.436  -22.500 0.4285714328
60375  -30.933  -5.418  -22.807 0.4285714328
92353  -32.019  -4.596  -22.433 0.1428571492
63890  -26.984  -1.468  -24.254 0.8571428657
62607  -29.622  -2.980  -23.311 0.5714285970
89575  -27.954  -0.248  -23.126 0.7142857313
63863  -30.306  -0.666  -22.049 0.2857142985
69912  -21.182  8.634  -20.236 0.2857142985
64498  -27.941  0.466  -22.637 0.4285714328
66458  -25.779  2.988  -22.710 0.5714285970
65127  -29.446  1.252  -21.569 0.1428571492
91341  -25.165  3.216  -23.127 0.5714285970
65766  -28.364  2.348  -21.725 0.1428571492
68587  -24.938  6.251  -22.320 0.2857142985
67867  -25.117  5.320  -22.464 0.2857142985
67142  -26.276  4.409  -22.279 0.2857142985
67122  -27.622  4.537  -21.698 0.1428571492
67123  -28.463  4.609  -21.604 0.1428571492
104459  -27.296  7.036  -21.327 0.2857142985
69253  -28.118  7.226  -21.206 0.1428571492
68569  -27.715  6.340  -21.371 0.1428571492
47884  -28.903  -22.083  -20.854 0.1428571492
97362  -30.085  -18.068  -22.555 0.1428571492
90186  -33.434  -10.938  -22.034 0.2857142985
98180  -29.396  6.448  -21.342 0.1428571492
96836  -28.520  8.030  -21.170 0.2857142985
97838  -28.773  -20.338  -21.560 0.1428571492
52437  -29.198  -15.949  -22.860 0.2857142985
96209  -29.302  -14.606  -23.299 0.4285714328
59603  -30.785  -6.257  -22.943 0.4285714328
62628  -26.368  -2.856  -25.113 0.8571428657
61194  -27.173  -4.168  -24.818 0.8571428657
63889  -25.548  -0.645  -24.409 0.8571428657
67150  -21.415  4.289  -23.592 0.5714285970
103555  -23.999  4.681  -23.231 0.7142857313
68585  -23.629  6.625  -22.455 0.2857142985
69248  -22.813  7.993  -21.718 0.2857142985
61170  -29.816  -4.261  -23.457 0.4285714328
54693  -31.079  -13.826  -22.827 0.2857142985
65775  -24.755  2.864  -23.430 0.8571428657
69923  -22.465  8.605  -21.150 0.2857142985
59610  -27.320  -6.408  -24.932 0.8571428657
70506  -23.331  10.224  -21.162 0.2857142985
70496  -22.759  9.061  -20.441 0.1428571492
70491  -22.983  9.406  -19.753 0.1428571492
69269  -23.859  7.333  -22.188 0.2857142985
104270  -26.572  6.352  -21.602 0.1428571492
67844  -27.045  5.647  -21.573 0.1428571492
68570  -28.502  6.051  -21.315 0.1428571492
67121  -26.959  4.873  -21.778 0.1428571492
67143  -27.051  4.083  -21.971 0.1428571492
67140  -24.533  4.992  -22.786 0.4285714328
67866  -24.431  5.678  -22.739 0.5714285970
66431  -28.826  3.820  -21.584 0.1428571492
67141  -24.885  4.496  -22.805 0.4285714328
95633  -24.071  4.012  -23.347 0.7142857313
65777  -26.083  2.199  -22.823 0.4285714328
64485  -28.689  -0.052  -22.512 0.4285714328
61192  -25.851  -4.080  -25.654 0.5714285970
62626  -24.939  -2.176  -25.881 0.4285714328
62637  -24.971  -2.981  -26.076 0.4285714328
63878  -28.600  -0.711  -23.042 0.4285714328
92149  -28.020  -0.846  -23.459 0.7142857313
58897  -27.067  -7.308  -25.136 0.7142857313
59622  -26.040  -6.503  -25.778 0.4285714328
59637  -24.956  -6.432  -26.474 0.2857142985
95820  -27.029  -5.029  -25.171 0.7142857313
62606  -28.882  -2.577  -23.665 0.5714285970
56769  -26.191  -10.115  -25.201 0.5714285970
61171  -30.519  -4.671  -23.083 0.4285714328
57433  -31.630  -9.463  -22.682 0.4285714328
58144  -31.829  -8.626  -22.598 0.4285714328
56089  -31.346  -11.537  -23.000 0.2857142985
52439  -30.747  -15.749  -22.665 0.2857142985
54676  -32.597  -13.413  -22.514 0.2857142985
53227  -32.140  -14.775  -22.585 0.2857142985
46449  -27.329  -24.335  -20.348 0.1428571492
96445  -26.319  -24.671  -20.592 0.1428571492
47140  -28.259  -23.690  -20.426 0.1428571492
61172  -31.219  -4.793  -22.709 0.2857142985
47874  -28.292  -22.857  -20.674 0.1428571492
97832  -29.428  -21.543  -21.108 0.1428571492
69903  -22.398  8.789  -19.287 0.1428571492
66462  -20.814  3.139  -24.295 0.5714285970
65148  -21.481  2.173  -25.060 0.4285714328
65781  -20.445  2.150  -24.129 0.4285714328
65773  -20.507  2.769  -24.083 0.5714285970
65789  -22.110  2.168  -25.272 0.4285714328
65783  -21.781  2.716  -24.820 0.5714285970
66463  -21.431  3.187  -24.451 0.4285714328
64516  -23.261  0.344  -25.477 0.4285714328
65156  -23.125  1.229  -25.296 0.4285714328
64514  -22.027  0.750  -25.477 0.4285714328
65155  -22.392  1.440  -25.377 0.5714285970
65149  -22.872  1.917  -24.903 0.5714285970
104885  -34.140  -9.989  -21.578 0.1428571492
95845  -26.103  -16.992  -23.690 0.2857142985
56739  -35.424  -10.482  -22.333 0.1428571492
56078  -34.847  -11.142  -22.085 0.1428571492
56740  -36.067  -10.879  -22.983 0.1428571492
89641  -34.798  -10.196  -21.747 0.1428571492
57438  -35.837  -9.865  -22.799 0.1428571492
51639  -26.136  -17.679  -23.553 0.2857142985
94373  -33.589  -12.164  -22.291 0.1428571492
96207  -35.331  -11.915  -22.437 0.1428571492
56759  -36.311  -10.971  -23.911 0.1428571492
97636  -35.574  -11.227  -22.543 0.1428571492
57471  -35.480  -9.592  -26.091 0.1428571492
56758  -36.221  -10.302  -24.770 0.1428571492
57455  -36.055  -9.483  -25.393 0.1428571492
50903  -25.763  -18.281  -23.478 0.2857142985
103149  -33.547  -14.428  -22.410 0.1428571492
54677  -33.552  -13.652  -22.365 0.1428571492
55370  -34.070  -12.861  -22.233 0.1428571492
55372  -35.773  -12.525  -22.734 0.1428571492
55371  -35.037  -12.831  -22.343 0.1428571492
55385  -36.184  -12.289  -23.103 0.1428571492
56103  -36.326  -11.721  -24.228 0.1428571492
56772  -35.751  -10.877  -25.519 0.1428571492
56771  -35.255  -10.289  -26.228 0.1428571492
50886  -25.332  -18.912  -23.314 0.2857142985
90006  -24.952  -19.344  -23.079 0.2857142985
94320  -34.075  -14.937  -22.390 0.1428571492
54678  -34.466  -13.541  -22.355 0.1428571492
54695  -36.147  -13.092  -23.206 0.1428571492
55395  -36.342  -12.430  -23.747 0.1428571492
56102  -36.006  -11.687  -25.169 0.1428571492
55394  -36.164  -12.447  -24.686 0.1428571492
58185  -34.041  -8.920  -26.740 0.1428571492
57470  -34.695  -9.654  -26.483 0.1428571492
53209  -33.108  -15.116  -22.481 0.1428571492
92662  -33.017  -16.088  -22.399 0.1428571492
102664  -34.663  -14.679  -22.457 0.1428571492
53211  -34.932  -15.466  -22.488 0.1428571492
53965  -36.038  -13.931  -23.463 0.1428571492
92727  -34.181  -14.220  -22.374 0.1428571492
53948  -35.463  -14.003  -22.733 0.1428571492
98941  -36.202  -13.308  -24.196 0.1428571492
99941  -35.007  -11.003  -26.290 0.1428571492
55406  -35.708  -12.352  -25.645 0.1428571492
56770  -34.140  -10.404  -26.613 0.1428571492
98441  -32.941  -16.966  -22.353 0.1428571492
107385  -35.397  -15.801  -22.748 0.1428571492
90756  -35.220  -16.284  -22.663 0.1428571492
53210  -33.946  -15.729  -22.402 0.1428571492
53212  -35.526  -15.329  -22.840 0.1428571492
54707  -35.898  -13.777  -24.974 0.1428571492
53229  -35.897  -14.617  -23.612 0.1428571492
92600  -35.403  -12.914  -26.027 0.1428571492
56114  -35.462  -11.647  -26.037 0.1428571492
98056  -35.857  -13.105  -25.246 0.1428571492
94492  -35.500  -17.131  -22.962 0.1428571492
97773  -34.648  -17.037  -22.506 0.1428571492
89776  -35.835  -16.046  -23.869 0.1428571492
91302  -35.646  -16.111  -23.078 0.1428571492
53977  -35.744  -14.434  -25.190 0.1428571492
53243  -35.802  -15.105  -24.340 0.1428571492
55405  -35.057  -12.319  -26.301 0.1428571492
54715  -35.348  -13.742  -25.999 0.1428571492
53964  -35.778  -14.541  -22.998 0.1428571492
54680  -35.615  -13.304  -22.721 0.1428571492
106142  -33.825  -9.608  -26.754 0.1428571492
56091  -36.281  -11.675  -23.380 0.1428571492
99928  -36.193  -11.114  -24.700 0.1428571492
50151  -25.635  -19.525  -22.827 0.2857142985
56113  -34.655  -11.681  -26.450 0.1428571492
100569  -34.226  -11.150  -26.583 0.1428571492
57480  -32.968  -9.059  -27.227 0.1428571492
58197  -33.088  -7.964  -27.361 0.1428571492
63898  -23.563  -0.509  -25.597 0.4285714328
99619  -35.810  -10.139  -25.587 0.1428571492
97006  -34.963  -9.065  -26.403 0.1428571492
57436  -34.585  -9.295  -21.511 0.1428571492
58146  -33.707  -8.574  -21.572 0.1428571492
66453  -20.317  3.344  -23.692 0.4285714328
67149  -20.570  4.165  -23.564 0.4285714328
97118  -29.325  8.123  -21.434 0.1428571492
96811  -27.496  7.872  -21.111 0.1428571492
53947  -32.823  -14.225  -22.462 0.1428571492
52422  -32.100  -16.539  -22.457 0.1428571492
98711  -32.530  -7.023  -22.213 0.1428571492
56077  -33.959  -11.439  -22.006 0.1428571492
56738  -34.137  -10.664  -21.798 0.1428571492
56079  -35.942  -11.752  -22.833 0.1428571492
57437  -35.357  -9.601  -21.955 0.1428571492
99705  -36.168  -10.091  -23.750 0.1428571492
92588  -34.501  -12.053  -22.204 0.1428571492
54679  -35.102  -13.559  -22.491 0.1428571492
97826  -34.852  -14.112  -22.492 0.1428571492
53949  -35.880  -13.790  -22.985 0.1428571492
96448  -33.819  -16.553  -22.404 0.1428571492
52423  -34.570  -16.220  -22.462 0.1428571492
53978  -35.980  -14.208  -24.265 0.1428571492
96625  -35.279  -14.694  -22.637 0.1428571492
53228  -35.772  -15.292  -23.337 0.1428571492
55414  -34.631  -13.028  -26.431 0.1428571492
46435  -24.612  -24.907  -20.674 0.1428571492
47137  -24.967  -23.815  -21.349 0.1428571492
47128  -24.105  -24.122  -20.839 0.1428571492
47136  -24.330  -23.853  -21.266 0.1428571492
47870  -24.464  -23.065  -21.523 0.1428571492
47883  -25.005  -22.270  -21.655 0.1428571492
48671  -24.768  -21.682  -21.956 0.1428571492
106985  -24.739  -20.307  -22.487 0.1428571492
49414  -24.922  -20.982  -22.312 0.1428571492
49432  -25.336  -20.219  -22.445 0.1428571492
48670  -24.009  -21.276  -21.857 0.1428571492
49413  -24.132  -20.474  -22.205 0.1428571492
49431  -24.893  -19.812  -22.751 0.1428571492
50884  -23.744  -18.773  -22.701 0.1428571492
51620  -24.914  -18.278  -23.552 0.1428571492
51638  -25.347  -17.522  -23.798 0.2857142985
52434  -25.452  -16.658  -24.068 0.1428571492
52435  -26.225  -16.157  -23.863 0.1428571492
52433  -24.690  -16.836  -23.979 0.2857142985
55391  -25.895  -12.309  -24.843 0.4285714328
55392  -26.774  -12.016  -24.440 0.4285714328
63273  -24.338  -1.787  -26.089 0.2857142985
97658  -24.137  -0.688  -25.409 0.2857142985
65136  -19.399  1.195  -22.957 0.2857142985
92987  -19.995  1.843  -23.658 0.2857142985
65772  -19.958  2.501  -23.572 0.2857142985
65759  -19.434  2.549  -22.939 0.4285714328
48655  -24.278  -22.140  -21.619 0.1428571492
50149  -23.818  -19.391  -22.423 0.1428571492
90534  -24.100  -18.193  -23.198 0.1428571492
51637  -24.436  -17.552  -23.555 0.1428571492
52451  -24.910  -16.110  -24.277 0.2857142985
52452  -25.551  -15.980  -24.183 0.2857142985
53241  -25.256  -15.434  -24.433 0.2857142985
53242  -26.001  -15.419  -24.189 0.2857142985
53975  -26.495  -14.782  -24.127 0.2857142985
54705  -26.205  -13.900  -24.336 0.4285714328
105292  -25.427  -12.434  -25.058 0.2857142985
62636  -24.349  -2.500  -26.276 0.2857142985
63280  -23.634  -1.968  -26.302 0.2857142985
89874  -23.936  -1.184  -25.906 0.2857142985
63271  -22.457  -0.688  -25.710 0.2857142985
98771  -23.057  -0.357  -25.709 0.2857142985
96542  -20.730  0.929  -24.609 0.2857142985
64503  -20.206  0.535  -23.840 0.2857142985
53974  -25.697  -14.730  -24.496 0.2857142985
63272  -23.154  -1.118  -25.986 0.2857142985
64504  -20.642  0.114  -24.620 0.2857142985
63897  -22.569  0.125  -25.589 0.2857142985
64513  -21.245  0.564  -25.165 0.2857142985
105073  -21.132  1.175  -24.973 0.2857142985
63270  -21.609  -1.198  -25.546 0.2857142985
63895  -21.019  -0.450  -25.172 0.2857142985
93780  -26.418  -12.914  -24.373 0.4285714328
65147  -20.942  1.719  -24.717 0.2857142985
50885  -24.574  -18.831  -23.160 0.1428571492
50150  -24.376  -19.340  -22.765 0.1428571492
46447  -24.679  -24.561  -21.167 0.1428571492
92975  -23.815  -22.605  -21.322 0.1428571492
50138  -24.261  -19.868  -22.458 0.1428571492
50137  -23.565  -19.825  -22.068 0.1428571492
54704  -25.534  -13.045  -24.754 0.4285714328
65146  -20.366  1.395  -24.033 0.2857142985
63887  -20.486  -0.729  -24.592 0.2857142985
96116  -25.616  -10.727  -25.444 0.2857142985
56111  -25.935  -11.460  -25.052 0.2857142985
71032  -28.781  10.402  -21.717 0.1428571492
71033  -29.414  10.263  -22.203 0.1428571492
70510  -27.373  9.507  -21.068 0.1428571492
92019  -27.003  8.643  -21.019 0.1428571492
106775  -26.775  8.057  -21.154 0.1428571492
70508  -25.008  9.741  -21.464 0.1428571492
89045  -25.807  11.503  -21.606 0.1428571492
91311  -25.447  -9.943  -25.663 0.2857142985
69928  -28.928  8.812  -21.291 0.1428571492
70512  -29.254  9.552  -21.665 0.1428571492
91892  -28.019  8.736  -21.021 0.1428571492
69251  -25.581  7.543  -21.561 0.1428571492
89430  -26.652  10.387  -21.282 0.1428571492
71031  -25.538  10.438  -21.423 0.1428571492
88898  -24.619  10.546  -21.533 0.1428571492
71030  -23.945  11.151  -21.541 0.1428571492
69927  -26.067  8.294  -21.267 0.1428571492
70511  -28.420  9.554  -21.305 0.1428571492
89876  -27.772  10.421  -21.375 0.1428571492
70509  -26.173  9.403  -21.193 0.1428571492
71051  -28.964  11.201  -22.401 0.1428571492
62625  -21.942  -2.147  -25.934 0.1428571492
63279  -22.735  -1.944  -26.250 0.1428571492
106813  -22.377  -1.413  -25.918 0.1428571492
92326  -20.273  -0.240  -24.020 0.1428571492
63226  -18.121  -1.229  -21.576 0.1428571492
63856  -18.019  -0.573  -21.536 0.1428571492
62635  -23.775  -2.806  -26.471 0.1428571492
63885  -19.736  -0.255  -23.504 0.1428571492
64478  -17.124  -0.360  -20.614 0.1428571492
64462  -17.187  0.365  -20.641 0.1428571492
64445  -16.682  0.853  -20.236 0.2857142985
58895  -25.662  -7.254  -26.061 0.2857142985
58910  -25.026  -7.243  -26.470 0.1428571492
61201  -23.932  -4.261  -26.637 0.1428571492
61957  -24.305  -3.424  -26.421 0.1428571492
62634  -22.977  -2.740  -26.432 0.1428571492
63235  -30.657  -1.624  -22.305 0.1428571492
62624  -21.146  -2.093  -25.412 0.1428571492
64494  -19.444  0.482  -23.113 0.1428571492
65120  -18.958  1.603  -22.551 0.1428571492
65099  -17.206  1.164  -20.694 0.1428571492
65082  -16.680  1.606  -20.391 0.2857142985
65726  -17.369  2.624  -20.794 0.2857142985
67831  -16.836  5.764  -20.350 0.2857142985
67815  -16.350  5.701  -19.738 0.2857142985
68549  -17.160  6.569  -19.677 0.2857142985
69902  -21.416  8.599  -19.251 0.1428571492
100623  -18.697  8.220  -16.798 0.1428571492
66452  -19.621  3.277  -23.197 0.2857142985
65083  -17.194  1.874  -20.649 0.2857142985
66423  -18.378  3.379  -21.805 0.2857142985
94527  -19.543  4.992  -23.137 0.2857142985
98686  -17.395  4.184  -20.890 0.2857142985
67101  -16.284  4.311  -20.324 0.2857142985
67842  -18.538  5.739  -22.021 0.2857142985
99483  -16.569  5.097  -20.061 0.2857142985
68566  -18.373  6.366  -21.530 0.2857142985
88319  -18.174  7.573  -19.386 0.1428571492
68548  -16.282  6.286  -19.253 0.2857142985
69896  -20.798  8.494  -18.378 0.1428571492
69886  -21.611  8.520  -17.731 0.1428571492
67813  -14.963  5.158  -19.300 0.1428571492
67086  -14.684  4.309  -18.971 0.1428571492
64444  -16.172  0.673  -19.592 0.2857142985
94207  -17.563  7.103  -19.363 0.1428571492
68537  -17.121  6.684  -18.833 0.2857142985
69230  -18.385  7.821  -18.533 0.1428571492
93093  -17.902  7.482  -17.941 0.1428571492
63196  -15.871  -0.549  -19.446 0.2857142985
68520  -15.457  6.441  -17.494 0.1428571492
69863  -18.914  8.361  -15.918 0.1428571492
69221  -16.992  7.408  -17.196 0.1428571492
62533  -15.567  -2.189  -18.879 0.1428571492
94593  -31.176  -1.004  -21.799 0.1428571492
61909  -31.426  -3.391  -22.563 0.1428571492
60402  -24.277  -5.055  -26.589 0.1428571492
61955  -22.742  -3.610  -26.382 0.1428571492
63236  -31.457  -1.831  -21.948 0.1428571492
61954  -22.121  -3.032  -26.162 0.1428571492
62616  -20.572  -2.174  -24.801 0.1428571492
63262  -20.259  -1.576  -24.398 0.1428571492
95396  -19.028  -1.042  -22.664 0.1428571492
64493  -18.828  0.099  -22.551 0.1428571492
99996  -16.611  -0.551  -20.220 0.1428571492
65135  -18.868  0.774  -22.505 0.1428571492
64443  -15.796  0.127  -19.342 0.2857142985
65725  -16.761  2.336  -20.474 0.1428571492
65724  -16.118  2.868  -20.462 0.1428571492
66406  -17.192  3.474  -20.626 0.2857142985
66396  -15.419  3.640  -19.812 0.1428571492
99241  -16.957  4.103  -20.518 0.1428571492
69201  -15.710  6.950  -16.747 0.1428571492
69220  -16.193  7.097  -17.335 0.1428571492
69883  -19.084  8.459  -17.453 0.1428571492
96535  -30.975  -2.370  -22.375 0.1428571492
67860  -19.112  5.512  -22.589 0.2857142985
68562  -17.379  6.373  -20.458 0.2857142985
69234  -18.323  7.462  -20.137 0.2857142985
69222  -18.563  8.098  -17.710 0.1428571492
97416  -24.627  -5.818  -26.515 0.1428571492
67872  -19.995  4.840  -23.430 0.2857142985
96603  -31.892  -3.818  -22.484 0.1428571492
66444  -19.298  3.974  -22.736 0.2857142985
102650  -19.263  2.093  -22.770 0.1428571492
65743  -18.763  2.483  -22.311 0.1428571492
102440  -22.419  -2.461  -26.229 0.1428571492
63269  -20.779  -1.348  -25.092 0.1428571492
63886  -20.002  -0.940  -23.897 0.1428571492
97584  -21.411  -2.871  -25.642 0.1428571492
63875  -19.488  -1.026  -23.228 0.1428571492
63874  -19.210  -0.360  -22.860 0.1428571492
64479  -17.577  -0.093  -21.185 0.1428571492
64480  -18.284  0.202  -21.813 0.1428571492
61956  -23.510  -3.510  -26.531 0.1428571492
64461  -16.638  0.099  -20.215 0.1428571492
65119  -18.342  1.121  -21.841 0.1428571492
65100  -17.717  1.685  -21.246 0.2857142985
66422  -17.678  3.420  -21.213 0.2857142985
66443  -19.006  3.315  -22.531 0.2857142985
65742  -18.024  2.589  -21.534 0.2857142985
68561  -16.704  6.204  -20.000 0.2857142985
68565  -17.766  6.251  -21.112 0.2857142985
67814  -15.603  5.771  -19.233 0.1428571492
69864  -19.498  8.486  -16.618 0.1428571492
98757  -18.010  4.215  -21.461 0.2857142985
98756  -18.651  4.247  -22.166 0.2857142985
67117  -18.265  5.007  -21.732 0.2857142985
67102  -17.044  4.894  -20.567 0.2857142985
67087  -15.150  4.366  -19.534 0.1428571492
67841  -17.921  5.733  -21.458 0.2857142985
69229  -17.713  7.321  -18.717 0.1428571492
68536  -16.335  6.596  -18.285 0.2857142985
69897  -21.942  8.599  -18.575 0.1428571492
69228  -16.925  7.275  -18.087 0.2857142985
65716  -15.552  2.231  -20.127 0.1428571492
66404  -15.848  3.653  -20.378 0.2857142985
103883  -18.050  7.514  -16.999 0.1428571492
53219  -23.236  -15.538  -23.774 0.1428571492
53240  -24.492  -15.385  -24.411 0.1428571492
53957  -23.258  -14.709  -23.987 0.1428571492
91312  -22.845  -13.780  -23.849 0.1428571492
54702  -23.545  -13.205  -24.327 0.1428571492
53972  -24.106  -14.684  -24.452 0.1428571492
54703  -24.558  -14.019  -24.673 0.1428571492
55390  -24.226  -12.618  -24.771 0.1428571492
54713  -24.844  -13.267  -24.880 0.1428571492
55402  -25.014  -12.444  -25.240 0.1428571492
55389  -23.248  -12.486  -24.448 0.1428571492
104082  -24.563  -11.827  -25.299 0.1428571492
55403  -25.380  -11.945  -25.297 0.1428571492
56110  -25.239  -11.292  -25.524 0.1428571492
57466  -25.388  -9.074  -26.002 0.1428571492
64430  -15.469  0.425  -19.218 0.1428571492
53973  -24.909  -14.736  -24.642 0.1428571492
96596  -23.268  -16.207  -23.581 0.1428571492
89028  -22.658  -15.190  -23.497 0.1428571492
68535  -15.463  6.179  -18.558 0.1428571492
53239  -23.790  -15.254  -24.206 0.1428571492
53220  -24.019  -16.001  -23.969 0.1428571492
95634  -25.291  -14.000  -24.758 0.1428571492
99054  -23.779  -13.957  -24.305 0.1428571492
106275  -24.231  -13.400  -24.582 0.1428571492
95838  -23.732  -11.789  -24.889 0.1428571492
52431  -22.516  -15.927  -23.226 0.1428571492
62532  -15.474  -1.772  -18.751 0.1428571492
63840  -16.307  -0.794  -19.813 0.1428571492
63873  -18.569  -0.633  -22.180 0.1428571492
63896  -21.778  -0.158  -25.480 0.2857142985
64431  -15.463  0.781  -19.376 0.1428571492
64460  -16.266  -0.168  -19.694 0.1428571492
64463  -17.657  0.721  -21.283 0.1428571492
65081  -16.139  1.460  -20.002 0.2857142985
65101  -18.392  1.889  -21.859 0.2857142985
65137  -19.799  1.274  -23.493 0.2857142985
65154  -21.610  1.485  -25.275 0.2857142985
65771  -19.555  1.852  -23.234 0.2857142985
65782  -21.022  2.591  -24.600 0.4285714328
66405  -16.513  3.593  -20.497 0.2857142985
67088  -16.020  4.900  -19.617 0.2857142985
67100  -15.691  4.186  -20.037 0.1428571492
67116  -17.632  4.982  -21.195 0.2857142985
67138  -18.677  5.076  -22.317 0.2857142985
67139  -19.183  4.714  -22.695 0.2857142985
67148  -19.739  4.250  -23.312 0.4285714328
67803  -14.969  5.629  -18.653 0.1428571492
67832  -17.424  5.676  -20.861 0.2857142985
69246  -21.081  7.900  -21.582 0.4285714328
69267  -22.500  7.237  -21.944 0.2857142985
92118  -16.103  2.121  -20.468 0.1428571492
93347  -28.473  -1.227  -23.409 0.7142857313
99805  -15.590  3.068  -20.188 0.2857142985
100061  -16.860  2.984  -20.502 0.1428571492
106955  -28.548  6.691  -21.281 0.1428571492
