#!ascii label  , from subject OASIS_0001 vox2ras=TkReg
288
96053  -29.509  -13.911  -23.423 0.0000000000
57468  -26.779  -9.435  -24.863 0.0000000000
65789  -22.110  2.168  -25.272 0.0000000000
63263  -26.031  -1.530  -24.669 0.0000000000
98146  -28.611  -4.783  -23.966 0.0000000000
57443  -30.813  -9.526  -23.127 0.0000000000
65759  -19.434  2.549  -22.939 0.0000000000
61939  -27.418  -3.462  -24.636 0.0000000000
60391  -26.419  -5.658  -25.552 0.0000000000
104966  -28.215  -11.792  -23.795 0.0000000000
57454  -29.189  -9.480  -23.763 0.0000000000
56088  -30.448  -11.499  -23.283 0.0000000000
51621  -26.745  -18.230  -23.402 0.0000000000
53976  -27.117  -14.293  -23.952 0.0000000000
103504  -19.380  7.815  -21.064 0.0000000000
90875  -20.253  6.258  -22.543 0.0000000000
67874  -21.666  5.177  -23.398 0.0000000000
66455  -23.416  3.505  -23.635 0.0000000000
95894  -24.914  2.071  -23.712 0.0000000000
64517  -23.907  -0.024  -25.110 0.0000000000
64497  -27.228  0.210  -23.177 0.0000000000
63252  -28.680  -1.808  -23.578 0.0000000000
61929  -30.061  -3.607  -23.200 0.0000000000
60375  -30.933  -5.418  -22.807 0.0000000000
99675  -27.720  -7.875  -24.640 0.0000000000
58874  -29.817  -7.194  -23.609 0.0000000000
61203  -25.300  -4.265  -25.933 0.0000000000
60403  -25.297  -5.786  -26.271 0.0000000000
55380  -28.461  -12.499  -23.678 0.0000000000
56086  -28.959  -11.823  -23.595 0.0000000000
55382  -30.197  -12.459  -23.331 0.0000000000
48658  -27.000  -21.850  -20.750 0.0000000000
49416  -27.178  -20.578  -21.465 0.0000000000
50140  -27.237  -19.816  -22.005 0.0000000000
93780  -26.418  -12.914  -24.373 0.0000000000
54705  -26.205  -13.900  -24.336 0.0000000000
67862  -21.018  5.873  -22.881 0.0000000000
65781  -20.445  2.150  -24.129 0.0000000000
66463  -21.431  3.187  -24.451 0.0000000000
65784  -22.620  2.642  -24.608 0.0000000000
65775  -24.755  2.864  -23.430 0.0000000000
65150  -23.577  1.664  -24.592 0.0000000000
63888  -24.662  -0.497  -24.833 0.0000000000
64507  -25.147  0.167  -24.274 0.0000000000
63876  -26.402  -0.751  -24.044 0.0000000000
63877  -27.305  -0.658  -23.674 0.0000000000
63890  -26.984  -1.468  -24.254 0.0000000000
100907  -27.748  -3.975  -24.425 0.0000000000
61941  -28.715  -3.639  -23.888 0.0000000000
61183  -29.042  -4.208  -23.770 0.0000000000
98467  -30.453  -4.015  -23.086 0.0000000000
97930  -29.970  -4.896  -23.491 0.0000000000
58183  -25.958  -8.502  -25.724 0.0000000000
99673  -26.527  -7.951  -25.474 0.0000000000
58166  -27.295  -8.709  -24.711 0.0000000000
57442  -29.980  -9.514  -23.360 0.0000000000
58154  -29.649  -8.747  -23.595 0.0000000000
99897  -30.777  -8.160  -23.234 0.0000000000
58875  -30.683  -7.307  -23.235 0.0000000000
58144  -31.829  -8.626  -22.598 0.0000000000
104490  -28.116  -17.808  -22.996 0.0000000000
51640  -26.796  -17.324  -23.520 0.0000000000
52418  -28.201  -17.135  -23.088 0.0000000000
52436  -28.329  -16.210  -23.105 0.0000000000
62627  -25.649  -2.722  -25.595 0.0000000000
62617  -26.735  -2.252  -24.713 0.0000000000
61949  -26.096  -3.472  -25.445 0.0000000000
61193  -26.465  -4.322  -25.369 0.0000000000
60382  -27.553  -5.615  -24.739 0.0000000000
56756  -27.153  -10.378  -24.583 0.0000000000
57452  -27.645  -9.466  -24.492 0.0000000000
103322  -28.741  -10.246  -23.879 0.0000000000
56745  -29.563  -10.141  -23.529 0.0000000000
56746  -30.364  -10.404  -23.291 0.0000000000
50153  -27.836  -19.081  -22.556 0.0000000000
104732  -26.262  -10.765  -24.964 0.0000000000
55392  -26.774  -12.016  -24.440 0.0000000000
55393  -27.834  -13.056  -23.827 0.0000000000
54690  -27.894  -13.895  -23.793 0.0000000000
69922  -21.520  8.521  -21.107 0.0000000000
68563  -18.236  6.878  -20.773 0.0000000000
68582  -19.728  6.997  -22.364 0.0000000000
67864  -23.086  5.924  -22.554 0.0000000000
67865  -23.959  5.947  -22.979 0.0000000000
103555  -23.999  4.681  -23.231 0.0000000000
67158  -21.079  3.622  -23.920 0.0000000000
67151  -22.625  3.666  -23.813 0.0000000000
67141  -24.885  4.496  -22.805 0.0000000000
91341  -25.165  3.216  -23.127 0.0000000000
66458  -25.779  2.988  -22.710 0.0000000000
65778  -26.912  1.963  -22.516 0.0000000000
65156  -23.125  1.229  -25.296 0.0000000000
101744  -24.358  1.373  -24.218 0.0000000000
65140  -26.397  0.759  -23.388 0.0000000000
65141  -27.195  1.079  -22.684 0.0000000000
64498  -27.941  0.466  -22.637 0.0000000000
63234  -29.846  -1.464  -22.684 0.0000000000
63264  -28.199  -2.290  -24.056 0.0000000000
62606  -28.882  -2.577  -23.665 0.0000000000
59622  -26.040  -6.503  -25.778 0.0000000000
59610  -27.320  -6.408  -24.932 0.0000000000
59611  -27.951  -6.332  -24.475 0.0000000000
58167  -28.091  -8.719  -24.381 0.0000000000
106959  -28.751  -7.547  -23.998 0.0000000000
59601  -29.379  -6.317  -23.660 0.0000000000
59602  -30.139  -6.373  -23.399 0.0000000000
59587  -31.410  -6.079  -22.616 0.0000000000
53958  -27.164  -14.944  -23.792 0.0000000000
53959  -27.855  -14.702  -23.660 0.0000000000
96209  -29.302  -14.606  -23.299 0.0000000000
106173  -29.423  -13.328  -23.480 0.0000000000
55381  -29.375  -12.672  -23.509 0.0000000000
104116  -29.926  -13.246  -23.360 0.0000000000
54692  -30.276  -13.854  -23.088 0.0000000000
48659  -27.943  -21.904  -20.729 0.0000000000
48674  -27.560  -21.147  -21.061 0.0000000000
65148  -21.481  2.173  -25.060 0.0000000000
65783  -21.781  2.716  -24.820 0.0000000000
104243  -23.332  2.288  -24.417 0.0000000000
65149  -22.872  1.917  -24.903 0.0000000000
91958  -24.677  -1.334  -25.502 0.0000000000
63899  -25.247  -1.200  -24.931 0.0000000000
63889  -25.548  -0.645  -24.409 0.0000000000
61182  -28.332  -4.116  -24.110 0.0000000000
98588  -29.359  -4.802  -23.676 0.0000000000
57467  -26.041  -9.300  -25.468 0.0000000000
58184  -26.605  -8.667  -25.203 0.0000000000
58155  -30.427  -8.779  -23.289 0.0000000000
58156  -31.149  -8.741  -23.006 0.0000000000
105401  -32.142  -9.121  -22.392 0.0000000000
57433  -31.630  -9.463  -22.682 0.0000000000
62637  -24.971  -2.981  -26.076 0.0000000000
61948  -25.500  -3.509  -25.775 0.0000000000
60404  -25.848  -4.991  -25.854 0.0000000000
105300  -26.457  -4.989  -25.506 0.0000000000
95820  -27.029  -5.029  -25.171 0.0000000000
56100  -27.588  -11.333  -24.224 0.0000000000
98182  -28.008  -10.623  -24.189 0.0000000000
56101  -28.484  -11.125  -23.816 0.0000000000
93156  -29.724  -11.894  -23.479 0.0000000000
56087  -29.479  -11.015  -23.535 0.0000000000
92230  -31.018  -10.906  -23.158 0.0000000000
48657  -26.398  -21.888  -20.872 0.0000000000
47872  -26.323  -22.549  -20.796 0.0000000000
106863  -27.204  -19.342  -22.665 0.0000000000
50154  -28.769  -18.911  -22.195 0.0000000000
56099  -26.744  -11.187  -24.621 0.0000000000
54706  -27.104  -13.482  -24.064 0.0000000000
104804  -27.160  -12.736  -24.125 0.0000000000
69920  -19.882  8.323  -21.095 0.0000000000
69921  -20.591  8.488  -21.067 0.0000000000
69247  -21.958  7.970  -21.654 0.0000000000
103290  -20.324  8.004  -21.498 0.0000000000
68581  -18.961  6.394  -22.214 0.0000000000
69266  -21.506  7.210  -22.161 0.0000000000
68583  -20.668  6.852  -22.564 0.0000000000
100494  -22.313  6.468  -22.218 0.0000000000
68584  -21.522  6.430  -22.483 0.0000000000
67863  -22.091  5.809  -22.695 0.0000000000
67875  -22.719  5.176  -23.172 0.0000000000
67876  -23.639  5.241  -23.077 0.0000000000
66453  -20.317  3.344  -23.692 0.0000000000
66454  -22.800  3.144  -24.048 0.0000000000
67159  -21.876  3.680  -23.965 0.0000000000
95633  -24.071  4.012  -23.347 0.0000000000
66457  -24.745  3.751  -23.212 0.0000000000
66456  -24.129  3.183  -23.493 0.0000000000
65776  -25.378  2.519  -23.266 0.0000000000
65777  -26.083  2.199  -22.823 0.0000000000
63898  -23.563  -0.509  -25.597 0.0000000000
64516  -23.261  0.344  -25.477 0.0000000000
64515  -22.705  0.833  -25.490 0.0000000000
64505  -23.720  0.821  -24.895 0.0000000000
64496  -25.942  0.036  -23.893 0.0000000000
64495  -25.505  0.803  -23.778 0.0000000000
92149  -28.020  -0.846  -23.459 0.0000000000
63878  -28.600  -0.711  -23.042 0.0000000000
63879  -29.086  -1.314  -23.107 0.0000000000
62629  -27.055  -2.893  -24.781 0.0000000000
103148  -27.268  -2.518  -24.586 0.0000000000
62618  -27.745  -2.796  -24.456 0.0000000000
62620  -29.009  -3.228  -23.702 0.0000000000
62607  -29.622  -2.980  -23.311 0.0000000000
63254  -30.242  -2.426  -22.794 0.0000000000
62608  -30.350  -3.120  -22.947 0.0000000000
61171  -30.519  -4.671  -23.083 0.0000000000
60356  -31.699  -5.436  -22.500 0.0000000000
59621  -25.457  -6.524  -26.209 0.0000000000
58897  -27.067  -7.308  -25.136 0.0000000000
58883  -27.659  -7.025  -24.668 0.0000000000
57453  -28.466  -9.452  -24.183 0.0000000000
58168  -28.847  -8.739  -24.002 0.0000000000
99676  -30.155  -8.024  -23.545 0.0000000000
58885  -29.232  -7.908  -23.804 0.0000000000
99347  -29.003  -7.072  -23.846 0.0000000000
99348  -31.577  -6.986  -22.694 0.0000000000
53223  -28.659  -15.206  -23.291 0.0000000000
53960  -28.692  -14.305  -23.553 0.0000000000
53224  -29.577  -15.157  -22.923 0.0000000000
103134  -25.808  -5.885  -25.942 0.0000000000
55383  -30.989  -12.306  -23.009 0.0000000000
95500  -30.664  -13.132  -23.086 0.0000000000
49417  -27.969  -20.438  -21.499 0.0000000000
55391  -25.895  -12.309  -24.843 0.0000000000
54704  -25.534  -13.045  -24.754 0.0000000000
69242  -18.913  7.518  -20.579 0.0000000000
94432  -19.584  6.101  -22.478 0.0000000000
67861  -20.006  5.531  -22.895 0.0000000000
67873  -20.740  5.042  -23.418 0.0000000000
66462  -20.814  3.139  -24.295 0.0000000000
65773  -20.507  2.769  -24.083 0.0000000000
66464  -22.154  3.221  -24.440 0.0000000000
65774  -23.408  2.812  -23.971 0.0000000000
65138  -24.093  2.324  -23.957 0.0000000000
64506  -24.358  0.413  -24.525 0.0000000000
99098  -26.654  -0.090  -23.610 0.0000000000
63251  -27.855  -1.496  -23.831 0.0000000000
61940  -28.097  -3.460  -24.296 0.0000000000
61928  -29.380  -3.690  -23.575 0.0000000000
61170  -29.816  -4.261  -23.457 0.0000000000
99724  -25.931  -7.822  -25.852 0.0000000000
101796  -27.076  -8.100  -25.069 0.0000000000
58876  -31.366  -7.948  -22.915 0.0000000000
58865  -32.143  -7.847  -22.411 0.0000000000
50888  -27.636  -18.400  -23.103 0.0000000000
51622  -27.525  -17.633  -23.324 0.0000000000
52417  -27.473  -16.668  -23.412 0.0000000000
53222  -27.605  -15.598  -23.495 0.0000000000
62626  -24.939  -2.176  -25.881 0.0000000000
63274  -25.457  -1.867  -25.366 0.0000000000
63275  -26.032  -2.270  -25.118 0.0000000000
62628  -26.368  -2.856  -25.113 0.0000000000
61950  -26.740  -3.522  -25.023 0.0000000000
61192  -25.851  -4.080  -25.654 0.0000000000
61194  -27.173  -4.168  -24.818 0.0000000000
61181  -27.803  -4.724  -24.477 0.0000000000
60383  -28.265  -5.516  -24.252 0.0000000000
56757  -28.035  -10.045  -24.319 0.0000000000
56747  -31.220  -10.232  -22.963 0.0000000000
47138  -25.838  -23.495  -20.854 0.0000000000
89552  -27.071  -19.005  -23.127 0.0000000000
50889  -28.400  -18.316  -22.617 0.0000000000
56769  -26.191  -10.115  -25.201 0.0000000000
95625  -27.670  -12.237  -23.963 0.0000000000
54691  -28.760  -13.401  -23.605 0.0000000000
69911  -20.238  8.518  -20.512 0.0000000000
69233  -17.687  7.139  -20.075 0.0000000000
68567  -18.992  7.145  -21.526 0.0000000000
69245  -19.767  7.639  -21.620 0.0000000000
69265  -20.496  7.440  -22.101 0.0000000000
67866  -24.431  5.678  -22.739 0.0000000000
67877  -24.207  5.201  -23.021 0.0000000000
67140  -24.533  4.992  -22.786 0.0000000000
67149  -20.570  4.165  -23.564 0.0000000000
67150  -21.415  4.289  -23.592 0.0000000000
90618  -22.299  4.398  -23.568 0.0000000000
67152  -23.295  4.349  -23.350 0.0000000000
67153  -24.437  4.515  -23.071 0.0000000000
66446  -25.506  3.863  -22.725 0.0000000000
66447  -26.413  3.563  -22.385 0.0000000000
64514  -22.027  0.750  -25.477 0.0000000000
65155  -22.392  1.440  -25.377 0.0000000000
65139  -25.053  1.369  -23.806 0.0000000000
104344  -24.847  0.816  -24.076 0.0000000000
92979  -25.690  1.629  -23.418 0.0000000000
102771  -26.457  1.532  -22.985 0.0000000000
89575  -27.954  -0.248  -23.126 0.0000000000
64485  -28.689  -0.052  -22.512 0.0000000000
63862  -29.361  -0.661  -22.544 0.0000000000
91250  -27.485  -2.130  -24.367 0.0000000000
62619  -28.458  -2.980  -24.073 0.0000000000
63253  -29.433  -2.097  -23.274 0.0000000000
58896  -26.312  -7.225  -25.606 0.0000000000
59623  -26.701  -6.489  -25.373 0.0000000000
60392  -27.017  -5.816  -25.180 0.0000000000
99674  -28.479  -8.018  -24.189 0.0000000000
58884  -28.303  -7.183  -24.272 0.0000000000
59612  -28.632  -6.301  -24.013 0.0000000000
60384  -28.976  -5.502  -23.794 0.0000000000
60373  -29.702  -5.514  -23.543 0.0000000000
60374  -30.318  -5.481  -23.242 0.0000000000
59603  -30.785  -6.257  -22.943 0.0000000000
53975  -26.495  -14.782  -24.127 0.0000000000
65782  -21.022  2.591  -24.600 0.0000000000
67148  -19.739  4.250  -23.312 0.0000000000
69246  -21.081  7.900  -21.582 0.0000000000
93347  -28.473  -1.227  -23.409 0.0000000000
95737  -25.553  4.684  -22.499 0.0000000000
