#!ascii label  , from subject OASIS_0001 vox2ras=TkReg
567
31479  25.920  -40.202  48.607 0.0000000000
43262  43.476  -23.862  37.026 0.0000000000
45570  49.895  -21.667  33.120 0.0000000000
36393  44.806  -33.595  38.905 0.0000000000
95416  32.419  -38.062  46.392 0.0000000000
29983  30.299  -40.373  47.741 0.0000000000
44767  47.183  -21.720  36.972 0.0000000000
42565  45.855  -25.370  35.399 0.0000000000
35534  42.163  -34.907  42.294 0.0000000000
32294  37.431  -38.155  45.846 0.0000000000
50191  53.063  -14.397  30.128 0.0000000000
48560  49.955  -17.168  34.465 0.0000000000
38571  42.067  -30.573  40.380 0.0000000000
40971  45.569  -27.528  39.922 0.0000000000
32261  29.725  -38.749  47.662 0.0000000000
30754  28.248  -39.926  48.516 0.0000000000
44752  45.028  -22.067  37.663 0.0000000000
89518  46.819  -23.702  36.083 0.0000000000
43963  46.621  -23.467  38.720 0.0000000000
31580  41.164  -38.833  40.425 0.0000000000
30787  33.949  -39.909  47.088 0.0000000000
33069  35.230  -37.988  46.599 0.0000000000
101946  35.427  -40.840  45.837 0.0000000000
51737  51.987  -13.219  31.905 0.0000000000
49360  51.989  -15.781  30.468 0.0000000000
50168  51.583  -14.851  32.952 0.0000000000
46276  48.043  -19.507  35.838 0.0000000000
47828  48.561  -17.803  35.137 0.0000000000
107302  50.329  -19.759  33.700 0.0000000000
47088  51.900  -19.484  31.789 0.0000000000
44804  52.288  -21.688  31.590 0.0000000000
95385  44.549  -34.655  40.300 0.0000000000
37092  42.527  -32.598  41.623 0.0000000000
37823  44.211  -31.660  41.182 0.0000000000
40199  43.486  -28.695  40.571 0.0000000000
38579  45.728  -30.492  39.598 0.0000000000
39411  45.544  -29.114  37.211 0.0000000000
37879  43.897  -31.696  37.342 0.0000000000
32243  31.757  -38.883  47.585 0.0000000000
46278  46.892  -19.942  36.470 0.0000000000
45560  47.749  -21.186  33.886 0.0000000000
44017  46.286  -23.035  33.106 0.0000000000
43306  45.868  -24.857  32.806 0.0000000000
33122  39.827  -36.782  43.569 0.0000000000
104344  41.523  -36.942  42.261 0.0000000000
33191  42.564  -37.281  40.108 0.0000000000
34801  42.778  -35.466  38.070 0.0000000000
35590  41.951  -34.414  35.955 0.0000000000
33921  38.047  -36.878  44.843 0.0000000000
32322  38.624  -38.726  43.810 0.0000000000
90750  52.672  -15.261  27.806 0.0000000000
50169  50.263  -15.145  33.575 0.0000000000
48577  51.871  -17.081  32.624 0.0000000000
47104  51.221  -19.094  31.264 0.0000000000
42538  44.986  -25.059  39.675 0.0000000000
41769  47.068  -26.477  38.046 0.0000000000
41013  44.436  -28.098  35.255 0.0000000000
29967  25.992  -40.694  48.375 0.0000000000
30755  27.129  -40.026  48.668 0.0000000000
97088  27.182  -40.562  48.034 0.0000000000
105148  44.436  -22.651  37.525 0.0000000000
43979  46.350  -22.777  38.566 0.0000000000
43964  45.827  -23.445  38.896 0.0000000000
30796  34.488  -40.397  46.374 0.0000000000
50988  50.602  -13.610  32.575 0.0000000000
93332  51.847  -13.634  32.190 0.0000000000
50982  50.799  -14.010  32.959 0.0000000000
46297  49.117  -20.275  34.380 0.0000000000
46286  49.158  -19.546  34.929 0.0000000000
45558  49.901  -20.805  33.538 0.0000000000
46306  51.426  -20.676  32.566 0.0000000000
35559  44.632  -34.574  39.634 0.0000000000
36364  44.683  -33.339  40.639 0.0000000000
37121  45.368  -32.431  39.862 0.0000000000
37837  45.423  -31.066  40.273 0.0000000000
37131  45.487  -32.108  39.423 0.0000000000
38593  45.160  -31.091  38.183 0.0000000000
37143  44.097  -32.448  37.699 0.0000000000
32260  30.496  -38.698  47.565 0.0000000000
100681  30.953  -40.180  47.869 0.0000000000
31516  32.286  -40.079  47.612 0.0000000000
45536  45.805  -20.965  36.988 0.0000000000
46279  45.878  -20.192  36.276 0.0000000000
46269  46.613  -20.658  36.858 0.0000000000
45543  47.426  -20.543  36.317 0.0000000000
44777  47.367  -21.272  36.215 0.0000000000
44785  47.042  -21.722  34.190 0.0000000000
44786  46.802  -22.266  34.800 0.0000000000
43276  46.547  -24.622  36.037 0.0000000000
43287  45.727  -24.231  34.324 0.0000000000
42571  45.364  -24.992  34.317 0.0000000000
42587  45.296  -26.088  33.044 0.0000000000
41796  44.742  -26.535  34.351 0.0000000000
32337  39.701  -38.528  42.658 0.0000000000
33121  40.480  -36.927  43.170 0.0000000000
32354  40.877  -38.621  41.318 0.0000000000
32366  42.083  -37.775  40.149 0.0000000000
34008  42.971  -36.685  39.149 0.0000000000
32276  36.080  -38.098  46.925 0.0000000000
33084  36.926  -37.101  46.021 0.0000000000
33910  37.521  -36.980  45.551 0.0000000000
33100  38.569  -37.513  44.717 0.0000000000
32310  37.803  -38.618  45.099 0.0000000000
51753  53.020  -12.806  30.611 0.0000000000
50201  52.926  -14.667  29.223 0.0000000000
49352  51.270  -16.493  30.363 0.0000000000
48561  49.156  -17.271  34.730 0.0000000000
47842  48.806  -17.661  33.328 0.0000000000
48566  49.638  -16.605  34.237 0.0000000000
107186  49.238  -16.169  32.884 0.0000000000
49318  50.533  -16.594  34.225 0.0000000000
49325  50.736  -15.987  33.914 0.0000000000
48565  51.438  -17.375  33.428 0.0000000000
46330  52.131  -20.848  31.195 0.0000000000
47103  51.770  -19.363  31.682 0.0000000000
34747  41.577  -35.539  42.610 0.0000000000
36334  41.517  -34.117  42.298 0.0000000000
37840  42.142  -31.166  40.844 0.0000000000
37109  41.504  -31.923  40.593 0.0000000000
40197  45.174  -28.143  40.322 0.0000000000
40966  43.396  -27.942  40.317 0.0000000000
40972  44.413  -27.221  40.320 0.0000000000
42539  43.694  -26.154  39.330 0.0000000000
41756  45.592  -26.581  39.895 0.0000000000
42529  46.611  -25.803  39.328 0.0000000000
40978  46.664  -27.226  39.134 0.0000000000
39413  44.037  -29.550  36.035 0.0000000000
40234  45.475  -28.522  36.594 0.0000000000
39420  43.581  -29.501  35.170 0.0000000000
40252  43.665  -28.404  33.940 0.0000000000
31477  28.872  -39.911  48.390 0.0000000000
30775  29.646  -40.346  47.863 0.0000000000
95487  29.690  -40.832  47.475 0.0000000000
29986  28.151  -40.679  47.797 0.0000000000
45517  46.907  -21.689  37.550 0.0000000000
90065  47.290  -22.678  36.642 0.0000000000
44768  47.184  -22.415  37.585 0.0000000000
43261  47.359  -24.324  36.881 0.0000000000
94124  47.341  -24.840  37.477 0.0000000000
33056  33.604  -38.566  47.014 0.0000000000
33070  34.267  -38.109  46.517 0.0000000000
31513  34.767  -38.647  46.967 0.0000000000
31530  35.525  -38.903  46.796 0.0000000000
31540  36.712  -39.712  45.641 0.0000000000
31549  37.512  -39.777  44.830 0.0000000000
30028  36.613  -42.267  45.132 0.0000000000
50996  52.812  -13.596  30.967 0.0000000000
50183  52.629  -14.771  30.725 0.0000000000
101154  52.458  -14.176  31.484 0.0000000000
90524  52.415  -15.121  31.453 0.0000000000
101535  52.033  -16.626  31.931 0.0000000000
47822  47.432  -18.710  35.642 0.0000000000
47821  48.101  -18.529  35.586 0.0000000000
47056  49.101  -18.759  35.385 0.0000000000
47826  50.223  -17.852  34.400 0.0000000000
47834  51.098  -18.039  33.718 0.0000000000
47065  50.958  -19.752  32.959 0.0000000000
46305  51.960  -20.943  31.783 0.0000000000
35543  43.490  -34.637  41.526 0.0000000000
35533  42.657  -34.236  41.880 0.0000000000
36348  43.380  -33.727  41.647 0.0000000000
99389  43.639  -31.861  41.419 0.0000000000
38563  43.252  -30.866  41.210 0.0000000000
39378  42.979  -29.588  40.852 0.0000000000
39370  44.349  -30.243  40.917 0.0000000000
38567  45.302  -30.029  40.320 0.0000000000
89230  45.815  -29.438  39.647 0.0000000000
40213  46.415  -28.662  38.540 0.0000000000
38604  45.573  -30.332  38.115 0.0000000000
38605  44.859  -30.538  37.474 0.0000000000
101556  43.243  -30.898  35.705 0.0000000000
33073  29.677  -38.135  46.751 0.0000000000
106699  31.250  -37.989  47.054 0.0000000000
100655  32.593  -38.364  47.202 0.0000000000
31515  32.796  -39.168  47.585 0.0000000000
29999  33.167  -40.708  47.039 0.0000000000
47049  47.207  -19.298  36.112 0.0000000000
46288  47.936  -20.093  35.799 0.0000000000
45559  48.783  -21.023  33.487 0.0000000000
44795  48.235  -21.702  33.029 0.0000000000
44808  47.781  -22.560  32.750 0.0000000000
102679  47.226  -24.252  32.396 0.0000000000
44007  46.303  -22.958  34.291 0.0000000000
44032  45.937  -23.922  32.826 0.0000000000
91587  39.214  -36.347  43.586 0.0000000000
33931  39.787  -36.302  43.414 0.0000000000
33929  40.928  -36.010  42.904 0.0000000000
33958  42.172  -36.751  41.806 0.0000000000
32353  41.467  -38.202  40.903 0.0000000000
33161  42.566  -37.264  41.063 0.0000000000
104319  43.104  -35.995  41.511 0.0000000000
33990  43.601  -36.389  40.063 0.0000000000
34782  44.055  -35.728  39.094 0.0000000000
35568  43.879  -34.547  38.418 0.0000000000
36405  43.428  -33.973  37.639 0.0000000000
34813  42.116  -34.967  36.967 0.0000000000
33920  38.655  -36.963  44.623 0.0000000000
32321  39.330  -38.132  43.704 0.0000000000
31559  39.043  -39.317  42.879 0.0000000000
94194  38.104  -40.567  44.135 0.0000000000
30827  38.693  -40.844  42.537 0.0000000000
50211  53.454  -15.012  27.677 0.0000000000
107215  50.011  -14.472  33.172 0.0000000000
50160  50.816  -15.151  33.867 0.0000000000
49336  51.693  -15.914  32.850 0.0000000000
48597  51.715  -17.441  31.428 0.0000000000
47841  52.045  -18.037  32.504 0.0000000000
47868  51.725  -18.398  31.644 0.0000000000
47869  51.054  -18.050  31.068 0.0000000000
37094  41.134  -33.077  41.553 0.0000000000
89566  43.349  -25.282  37.889 0.0000000000
43254  43.902  -24.349  37.792 0.0000000000
43245  46.179  -24.218  39.057 0.0000000000
42544  47.214  -25.628  37.695 0.0000000000
41776  46.861  -26.391  36.920 0.0000000000
40219  46.176  -28.515  37.578 0.0000000000
92603  46.115  -27.117  36.432 0.0000000000
41012  45.360  -26.979  35.676 0.0000000000
41031  44.260  -27.206  33.948 0.0000000000
36418  42.911  -33.349  36.892 0.0000000000
37178  42.522  -32.522  35.156 0.0000000000
30756  26.002  -40.427  48.529 0.0000000000
31478  26.479  -40.074  48.761 0.0000000000
30778  26.590  -40.275  48.513 0.0000000000
43989  43.734  -22.945  37.012 0.0000000000
103407  45.212  -22.833  38.271 0.0000000000
89580  44.236  -23.435  37.680 0.0000000000
50983  50.170  -13.933  33.005 0.0000000000
45569  50.805  -21.401  32.835 0.0000000000
96889  44.870  -33.746  39.455 0.0000000000
36380  45.094  -33.132  39.920 0.0000000000
93940  45.180  -32.915  39.296 0.0000000000
105742  45.200  -32.317  38.881 0.0000000000
102563  44.651  -32.909  38.418 0.0000000000
30774  30.256  -40.312  47.751 0.0000000000
31495  30.656  -39.879  48.094 0.0000000000
30773  30.630  -40.260  47.784 0.0000000000
29982  30.722  -40.466  47.666 0.0000000000
106475  46.561  -21.207  37.278 0.0000000000
103921  47.025  -21.140  37.102 0.0000000000
103558  47.260  -21.039  36.760 0.0000000000
45553  47.185  -21.593  35.217 0.0000000000
44778  47.257  -22.103  35.947 0.0000000000
43277  46.010  -24.425  35.190 0.0000000000
42578  45.042  -25.867  33.842 0.0000000000
41795  45.220  -25.793  34.610 0.0000000000
31568  40.184  -38.883  41.879 0.0000000000
32336  40.433  -37.870  42.362 0.0000000000
32275  36.853  -38.016  46.448 0.0000000000
33067  36.580  -37.639  46.366 0.0000000000
33083  37.370  -37.374  45.965 0.0000000000
32293  37.960  -37.751  45.296 0.0000000000
51005  53.368  -13.434  30.233 0.0000000000
100512  53.367  -14.161  29.617 0.0000000000
48559  50.791  -17.195  34.265 0.0000000000
45594  52.191  -21.311  30.951 0.0000000000
46331  51.782  -20.459  31.050 0.0000000000
35535  41.483  -34.738  42.495 0.0000000000
37852  41.705  -31.214  39.902 0.0000000000
40964  44.645  -27.847  40.390 0.0000000000
40963  45.038  -27.283  40.189 0.0000000000
41757  44.901  -26.516  40.121 0.0000000000
40970  46.098  -27.118  39.579 0.0000000000
40206  46.188  -27.820  39.459 0.0000000000
38640  43.285  -30.359  34.851 0.0000000000
39427  43.458  -29.763  34.253 0.0000000000
31498  27.591  -39.809  48.593 0.0000000000
31497  28.478  -39.796  48.390 0.0000000000
30753  29.160  -40.113  48.209 0.0000000000
30776  28.774  -40.256  48.207 0.0000000000
29985  29.228  -40.562  47.804 0.0000000000
44769  44.173  -22.085  36.920 0.0000000000
44779  44.388  -21.523  36.337 0.0000000000
45537  44.933  -21.385  37.137 0.0000000000
45518  45.994  -21.655  37.593 0.0000000000
44750  46.716  -22.282  38.018 0.0000000000
43978  47.140  -22.926  38.236 0.0000000000
43252  47.277  -23.944  38.069 0.0000000000
32257  33.899  -38.705  47.135 0.0000000000
31514  34.418  -38.908  47.198 0.0000000000
30795  35.184  -39.968  46.060 0.0000000000
31541  36.017  -39.602  46.320 0.0000000000
30805  35.954  -40.510  45.865 0.0000000000
30804  36.497  -40.987  45.196 0.0000000000
97453  51.851  -13.096  31.842 0.0000000000
51744  52.196  -12.935  31.497 0.0000000000
51743  52.517  -12.992  31.350 0.0000000000
50987  52.268  -13.474  31.730 0.0000000000
50981  51.443  -14.118  32.731 0.0000000000
50174  52.066  -14.296  32.177 0.0000000000
49344  52.034  -15.424  32.167 0.0000000000
47048  47.771  -19.185  35.917 0.0000000000
47047  48.377  -18.979  35.694 0.0000000000
89240  49.739  -19.239  34.376 0.0000000000
47055  49.714  -18.476  34.598 0.0000000000
91834  50.521  -18.874  33.831 0.0000000000
45568  51.775  -21.556  32.292 0.0000000000
46314  52.235  -21.173  31.120 0.0000000000
45580  52.522  -21.734  31.060 0.0000000000
35550  44.083  -35.042  40.796 0.0000000000
35542  44.217  -34.109  41.060 0.0000000000
100053  44.432  -32.446  41.073 0.0000000000
37090  43.794  -32.381  41.458 0.0000000000
37824  43.768  -31.246  41.217 0.0000000000
38562  43.869  -30.521  41.052 0.0000000000
38561  44.300  -30.883  40.979 0.0000000000
37865  45.672  -31.373  39.494 0.0000000000
39375  45.299  -29.062  40.449 0.0000000000
94112  45.946  -30.032  38.830 0.0000000000
38592  45.714  -30.879  38.809 0.0000000000
103173  44.565  -31.212  37.610 0.0000000000
38606  43.914  -30.829  36.814 0.0000000000
37892  43.319  -31.559  36.400 0.0000000000
33060  29.346  -38.420  47.180 0.0000000000
33074  28.847  -38.043  46.410 0.0000000000
33059  30.129  -38.297  47.355 0.0000000000
94054  31.000  -39.069  47.620 0.0000000000
33058  30.970  -38.276  47.276 0.0000000000
32259  31.433  -38.595  47.427 0.0000000000
33057  31.773  -38.291  47.200 0.0000000000
32258  32.256  -38.539  47.387 0.0000000000
31492  32.506  -38.638  47.505 0.0000000000
47050  46.393  -19.417  35.868 0.0000000000
45552  47.558  -20.877  35.112 0.0000000000
45551  48.248  -20.519  34.638 0.0000000000
44797  46.956  -22.381  33.283 0.0000000000
44809  46.952  -22.962  32.706 0.0000000000
44030  47.537  -23.550  32.497 0.0000000000
44031  46.612  -23.673  32.594 0.0000000000
93998  46.767  -22.905  35.463 0.0000000000
44008  46.200  -23.665  34.873 0.0000000000
43295  45.597  -24.463  33.448 0.0000000000
44018  45.871  -23.653  33.676 0.0000000000
43305  46.457  -24.527  32.518 0.0000000000
33919  39.210  -36.712  43.960 0.0000000000
101038  40.944  -37.118  42.589 0.0000000000
101426  40.939  -36.546  42.845 0.0000000000
33943  41.600  -36.278  42.561 0.0000000000
31576  41.160  -38.942  40.815 0.0000000000
33178  42.004  -37.712  40.637 0.0000000000
33177  42.536  -37.345  40.489 0.0000000000
33957  42.856  -36.615  41.365 0.0000000000
33974  42.989  -37.006  40.812 0.0000000000
33973  43.413  -36.418  40.812 0.0000000000
33176  42.974  -36.866  40.377 0.0000000000
34783  43.445  -36.014  38.770 0.0000000000
34007  43.650  -36.274  39.382 0.0000000000
106402  44.092  -35.053  38.999 0.0000000000
34800  43.601  -35.277  38.572 0.0000000000
35576  43.074  -34.724  37.767 0.0000000000
33087  33.931  -37.798  45.824 0.0000000000
33086  34.857  -37.653  45.933 0.0000000000
105587  37.382  -36.694  44.813 0.0000000000
33933  37.685  -36.390  44.040 0.0000000000
33932  38.614  -36.612  44.223 0.0000000000
32308  38.962  -37.898  44.352 0.0000000000
50212  53.058  -14.785  28.420 0.0000000000
50225  52.677  -15.801  26.855 0.0000000000
47829  47.736  -18.156  35.061 0.0000000000
47066  47.552  -18.425  34.106 0.0000000000
47835  48.275  -17.812  34.450 0.0000000000
49337  49.654  -15.880  33.688 0.0000000000
50170  49.493  -15.285  32.754 0.0000000000
50975  50.590  -14.498  33.389 0.0000000000
49324  51.269  -16.372  33.476 0.0000000000
48590  52.090  -17.745  32.025 0.0000000000
47064  51.428  -18.884  32.916 0.0000000000
105858  51.856  -18.209  32.970 0.0000000000
94273  51.966  -18.738  32.286 0.0000000000
107107  51.686  -19.845  31.361 0.0000000000
36349  42.659  -33.372  41.723 0.0000000000
103950  41.855  -33.410  41.828 0.0000000000
37093  41.702  -32.532  41.420 0.0000000000
39377  43.909  -29.653  40.904 0.0000000000
41759  43.252  -26.931  39.614 0.0000000000
105470  44.296  -25.476  39.347 0.0000000000
104977  43.758  -25.570  38.734 0.0000000000
43247  44.408  -24.845  38.790 0.0000000000
43246  45.358  -24.373  39.146 0.0000000000
43231  45.789  -24.893  39.585 0.0000000000
41763  46.953  -26.505  38.951 0.0000000000
42536  47.034  -25.708  38.726 0.0000000000
39398  45.993  -29.450  38.078 0.0000000000
40235  44.653  -28.546  35.867 0.0000000000
40998  45.276  -27.815  35.925 0.0000000000
41020  44.545  -27.347  34.883 0.0000000000
41021  43.956  -27.770  34.181 0.0000000000
40262  43.883  -28.598  33.367 0.0000000000
35577  42.555  -34.150  36.929 0.0000000000
36419  42.279  -33.642  36.013 0.0000000000
30777  27.701  -40.162  48.450 0.0000000000
44751  45.886  -22.284  38.088 0.0000000000
30797  33.859  -40.814  46.619 0.0000000000
98497  35.029  -41.014  45.859 0.0000000000
51738  51.331  -13.256  32.109 0.0000000000
51733  51.320  -13.556  32.442 0.0000000000
46287  48.540  -19.795  35.310 0.0000000000
47057  48.613  -19.292  35.533 0.0000000000
46296  49.816  -20.067  34.026 0.0000000000
46295  50.550  -20.472  33.272 0.0000000000
106225  44.618  -34.013  40.494 0.0000000000
104343  44.774  -33.902  40.027 0.0000000000
37108  44.996  -32.521  40.433 0.0000000000
37838  44.791  -31.280  40.808 0.0000000000
37107  45.213  -31.841  40.369 0.0000000000
37120  45.525  -31.808  39.873 0.0000000000
37866  45.469  -31.645  38.845 0.0000000000
37878  44.740  -31.908  38.166 0.0000000000
32244  30.371  -39.227  47.805 0.0000000000
31494  31.182  -39.654  47.788 0.0000000000
31493  31.984  -39.336  47.724 0.0000000000
30772  31.435  -39.974  47.877 0.0000000000
46280  45.088  -21.030  36.230 0.0000000000
45535  47.179  -20.583  36.621 0.0000000000
100323  46.579  -22.418  33.865 0.0000000000
42577  45.444  -25.302  33.302 0.0000000000
42586  45.730  -25.599  32.789 0.0000000000
41803  44.689  -26.609  33.494 0.0000000000
32320  39.861  -37.499  43.368 0.0000000000
32335  41.147  -37.651  41.729 0.0000000000
32377  41.603  -38.308  40.082 0.0000000000
33200  42.404  -37.377  39.610 0.0000000000
33991  42.948  -36.764  39.811 0.0000000000
34009  42.209  -37.017  38.785 0.0000000000
33068  36.003  -37.743  46.735 0.0000000000
33085  35.746  -37.479  46.171 0.0000000000
33922  35.853  -36.866  44.677 0.0000000000
33911  36.792  -36.805  45.216 0.0000000000
33101  37.986  -37.096  45.238 0.0000000000
32309  38.438  -38.233  44.677 0.0000000000
31548  38.043  -39.234  44.211 0.0000000000
51015  53.391  -14.296  28.952 0.0000000000
48567  48.913  -17.171  34.551 0.0000000000
48578  49.256  -16.661  33.725 0.0000000000
49326  50.359  -15.867  34.029 0.0000000000
94407  50.862  -16.734  34.082 0.0000000000
46315  51.920  -20.406  31.364 0.0000000000
91722  51.891  -20.144  31.442 0.0000000000
34748  40.893  -35.366  42.774 0.0000000000
37826  42.279  -31.803  41.368 0.0000000000
40198  44.477  -28.704  40.609 0.0000000000
40965  44.036  -27.915  40.494 0.0000000000
40973  43.661  -27.344  40.196 0.0000000000
41758  44.091  -26.647  40.038 0.0000000000
42532  44.595  -25.872  39.850 0.0000000000
42531  45.426  -25.644  39.897 0.0000000000
42530  46.130  -25.389  39.601 0.0000000000
96055  46.063  -25.936  39.690 0.0000000000
41755  46.399  -26.517  39.454 0.0000000000
40984  46.863  -27.358  38.389 0.0000000000
39412  44.855  -29.253  36.472 0.0000000000
39419  44.130  -29.055  35.770 0.0000000000
40244  43.920  -28.674  35.179 0.0000000000
40251  43.982  -28.202  34.592 0.0000000000
40245  43.612  -28.924  34.449 0.0000000000
32262  28.800  -39.065  47.586 0.0000000000
32246  29.057  -39.418  47.896 0.0000000000
31476  29.530  -39.875  48.148 0.0000000000
30752  29.948  -40.110  47.980 0.0000000000
29984  29.928  -40.376  47.769 0.0000000000
30003  28.731  -41.053  47.355 0.0000000000
43988  47.427  -23.302  37.340 0.0000000000
42552  46.907  -25.367  36.572 0.0000000000
31577  40.508  -39.367  41.184 0.0000000000
95415  33.317  -38.154  46.514 0.0000000000
33055  34.591  -38.570  46.860 0.0000000000
31531  34.749  -39.349  46.930 0.0000000000
103537  34.922  -38.753  47.080 0.0000000000
32277  35.385  -38.297  46.806 0.0000000000
31529  36.383  -38.709  46.513 0.0000000000
32295  36.986  -38.636  46.109 0.0000000000
31539  37.285  -38.926  45.493 0.0000000000
30815  37.147  -40.582  45.021 0.0000000000
97160  37.452  -42.315  44.698 0.0000000000
103524  52.138  -15.982  31.361 0.0000000000
49351  51.826  -16.632  31.016 0.0000000000
47830  46.978  -18.565  34.881 0.0000000000
47046  48.674  -18.415  35.432 0.0000000000
47827  49.258  -17.833  34.998 0.0000000000
47075  51.785  -19.807  32.133 0.0000000000
34746  42.894  -35.197  41.839 0.0000000000
36333  42.045  -34.105  42.138 0.0000000000
89927  43.325  -33.001  41.621 0.0000000000
36347  44.010  -33.153  41.363 0.0000000000
37091  43.183  -32.478  41.590 0.0000000000
37825  43.087  -31.684  41.484 0.0000000000
37839  42.723  -31.192  41.219 0.0000000000
38570  42.657  -30.446  40.933 0.0000000000
39379  42.283  -29.859  40.326 0.0000000000
38569  43.341  -30.198  41.064 0.0000000000
38568  44.826  -30.503  40.778 0.0000000000
39376  44.740  -29.679  40.770 0.0000000000
40207  45.701  -28.421  39.904 0.0000000000
39385  46.242  -28.606  39.269 0.0000000000
39394  46.182  -29.256  38.893 0.0000000000
39399  45.241  -29.803  37.320 0.0000000000
38624  44.442  -29.999  36.668 0.0000000000
38625  43.576  -30.147  35.908 0.0000000000
95414  31.592  -38.074  46.025 0.0000000000
102711  31.029  -37.951  46.626 0.0000000000
33071  31.779  -38.017  46.960 0.0000000000
102125  33.158  -38.628  47.414 0.0000000000
99841  33.608  -39.086  47.415 0.0000000000
94189  33.182  -39.837  47.413 0.0000000000
46277  47.482  -19.860  36.245 0.0000000000
45571  49.113  -21.793  32.836 0.0000000000
89051  48.968  -22.598  32.710 0.0000000000
44796  47.477  -21.847  33.392 0.0000000000
34750  39.062  -35.859  43.051 0.0000000000
34740  40.370  -35.869  43.134 0.0000000000
33930  40.418  -36.389  43.248 0.0000000000
33942  42.398  -35.913  42.142 0.0000000000
32367  41.534  -38.289  40.446 0.0000000000
33162  41.886  -37.454  41.354 0.0000000000
34754  43.587  -35.575  41.185 0.0000000000
34760  44.065  -35.779  40.359 0.0000000000
34773  44.117  -35.815  39.635 0.0000000000
34759  44.472  -35.307  39.899 0.0000000000
34772  44.308  -35.198  39.395 0.0000000000
35567  44.537  -34.413  39.021 0.0000000000
36394  44.249  -33.800  38.352 0.0000000000
104919  41.416  -35.508  36.524 0.0000000000
34814  41.521  -35.147  35.774 0.0000000000
33088  33.005  -37.959  45.662 0.0000000000
33103  34.554  -37.645  45.114 0.0000000000
33944  38.479  -36.302  43.450 0.0000000000
99688  39.274  -37.301  44.154 0.0000000000
103660  39.641  -39.474  42.179 0.0000000000
31560  38.445  -39.917  43.440 0.0000000000
30822  38.495  -41.206  43.462 0.0000000000
106303  38.789  -40.421  42.817 0.0000000000
50224  53.582  -15.581  26.628 0.0000000000
50974  51.064  -14.604  33.441 0.0000000000
50159  51.123  -15.316  33.640 0.0000000000
47856  52.074  -18.644  32.025 0.0000000000
47870  50.339  -18.588  30.583 0.0000000000
36350  41.001  -33.712  42.012 0.0000000000
42540  43.095  -26.034  38.400 0.0000000000
89581  43.037  -24.634  37.158 0.0000000000
43253  44.846  -23.836  38.503 0.0000000000
42537  46.578  -24.998  39.165 0.0000000000
92413  47.089  -24.871  38.352 0.0000000000
41777  46.108  -26.279  35.978 0.0000000000
40212  46.666  -27.978  38.911 0.0000000000
40218  46.642  -28.076  38.249 0.0000000000
40985  46.607  -27.841  37.637 0.0000000000
40997  46.152  -27.876  36.871 0.0000000000
40996  46.700  -27.217  37.347 0.0000000000
41789  45.226  -26.381  35.136 0.0000000000
100484  44.388  -27.317  33.138 0.0000000000
100950  44.313  -28.070  32.907 0.0000000000
92225  43.768  -33.163  37.650 0.0000000000
37157  43.282  -32.431  36.878 0.0000000000
37158  42.533  -32.825  35.998 0.0000000000
37177  42.830  -32.083  35.812 0.0000000000
105715  43.009  -31.514  35.481 0.0000000000
30044  37.364  -41.598  44.972 0.0000000000
31496  29.252  -39.658  48.092 0.0000000000
39448  44.469  -28.868  32.931 0.0000000000
41032  43.937  -27.858  33.540 0.0000000000
43244  46.755  -24.253  38.721 0.0000000000
95243  44.758  -31.915  40.866 0.0000000000
99100  32.981  -38.652  47.358 0.0000000000
101845  35.287  -38.469  46.923 0.0000000000
103098  36.364  -37.432  46.263 0.0000000000
104659  30.711  -39.600  47.810 0.0000000000
105537  44.392  -35.280  40.291 0.0000000000
