#!ascii label  , from subject OASIS_0001 vox2ras=TkReg
2279
28425  3.224  -42.847  55.655 0.6250000000
28432  2.679  -43.672  55.396 0.6250000000
29177  2.494  -42.792  55.329 0.6250000000
28433  2.179  -43.413  55.086 0.5000000000
27764  3.324  -44.528  55.271 0.6250000000
27765  2.827  -44.501  55.205 0.6250000000
27766  2.365  -44.255  55.027 0.5000000000
28440  2.002  -43.814  54.689 0.2500000000
27772  2.126  -44.749  54.701 0.2500000000
28445  1.868  -44.127  54.044 0.2500000000
27771  2.468  -45.111  54.843 0.5000000000
102779  1.989  -45.125  54.398 0.2500000000
27776  1.892  -44.910  53.637 0.2500000000
29924  5.253  -41.257  56.346 0.6250000000
29175  5.046  -42.152  56.250 0.6250000000
29925  5.026  -41.613  56.439 0.6250000000
29932  5.439  -41.815  56.021 0.6250000000
29176  4.617  -42.324  56.056 0.6250000000
100437  4.004  -42.380  55.901 0.6250000000
98358  2.854  -41.963  55.622 0.6250000000
29184  5.118  -42.582  55.637 0.7500000000
29185  4.565  -42.874  55.687 0.6250000000
28430  3.991  -43.816  55.563 0.6250000000
28424  3.961  -43.066  55.711 0.6250000000
28429  4.826  -43.664  55.275 0.6250000000
90175  1.494  -43.215  53.284 0.2500000000
90357  1.728  -43.231  54.049 0.2500000000
102374  1.913  -43.118  54.625 0.3750000000
27763  4.061  -44.486  55.175 0.7500000000
27207  3.285  -45.161  54.926 0.6250000000
28460  1.414  -44.041  51.882 0.2500000000
90815  1.283  -43.219  52.323 0.2500000000
27208  2.872  -45.239  54.971 0.5000000000
27783  1.765  -44.696  52.727 0.2500000000
27215  2.108  -45.627  54.725 0.5000000000
27221  1.901  -45.800  54.225 0.3750000000
26595  1.799  -46.590  53.742 0.2500000000
27225  1.794  -45.654  53.093 0.2500000000
26594  3.838  -47.137  54.115 0.2500000000
25810  2.782  -47.305  54.598 0.3750000000
26593  4.782  -46.681  53.287 0.2500000000
106238  2.187  -49.150  53.304 0.3750000000
105178  2.023  -48.728  52.738 0.3750000000
30704  6.447  -39.886  56.358 0.6250000000
29931  6.016  -41.163  55.363 0.6250000000
29183  5.717  -42.087  55.127 0.8750000000
29194  5.482  -42.927  54.729 0.7500000000
29193  6.006  -42.309  54.154 1.0000000000
99779  1.072  -43.219  51.318 0.2500000000
28439  5.438  -43.819  54.415 0.8750000000
27212  4.040  -45.178  54.636 0.7500000000
27790  1.731  -44.995  52.036 0.2500000000
104574  5.780  -43.818  53.598 0.8750000000
27770  4.865  -44.513  54.729 0.7500000000
26587  2.521  -46.518  54.910 0.6250000000
101091  1.434  -44.553  51.251 0.2500000000
27775  5.379  -44.435  53.731 0.5000000000
103298  3.456  -45.793  54.826 0.6250000000
27231  1.767  -45.865  52.100 0.2500000000
90651  5.489  -45.092  52.881 0.5000000000
97084  4.970  -45.809  53.281 0.3750000000
26586  3.258  -46.513  54.802 0.5000000000
30696  6.966  -39.264  56.743 0.6250000000
30711  6.547  -40.316  55.739 0.6250000000
29939  6.242  -41.442  54.508 0.7500000000
28469  0.905  -43.195  50.519 0.2500000000
28478  0.977  -44.125  49.448 0.2500000000
99739  1.048  -44.264  50.103 0.2500000000
29201  5.908  -43.173  53.872 1.0000000000
89161  1.051  -43.932  50.772 0.2500000000
29208  6.689  -43.051  52.392 0.8750000000
28444  6.164  -43.462  53.069 0.5000000000
28451  5.849  -44.209  52.975 0.6250000000
89226  1.328  -44.931  49.686 0.2500000000
28459  6.715  -43.752  51.717 0.3750000000
29242  7.735  -42.116  48.604 0.3750000000
29230  7.321  -42.616  49.357 0.1250000000
29222  7.005  -43.009  50.111 0.3750000000
29216  6.912  -43.045  51.608 0.3750000000
27782  6.013  -44.624  52.366 0.2500000000
29979  7.459  -41.814  49.539 0.5000000000
96709  7.161  -42.289  50.047 0.3750000000
29996  8.279  -41.486  48.293 0.5000000000
31454  8.726  -39.236  55.573 0.5000000000
31458  8.882  -39.378  54.918 0.5000000000
30709  8.062  -39.506  55.183 0.5000000000
30710  7.299  -39.961  55.450 0.6250000000
30717  7.416  -39.902  54.487 0.7500000000
30718  6.680  -40.576  54.931 0.7500000000
104806  8.202  -39.355  54.553 0.7500000000
29938  6.741  -40.745  53.998 0.8750000000
29945  6.447  -41.666  53.595 1.0000000000
29200  6.339  -42.600  53.283 1.0000000000
30725  7.312  -40.118  53.444 0.8750000000
29944  6.857  -40.998  53.063 1.0000000000
29952  6.774  -42.005  52.725 1.0000000000
29951  7.081  -41.321  52.206 0.7500000000
30749  7.652  -40.939  50.838 0.7500000000
31526  9.563  -40.053  47.677 0.3750000000
30783  9.034  -40.463  48.170 0.5000000000
29215  7.013  -42.458  50.899 0.5000000000
30793  9.184  -40.903  47.390 0.2500000000
30794  8.745  -41.066  48.023 0.3750000000
30770  8.349  -40.614  49.468 0.5000000000
29965  7.318  -41.669  50.426 0.5000000000
29978  7.967  -41.299  49.053 0.3750000000
31452  10.166  -39.047  55.456 0.5000000000
96143  9.390  -39.223  55.272 0.5000000000
31456  10.418  -38.921  54.782 0.5000000000
98550  8.802  -39.071  54.136 0.7500000000
31457  9.633  -39.083  54.646 0.5000000000
30724  7.983  -39.704  52.857 0.8750000000
31470  8.580  -39.770  51.714 0.7500000000
30731  7.383  -40.432  52.527 0.8750000000
30737  8.749  -39.673  50.919 0.8750000000
30738  8.081  -40.223  51.264 0.7500000000
30748  8.212  -40.392  50.372 0.8750000000
30769  8.924  -40.207  49.010 0.6250000000
31525  10.241  -39.647  47.266 0.5000000000
96200  9.987  -39.325  48.093 0.6250000000
30747  8.792  -39.923  49.900 0.8750000000
32222  11.502  -38.267  53.212 0.6250000000
31460  10.293  -38.709  54.046 0.6250000000
31464  10.286  -38.878  53.135 0.7500000000
96503  10.807  -38.514  52.785 0.6250000000
31465  9.481  -39.134  52.732 0.7500000000
31468  9.822  -38.813  51.578 0.8750000000
31469  9.258  -39.289  51.856 0.8750000000
98882  9.423  -39.172  51.096 1.0000000000
31473  9.342  -39.303  50.328 0.8750000000
32287  11.389  -38.491  46.403 0.3750000000
90579  11.175  -38.349  47.363 0.7500000000
31489  9.405  -39.552  49.444 0.7500000000
32303  11.986  -37.965  45.880 0.1250000000
33079  11.630  -37.750  47.031 0.5000000000
32226  11.474  -37.924  52.578 0.6250000000
32221  12.009  -37.956  53.166 0.5000000000
32230  10.843  -38.041  51.908 0.7500000000
33042  11.610  -37.537  51.599 0.7500000000
32231  10.318  -38.384  51.272 0.8750000000
32234  10.946  -38.002  50.963 0.8750000000
31472  9.888  -38.861  50.775 0.8750000000
32239  11.026  -38.131  50.085 1.0000000000
31488  9.889  -38.955  49.930 1.0000000000
32270  11.074  -38.202  48.286 0.7500000000
32240  10.427  -38.542  49.567 0.8750000000
33063  12.103  -37.106  47.487 0.7500000000
33064  11.606  -37.684  47.897 0.7500000000
32253  10.529  -38.701  48.658 0.7500000000
33096  12.625  -37.685  45.176 0.2500000000
32286  12.120  -37.215  46.606 0.6250000000
33038  12.285  -37.384  52.572 0.5000000000
33891  12.583  -36.867  50.793 0.8750000000
33041  12.448  -37.063  51.572 0.5000000000
33045  11.537  -37.641  50.592 1.0000000000
33895  12.534  -36.475  49.932 0.8750000000
33048  11.532  -37.636  49.719 1.0000000000
33047  12.088  -37.078  49.326 1.0000000000
33052  11.563  -37.621  48.807 1.0000000000
33078  12.745  -36.570  46.445 0.7500000000
33062  12.520  -36.624  47.121 0.7500000000
33915  13.549  -36.224  45.524 0.8750000000
94270  12.416  -37.137  45.916 0.7500000000
91246  13.782  -35.999  51.124 0.6250000000
33890  13.148  -36.190  50.571 0.7500000000
33040  13.119  -36.581  51.361 0.7500000000
33897  14.008  -35.414  48.506 0.8750000000
33899  12.786  -36.396  48.865 0.8750000000
33898  13.326  -35.865  48.168 0.8750000000
33903  13.184  -36.023  47.194 1.0000000000
33914  13.943  -35.689  45.249 0.8750000000
33906  13.814  -35.543  46.885 1.0000000000
34016  20.674  -36.426  38.014 0.1250000000
34017  19.794  -36.341  38.161 0.5000000000
34795  20.198  -35.670  37.669 0.3750000000
34797  18.793  -35.734  38.580 0.7500000000
33889  13.832  -35.593  50.300 0.7500000000
33893  13.980  -35.441  49.348 0.8750000000
99754  13.509  -35.840  48.890 0.8750000000
33901  14.372  -34.837  47.337 0.8750000000
34723  14.645  -34.942  48.141 0.8750000000
106122  14.199  -34.992  46.582 0.8750000000
33913  14.509  -35.259  44.913 0.8750000000
34743  15.345  -35.002  43.521 0.7500000000
34736  15.119  -34.786  44.557 0.8750000000
34808  21.609  -34.997  37.095 0.2500000000
100265  21.089  -35.736  37.461 0.2500000000
34809  20.741  -34.905  37.413 0.5000000000
35573  19.910  -34.795  37.881 0.6250000000
35574  19.174  -35.004  38.490 0.7500000000
35563  18.560  -35.045  39.039 0.7500000000
104062  15.368  -34.537  47.846 0.8750000000
34727  14.800  -34.447  46.716 0.8750000000
34735  15.839  -34.580  44.216 0.8750000000
34731  14.965  -34.613  45.600 0.8750000000
34742  16.694  -34.581  42.834 0.7500000000
98670  16.027  -34.861  43.217 0.7500000000
34751  16.768  -34.867  41.896 0.7500000000
36390  19.326  -33.956  39.469 0.7500000000
35552  18.632  -34.202  39.720 0.7500000000
35554  17.492  -34.712  40.495 0.7500000000
36400  21.759  -33.093  37.765 0.7500000000
36401  21.034  -33.371  38.172 0.8750000000
36402  20.258  -33.740  38.485 0.8750000000
34726  15.490  -34.054  46.349 0.8750000000
99883  15.594  -34.204  47.313 0.8750000000
34730  15.619  -34.290  45.243 0.8750000000
34734  16.502  -34.275  43.791 0.7500000000
34729  16.338  -34.010  44.829 0.8750000000
35530  17.250  -33.965  43.324 0.7500000000
35539  17.984  -33.869  42.138 0.7500000000
36375  19.395  -33.531  40.276 0.8750000000
35547  18.053  -34.011  41.205 0.7500000000
37139  21.553  -32.639  38.709 0.8750000000
36388  20.798  -32.920  39.106 0.8750000000
36296  27.331  -32.295  46.348 0.3750000000
36287  26.394  -32.864  46.826 0.6250000000
36298  25.246  -32.747  45.918 0.6250000000
37048  29.052  -31.646  45.811 0.5000000000
37049  27.963  -31.863  45.655 0.6250000000
36297  26.233  -32.549  45.940 0.7500000000
36299  24.382  -32.699  45.880 0.7500000000
35516  24.029  -33.009  46.469 0.6250000000
36301  22.788  -32.633  45.642 0.8750000000
35519  21.612  -32.821  46.125 0.8750000000
36303  20.879  -32.827  45.607 0.8750000000
37057  29.712  -31.248  44.869 0.7500000000
37058  28.436  -31.433  45.101 0.7500000000
37059  27.614  -31.666  45.114 0.6250000000
37060  26.113  -31.858  44.592 1.0000000000
103022  25.306  -31.884  44.585 1.0000000000
36313  23.944  -32.443  45.112 1.0000000000
36314  23.185  -32.505  44.979 0.8750000000
36315  22.428  -32.427  44.757 0.8750000000
99420  21.422  -32.718  45.236 0.8750000000
34725  16.220  -33.693  45.978 0.8750000000
37067  29.931  -30.952  43.636 0.8750000000
37802  27.900  -30.657  43.769 0.8750000000
37070  26.435  -31.494  44.116 0.8750000000
37061  24.404  -31.929  44.511 1.0000000000
37062  23.561  -32.052  44.405 0.8750000000
94601  21.140  -32.476  44.396 0.8750000000
36317  20.563  -32.700  44.857 0.8750000000
36305  19.135  -32.931  45.097 0.8750000000
35521  18.139  -33.166  45.034 0.8750000000
35522  17.127  -33.485  45.496 0.8750000000
99803  30.199  -30.769  42.566 0.8750000000
37813  28.431  -30.306  42.937 0.8750000000
106892  27.112  -31.182  44.200 0.8750000000
89247  25.759  -31.635  44.017 1.0000000000
37071  23.995  -31.569  43.635 1.0000000000
37072  23.013  -31.701  43.681 1.0000000000
36328  21.717  -32.041  44.026 0.8750000000
36318  19.662  -32.720  44.552 0.8750000000
36319  18.785  -33.038  44.249 0.8750000000
35524  17.925  -33.406  43.832 0.8750000000
37828  29.601  -30.373  41.535 1.0000000000
37814  27.533  -30.480  42.854 0.8750000000
37815  26.564  -30.676  42.781 0.8750000000
37816  25.557  -30.825  42.796 1.0000000000
37082  23.311  -31.412  42.904 1.0000000000
37084  21.779  -31.710  42.594 1.0000000000
36342  21.352  -31.893  43.013 0.8750000000
91483  19.922  -32.528  43.072 0.7500000000
36344  19.078  -33.008  42.774 0.7500000000
36330  18.581  -33.262  43.320 0.8750000000
35525  17.157  -33.696  44.373 0.8750000000
37114  30.591  -31.179  40.571 1.0000000000
100077  28.767  -30.266  41.155 1.0000000000
37830  27.250  -30.354  41.986 0.8750000000
37831  26.263  -30.524  41.930 1.0000000000
99957  24.602  -30.805  42.465 1.0000000000
98249  22.120  -31.611  42.231 1.0000000000
36343  20.495  -32.277  42.557 0.7500000000
35529  17.980  -33.769  42.950 0.7500000000
37882  30.405  -31.704  37.882 1.0000000000
91869  30.146  -30.991  39.331 1.0000000000
37844  28.965  -30.302  40.533 1.0000000000
104675  27.867  -30.297  41.378 0.8750000000
98126  25.983  -30.480  41.250 1.0000000000
37847  25.178  -30.541  40.959 1.0000000000
37099  23.636  -31.009  42.084 1.0000000000
37101  22.143  -31.621  41.450 0.8750000000
37102  21.565  -31.836  41.773 0.8750000000
36358  20.262  -32.521  41.655 0.7500000000
36359  19.443  -33.081  41.244 0.7500000000
35538  18.739  -33.399  41.865 0.7500000000
36345  18.448  -33.490  42.637 0.7500000000
93934  29.791  -31.020  37.982 1.0000000000
38598  28.609  -30.205  38.250 0.8750000000
38583  28.415  -29.971  39.199 0.8750000000
38575  25.969  -30.134  40.464 0.8750000000
37858  24.929  -30.331  40.004 0.8750000000
37849  23.518  -31.118  40.220 0.8750000000
37100  22.856  -31.147  41.081 0.8750000000
37117  21.550  -32.153  40.832 0.8750000000
93266  20.881  -32.760  40.227 0.8750000000
36374  20.116  -32.844  40.694 0.8750000000
38597  29.185  -30.494  37.695 1.0000000000
38599  27.660  -29.730  38.322 0.8750000000
38585  26.424  -29.717  39.530 0.8750000000
95498  25.480  -30.093  39.333 0.8750000000
37859  24.140  -30.901  39.370 0.8750000000
37115  22.826  -31.659  39.809 0.8750000000
37127  22.159  -32.104  39.241 0.8750000000
37860  23.335  -31.462  39.058 0.8750000000
37047  30.719  -31.522  45.372 0.7500000000
36311  31.685  -31.531  44.370 0.7500000000
36325  31.654  -31.492  43.039 0.7500000000
37066  30.960  -31.087  42.729 0.7500000000
36340  31.631  -31.471  41.843 1.0000000000
37078  31.044  -31.140  41.673 1.0000000000
36372  31.314  -32.224  40.639 1.0000000000
37097  30.925  -31.638  40.999 1.0000000000
36387  31.505  -32.323  40.077 1.0000000000
37123  31.270  -32.391  39.181 1.0000000000
37113  31.051  -31.927  40.397 1.0000000000
37150  31.119  -32.102  37.444 1.0000000000
36355  31.923  -32.224  41.264 0.8750000000
36371  31.778  -32.569  40.676 1.0000000000
37149  31.568  -32.365  37.847 1.0000000000
37164  31.716  -32.322  36.999 1.0000000000
90043  32.105  -32.281  36.139 0.8750000000
37207  31.981  -32.519  34.143 0.8750000000
37222  32.895  -32.424  33.394 0.7500000000
37233  33.423  -32.645  32.623 0.7500000000
90109  32.584  -32.271  41.595 0.8750000000
36339  32.210  -31.791  42.152 0.8750000000
36370  32.435  -32.893  40.665 1.0000000000
102335  32.239  -32.712  41.056 1.0000000000
95330  32.079  -32.739  40.099 1.0000000000
36386  32.326  -32.846  39.369 1.0000000000
36408  32.597  -32.438  37.876 1.0000000000
103912  31.767  -32.615  39.482 1.0000000000
36398  32.467  -32.700  38.580 1.0000000000
36422  32.353  -32.320  37.097 1.0000000000
36399  31.745  -32.598  38.679 1.0000000000
37163  32.804  -32.170  36.334 1.0000000000
37183  32.483  -32.279  35.341 1.0000000000
37206  33.017  -32.084  34.569 1.0000000000
37948  33.800  -31.795  33.111 0.6250000000
37947  34.014  -31.253  32.772 0.6250000000
36476  33.767  -33.298  32.420 0.6250000000
37232  34.308  -32.561  32.086 0.7500000000
37955  34.021  -31.971  32.443 0.6250000000
36354  32.844  -32.749  41.182 0.6250000000
104499  33.084  -32.951  40.828 0.8750000000
36385  33.539  -33.055  39.706 1.0000000000
98008  33.099  -33.003  39.169 1.0000000000
89237  32.824  -32.964  40.077 1.0000000000
36397  33.217  -32.615  38.360 1.0000000000
36421  33.151  -32.184  37.383 1.0000000000
37162  33.371  -31.831  36.585 1.0000000000
37182  33.237  -31.993  35.649 1.0000000000
37918  33.571  -31.583  35.168 1.0000000000
37937  33.715  -31.579  34.074 1.0000000000
37936  34.174  -31.089  33.885 0.7500000000
38668  33.936  -30.751  32.375 0.6250000000
89459  34.210  -32.959  39.872 0.8750000000
92505  34.080  -32.939  38.948 0.8750000000
99797  34.317  -32.352  38.508 0.8750000000
36407  33.884  -32.400  38.082 0.8750000000
37148  33.670  -31.856  37.374 1.0000000000
96562  33.823  -31.051  34.922 0.8750000000
38664  33.998  -30.684  33.522 0.6250000000
37134  34.597  -32.342  39.003 0.8750000000
37895  34.430  -30.931  37.300 1.0000000000
37147  34.302  -31.842  37.859 1.0000000000
37160  34.375  -31.292  37.471 1.0000000000
37161  33.738  -31.478  37.029 1.0000000000
37896  33.775  -31.226  36.661 1.0000000000
37916  33.720  -30.796  36.318 1.0000000000
37181  33.536  -31.591  36.095 1.0000000000
37917  33.622  -31.229  35.761 1.0000000000
106674  33.653  -30.892  35.581 1.0000000000
38643  33.616  -30.528  35.462 1.0000000000
38652  33.881  -30.618  34.533 0.8750000000
39442  33.729  -30.253  34.084 0.6250000000
39450  33.757  -30.259  33.042 0.6250000000
39443  33.411  -29.845  33.503 0.6250000000
39429  33.535  -30.231  34.966 1.0000000000
39430  33.350  -29.848  34.511 0.8750000000
39423  33.776  -30.266  36.414 1.0000000000
39424  33.518  -30.118  35.727 1.0000000000
92862  33.021  -29.323  33.903 0.8750000000
39416  33.726  -29.847  36.457 1.0000000000
40248  33.381  -29.750  35.552 1.0000000000
40254  32.996  -29.248  34.884 1.0000000000
40255  32.485  -28.749  34.341 0.8750000000
41035  31.788  -28.296  33.858 0.8750000000
101282  31.187  -27.737  33.390 0.8750000000
41806  30.669  -26.490  32.784 0.8750000000
42595  31.063  -25.501  31.423 0.6250000000
39415  34.474  -29.928  37.415 0.8750000000
40238  34.065  -29.297  37.376 1.0000000000
40239  33.516  -29.307  36.565 1.0000000000
40249  33.113  -28.967  35.811 1.0000000000
41016  32.664  -28.076  36.117 1.0000000000
41024  32.683  -28.451  35.200 1.0000000000
41799  31.794  -27.377  35.001 1.0000000000
41025  32.093  -28.050  34.736 1.0000000000
41026  31.500  -27.554  34.299 0.8750000000
41036  30.977  -26.812  33.665 0.8750000000
42580  30.783  -25.766  33.378 1.0000000000
43310  30.940  -24.397  31.813 0.7500000000
43320  30.801  -25.143  31.816 0.7500000000
43298  30.790  -24.934  33.028 0.8750000000
39403  35.186  -29.848  38.268 0.7500000000
40222  35.216  -29.272  38.778 0.7500000000
40223  34.625  -29.189  38.201 0.7500000000
103169  34.245  -28.807  37.862 0.8750000000
40224  33.747  -28.350  37.558 0.8750000000
40988  33.522  -27.237  37.835 0.8750000000
40240  33.139  -28.534  36.679 1.0000000000
41001  32.909  -27.503  37.132 0.8750000000
41002  32.328  -27.104  36.308 1.0000000000
41017  32.201  -27.659  35.500 1.0000000000
41791  31.877  -26.732  35.572 1.0000000000
42574  31.614  -25.200  34.623 1.0000000000
42575  31.212  -25.875  34.271 1.0000000000
41800  31.450  -26.712  34.724 1.0000000000
89874  31.031  -24.177  32.619 0.8750000000
43292  31.242  -24.935  33.871 1.0000000000
43311  30.767  -24.882  32.348 0.7500000000
40216  35.321  -28.700  39.332 0.7500000000
40217  34.931  -28.442  39.050 0.7500000000
94419  34.453  -28.287  38.378 0.8750000000
40986  34.683  -27.400  39.116 0.8750000000
40987  34.176  -27.343  38.369 0.8750000000
41773  33.429  -26.378  37.413 0.8750000000
42549  33.442  -25.562  36.906 0.8750000000
42555  32.809  -25.526  36.373 1.0000000000
41781  32.251  -26.210  36.182 1.0000000000
42556  32.238  -25.557  35.824 1.0000000000
97932  31.946  -26.080  35.757 1.0000000000
41792  31.710  -25.870  35.205 1.0000000000
44014  31.649  -24.047  33.842 1.0000000000
43291  31.906  -24.443  34.551 1.0000000000
43282  32.181  -24.972  35.239 1.0000000000
44035  31.265  -23.663  31.940 0.8750000000
93410  31.430  -23.479  32.588 0.8750000000
41767  35.183  -26.444  39.278 0.8750000000
42542  35.086  -25.537  38.720 0.8750000000
41772  34.041  -26.361  38.035 0.8750000000
43255  34.829  -24.611  38.195 0.5000000000
42547  34.485  -25.545  38.113 0.8750000000
42548  33.986  -25.571  37.510 0.8750000000
43983  34.950  -23.615  37.749 0.7500000000
102927  34.314  -24.959  37.657 0.8750000000
43256  34.372  -24.226  37.408 0.8750000000
43265  33.830  -24.014  36.765 0.8750000000
43257  33.894  -24.838  37.139 0.8750000000
43266  33.383  -24.795  36.486 1.0000000000
43992  34.440  -23.258  36.973 0.8750000000
43281  33.363  -24.052  35.976 1.0000000000
43267  32.780  -24.802  35.886 1.0000000000
44003  33.369  -23.340  35.433 1.0000000000
44012  32.861  -23.301  34.867 1.0000000000
44004  32.729  -24.059  35.219 1.0000000000
44802  31.802  -23.008  32.937 1.0000000000
44801  32.289  -22.505  33.435 1.0000000000
44814  31.716  -22.975  32.164 1.0000000000
91496  31.966  -22.496  30.905 0.7500000000
40209  35.729  -28.919  40.517 0.5000000000
99430  35.418  -27.975  40.107 0.6250000000
40982  35.201  -27.460  39.664 0.6250000000
40976  35.937  -27.042  40.292 0.5000000000
42541  35.690  -25.600  39.231 0.7500000000
43967  36.123  -24.004  38.926 0.5000000000
102685  35.515  -23.899  38.436 0.5000000000
43250  35.548  -24.751  38.832 0.5000000000
106465  36.112  -23.319  38.573 0.5000000000
88940  35.176  -22.716  37.330 0.5000000000
105505  34.358  -22.791  36.490 1.0000000000
44792  32.622  -22.914  34.208 1.0000000000
44822  31.978  -22.323  31.665 0.8750000000
44813  32.072  -22.317  32.541 1.0000000000
43372  35.310  -24.117  27.843 0.1250000000
44867  34.272  -23.058  28.076 0.2500000000
44868  33.556  -22.753  28.679 0.5000000000
44842  32.573  -22.007  30.381 0.5000000000
40975  35.985  -27.660  40.848 0.3750000000
40981  35.710  -27.017  39.961 0.6250000000
41761  36.139  -26.358  40.082 0.7500000000
42534  36.124  -25.604  39.768 0.3750000000
41766  35.738  -26.413  39.658 0.7500000000
43234  36.546  -24.734  39.948 0.2500000000
43233  37.048  -23.960  39.974 0.2500000000
43248  36.626  -23.968  39.446 0.2500000000
43249  36.073  -24.779  39.382 0.3750000000
89056  37.443  -23.348  39.479 0.2500000000
43966  36.791  -23.102  38.895 0.3750000000
43982  35.602  -22.972  38.111 0.5000000000
43991  34.826  -22.475  36.640 0.7500000000
44782  34.372  -22.352  36.057 1.0000000000
44800  32.854  -22.027  34.071 1.0000000000
45566  32.636  -21.781  33.043 1.0000000000
45577  32.424  -21.635  32.046 0.8750000000
45583  32.372  -21.693  31.206 0.8750000000
44103  35.899  -23.471  27.581 0.1250000000
44104  35.019  -23.323  27.684 0.1250000000
91991  32.915  -22.511  29.491 0.5000000000
44102  36.776  -23.661  27.457 0.1250000000
43206  40.480  -23.759  42.406 0.2500000000
43207  39.991  -23.936  42.126 0.2500000000
41752  36.514  -26.974  41.439 0.1250000000
43928  40.996  -23.465  41.861 0.2500000000
41760  36.381  -26.450  40.722 0.1250000000
43208  39.041  -24.506  41.761 0.2500000000
42522  37.892  -24.877  41.455 0.2500000000
42523  37.000  -25.557  41.032 0.2500000000
43219  39.575  -23.782  41.340 0.2500000000
42533  36.534  -25.570  40.356 0.2500000000
43220  38.408  -24.010  41.053 0.2500000000
43221  37.251  -24.574  40.602 0.2500000000
43939  38.992  -23.374  40.524 0.2500000000
43232  37.950  -23.625  40.222 0.2500000000
43981  36.414  -22.595  38.226 0.5000000000
44755  35.896  -22.205  37.621 0.5000000000
44772  35.480  -22.001  36.865 0.7500000000
44781  35.126  -21.858  36.255 1.0000000000
44790  33.998  -21.977  35.358 1.0000000000
45565  33.292  -21.239  33.627 1.0000000000
45576  33.094  -21.047  32.518 1.0000000000
45601  33.011  -21.086  30.706 0.8750000000
45582  32.996  -20.946  31.546 0.8750000000
91835  34.149  -21.931  28.278 0.5000000000
45611  33.462  -21.764  29.002 0.5000000000
91520  33.172  -21.447  29.846 0.8750000000
44879  35.611  -22.611  27.455 0.1250000000
44880  34.825  -22.360  27.681 0.5000000000
103639  35.443  -21.688  27.428 0.1250000000
42509  39.415  -24.791  42.520 0.2500000000
43929  40.413  -23.563  41.504 0.2500000000
43938  40.076  -23.279  40.827 0.2500000000
43951  38.572  -22.916  39.601 0.2500000000
43965  37.784  -22.567  38.982 0.2500000000
43980  37.234  -22.318  38.239 0.5000000000
45547  34.774  -21.555  35.701 1.0000000000
45556  34.400  -21.091  35.022 1.0000000000
46312  33.672  -20.310  31.981 1.0000000000
46345  33.637  -20.971  29.493 0.6250000000
45627  34.799  -21.398  27.788 0.3750000000
45610  33.959  -21.015  28.863 0.6250000000
43950  39.573  -22.656  40.147 0.2500000000
44754  36.755  -21.929  37.650 0.5000000000
45546  35.712  -21.327  36.502 1.0000000000
104296  35.403  -21.279  35.959 1.0000000000
45575  33.867  -20.526  33.074 1.0000000000
45564  34.025  -20.684  34.169 1.0000000000
46320  33.593  -20.249  31.060 1.0000000000
46337  33.600  -20.531  30.224 1.0000000000
46353  34.357  -20.273  28.776 0.7500000000
44738  38.739  -22.263  38.933 0.2500000000
44771  36.111  -21.453  37.194 0.5000000000
45545  36.346  -20.716  36.746 1.0000000000
46293  34.821  -20.241  34.585 1.0000000000
46311  34.452  -19.821  32.512 1.0000000000
46319  34.345  -19.556  31.464 1.0000000000
46344  34.080  -20.088  29.631 1.0000000000
46336  34.099  -19.582  30.553 1.0000000000
46363  34.729  -20.475  27.938 0.8750000000
44728  39.342  -22.386  39.442 0.2500000000
44753  38.092  -21.931  38.357 0.5000000000
45539  36.895  -21.045  37.313 0.5000000000
46283  35.850  -20.586  36.029 1.0000000000
45555  35.204  -20.706  35.427 1.0000000000
46301  35.368  -19.528  33.936 1.0000000000
46302  34.665  -20.038  33.550 1.0000000000
47094  34.828  -19.024  30.920 1.0000000000
47120  34.565  -19.377  29.376 1.0000000000
47128  34.736  -19.608  28.466 0.6250000000
93484  35.202  -19.723  27.481 0.3750000000
46372  36.574  -19.788  26.315 0.1250000000
47137  35.900  -19.289  26.842 0.3750000000
103993  36.007  -19.793  35.541 1.0000000000
46282  36.750  -20.021  36.020 1.0000000000
46291  36.686  -19.241  35.174 1.0000000000
107610  35.596  -20.248  35.531 1.0000000000
47069  37.982  -18.294  33.618 1.0000000000
47070  37.475  -18.422  33.509 1.0000000000
47061  37.305  -18.551  34.525 1.0000000000
47062  36.673  -18.700  34.320 1.0000000000
105708  36.111  -19.256  34.868 1.0000000000
46292  35.415  -19.728  34.983 1.0000000000
46300  35.979  -18.984  34.183 1.0000000000
47071  36.738  -18.558  33.467 1.0000000000
47072  35.938  -18.822  33.299 1.0000000000
46310  35.233  -19.399  32.937 1.0000000000
47079  37.457  -18.497  32.888 1.0000000000
47080  36.611  -18.409  32.650 1.0000000000
47081  35.776  -18.676  32.366 1.0000000000
47091  37.097  -18.023  32.207 1.0000000000
47092  36.283  -18.171  31.687 1.0000000000
47093  35.434  -18.724  31.489 1.0000000000
47111  35.541  -18.502  30.757 1.0000000000
47112  34.565  -18.977  30.172 1.0000000000
47887  35.445  -18.339  29.528 0.8750000000
97707  34.892  -18.924  29.169 0.8750000000
47138  35.485  -18.778  27.544 0.3750000000
92706  35.108  -18.908  28.451 0.5000000000
47150  36.546  -18.873  26.401 0.1250000000
47904  35.942  -18.374  26.931 0.5000000000
47078  38.151  -18.578  33.057 1.0000000000
47109  36.855  -17.879  31.478 1.0000000000
47110  36.375  -18.153  31.022 1.0000000000
47877  36.604  -18.023  30.959 1.0000000000
47878  35.893  -18.222  30.471 1.0000000000
47905  35.679  -18.080  27.644 0.6250000000
47896  35.478  -18.233  28.525 0.7500000000
48640  36.591  -17.018  26.966 0.3750000000
47916  36.650  -17.913  26.520 0.2500000000
47824  39.021  -18.347  35.583 0.7500000000
48557  39.240  -17.514  35.166 0.8750000000
47831  38.669  -18.004  34.617 0.8750000000
47836  39.393  -17.532  34.080 0.8750000000
47837  38.992  -18.276  33.320 0.8750000000
47832  38.325  -18.148  33.770 1.0000000000
47060  37.912  -18.461  34.773 1.0000000000
47053  37.425  -19.269  35.507 0.8750000000
47838  38.667  -18.533  33.133 1.0000000000
47090  37.807  -18.212  32.526 1.0000000000
47862  37.422  -17.782  31.864 1.0000000000
47875  37.795  -17.509  31.486 1.0000000000
47876  37.157  -17.737  31.288 1.0000000000
47885  36.828  -17.720  30.743 1.0000000000
47886  36.142  -17.985  30.310 1.0000000000
102573  36.378  -17.537  30.084 1.0000000000
47895  35.821  -17.737  29.399 0.8750000000
48614  36.269  -16.962  29.217 0.7500000000
48620  35.759  -17.464  28.350 0.6250000000
49395  37.107  -16.527  26.696 0.3750000000
49377  36.137  -16.780  27.898 0.6250000000
48629  36.010  -17.556  27.296 0.6250000000
49394  37.858  -16.413  26.170 0.1250000000
48639  37.278  -17.191  26.364 0.2500000000
47844  39.625  -17.668  33.151 0.8750000000
47845  39.153  -18.307  32.989 0.8750000000
47860  38.841  -17.612  32.387 1.0000000000
47846  38.555  -18.399  32.829 1.0000000000
48595  39.292  -16.889  31.985 1.0000000000
47874  38.532  -17.198  31.698 1.0000000000
48604  38.247  -17.028  31.115 1.0000000000
49368  37.143  -16.481  29.696 1.0000000000
48613  36.991  -17.173  30.300 1.0000000000
49376  36.708  -16.218  28.507 0.7500000000
50209  37.146  -15.570  27.878 0.6250000000
51792  39.464  -14.017  26.412 0.8750000000
51043  38.520  -14.803  26.554 0.7500000000
50216  37.865  -15.063  27.304 0.3750000000
50217  37.336  -15.814  26.892 0.6250000000
49384  36.742  -16.265  27.416 0.5000000000
51809  40.823  -13.914  25.004 0.3750000000
51800  39.757  -14.101  25.858 0.7500000000
51042  39.104  -14.451  26.043 0.6250000000
50229  38.124  -15.493  26.324 0.5000000000
51808  41.388  -13.608  24.749 0.2500000000
51807  41.979  -13.812  24.278 0.2500000000
51797  41.886  -13.061  24.759 0.5000000000
48580  40.234  -16.954  32.809 0.7500000000
47859  39.540  -17.337  32.626 0.8750000000
48594  39.914  -16.680  32.268 0.8750000000
48603  39.035  -16.654  31.314 1.0000000000
49358  38.634  -16.556  30.809 1.0000000000
48612  37.826  -16.871  30.548 1.0000000000
49367  38.028  -16.228  30.129 0.8750000000
50207  38.605  -14.744  28.904 0.8750000000
50208  37.803  -15.086  28.464 0.6250000000
49375  37.412  -15.748  29.065 0.8750000000
51778  40.263  -13.424  27.320 1.0000000000
51779  39.550  -13.770  27.155 1.0000000000
51029  39.005  -14.253  26.888 0.8750000000
51021  38.255  -14.565  28.012 0.8750000000
51791  39.982  -13.590  26.436 0.8750000000
51030  38.493  -14.529  27.356 0.6250000000
51798  41.187  -13.145  25.406 0.6250000000
52552  41.923  -12.581  25.446 0.8750000000
51806  42.636  -13.078  24.076 0.3750000000
52560  42.436  -12.382  24.841 0.8750000000
48568  40.757  -16.388  33.227 0.7500000000
48579  40.718  -16.415  32.901 0.8750000000
49339  40.494  -16.261  32.296 0.8750000000
48602  39.891  -16.384  31.616 1.0000000000
49349  40.430  -16.043  31.782 1.0000000000
49357  39.446  -16.317  31.040 1.0000000000
49366  38.866  -15.994  30.483 1.0000000000
50197  39.041  -15.167  30.022 1.0000000000
51749  41.440  -13.400  30.705 1.0000000000
51009  40.715  -13.720  30.261 1.0000000000
51010  40.076  -13.998  29.615 1.0000000000
50196  39.803  -14.932  30.332 1.0000000000
50198  38.237  -15.458  29.583 0.8750000000
51748  42.130  -12.934  31.167 1.0000000000
51758  41.239  -13.021  29.663 1.0000000000
104572  40.643  -13.347  29.335 1.0000000000
51011  39.357  -14.386  29.285 1.0000000000
51766  41.199  -12.977  28.631 1.0000000000
51767  40.435  -13.479  28.421 1.0000000000
51019  39.750  -13.877  28.650 1.0000000000
51020  38.982  -14.040  28.038 1.0000000000
52517  41.892  -12.555  28.973 0.8750000000
52523  41.928  -12.832  28.016 0.8750000000
52533  41.765  -12.799  27.058 0.8750000000
52545  41.517  -12.700  26.084 0.7500000000
52559  43.135  -12.168  24.381 0.7500000000
49328  41.070  -15.989  33.008 0.6250000000
49327  41.423  -15.480  32.950 0.6250000000
49338  40.984  -15.836  32.690 0.6250000000
49348  40.832  -15.758  32.210 1.0000000000
50180  40.627  -15.736  31.695 1.0000000000
49356  40.114  -16.056  31.316 1.0000000000
98206  42.539  -13.706  32.001 0.5000000000
50187  40.849  -15.187  31.505 1.0000000000
50189  39.651  -15.769  30.765 1.0000000000
51000  41.877  -14.003  31.549 1.0000000000
51001  41.066  -14.286  31.187 1.0000000000
50188  40.286  -15.542  31.098 1.0000000000
51741  42.703  -12.931  31.777 0.6250000000
51002  40.385  -14.660  30.752 1.0000000000
52503  42.700  -12.365  31.178 0.7500000000
51757  41.981  -12.658  29.991 0.8750000000
52509  42.609  -12.253  30.321 0.7500000000
52516  42.628  -12.219  29.349 0.7500000000
52522  42.601  -12.331  28.415 0.7500000000
52532  42.538  -12.476  27.485 0.7500000000
97840  42.632  -12.219  25.653 1.0000000000
52558  43.822  -11.934  23.836 0.6250000000
53359  43.714  -11.655  24.811 0.7500000000
52551  43.120  -11.924  25.263 1.0000000000
51730  43.761  -12.612  33.893 0.5000000000
50171  41.896  -15.015  32.866 0.7500000000
50172  41.329  -15.390  32.566 0.8750000000
50985  42.392  -14.536  32.768 0.5000000000
50179  41.180  -15.403  32.097 0.8750000000
51734  43.656  -12.668  33.645 0.5000000000
51735  43.246  -13.390  33.249 0.5000000000
50984  42.910  -13.980  33.234 0.5000000000
51740  43.049  -13.273  32.515 0.6250000000
50991  42.829  -14.026  32.696 0.6250000000
50992  42.262  -14.485  32.234 0.7500000000
50993  41.581  -14.865  31.848 0.8750000000
52492  43.551  -12.624  32.970 0.3750000000
52502  43.178  -12.236  31.898 0.5000000000
52515  43.266  -11.928  29.763 0.6250000000
52521  43.350  -11.956  28.881 0.7500000000
52531  43.280  -11.989  27.892 0.7500000000
53331  43.842  -11.920  27.127 0.8750000000
95807  43.119  -12.227  27.047 0.7500000000
52544  42.419  -12.421  26.444 1.0000000000
52543  43.356  -12.083  26.260 1.0000000000
105385  44.942  -11.593  26.377 0.8750000000
53341  44.284  -11.810  26.399 0.8750000000
53348  45.378  -11.236  25.881 1.0000000000
53349  44.571  -11.556  25.565 1.0000000000
53350  43.832  -11.829  25.692 0.8750000000
53358  44.427  -11.433  24.402 0.3750000000
52481  44.246  -12.278  33.835 0.3750000000
52491  44.178  -12.158  33.406 0.3750000000
52501  43.864  -11.728  32.416 0.3750000000
53300  43.729  -11.477  31.210 0.5000000000
52508  43.153  -11.845  30.726 0.5000000000
53310  43.842  -11.684  30.108 0.6250000000
53318  43.817  -11.820  29.437 0.6250000000
100046  44.062  -11.663  28.842 0.6250000000
106680  43.684  -11.804  28.396 0.7500000000
53330  44.811  -11.538  27.266 0.7500000000
53322  44.031  -11.643  27.964 0.7500000000
53329  45.660  -10.967  27.542 0.8750000000
53340  45.493  -11.165  26.698 0.8750000000
54121  46.020  -10.822  25.290 0.8750000000
53281  44.687  -11.711  33.581 0.3750000000
53289  44.525  -11.314  32.776 0.3750000000
53299  44.405  -11.049  31.600 0.5000000000
53309  44.445  -11.234  30.436 0.6250000000
53317  44.292  -11.467  29.615 0.6250000000
100045  44.625  -11.224  29.074 0.6250000000
53321  44.630  -11.333  28.307 0.6250000000
89854  45.230  -11.107  28.035 0.7500000000
53320  45.243  -11.012  28.807 0.6250000000
53339  46.291  -10.720  26.991 0.7500000000
54112  46.482  -10.699  27.870 0.7500000000
54120  46.909  -10.682  25.553 0.8750000000
53308  45.180  -10.870  30.767 0.6250000000
54088  45.873  -10.737  30.140 0.3750000000
53316  45.140  -11.060  29.744 0.6250000000
54100  45.946  -10.834  29.257 0.3750000000
54103  46.609  -10.681  28.714 0.3750000000
54104  45.889  -10.866  28.384 0.6250000000
100467  47.639  -10.263  27.514 0.3750000000
54117  47.009  -10.599  26.377 0.7500000000
54116  47.599  -10.330  26.651 0.7500000000
54119  47.569  -10.453  25.845 0.6250000000
54126  47.365  -10.432  25.050 0.8750000000
54099  46.508  -10.562  29.567 0.2500000000
54895  47.775  -9.733  29.570 0.1250000000
54102  47.286  -10.331  28.956 0.1250000000
100525  47.927  -9.924  28.814 0.1250000000
100585  48.110  -9.989  27.694 0.2500000000
54918  48.131  -10.116  26.131 0.6250000000
54087  46.352  -10.364  30.538 0.2500000000
54086  46.896  -9.784  31.009 0.1250000000
54098  46.992  -9.977  29.985 0.1250000000
54883  47.670  -9.500  30.534 0.1250000000
54894  48.375  -9.197  30.130 0.1250000000
98004  48.407  -9.338  29.213 0.1250000000
55658  49.000  -8.711  29.784 0.1250000000
54914  48.083  -9.978  26.968 0.6250000000
55650  48.925  -8.604  30.647 0.1250000000
54904  48.431  -9.628  28.278 0.2500000000
28431  3.299  -43.833  55.557 0.6250000000
27214  2.408  -45.878  54.921 0.6250000000
29168  3.549  -41.808  56.034 0.6250000000
28452  1.667  -43.974  52.992 0.2500000000
27213  2.851  -45.893  54.993 0.5000000000
26588  2.037  -46.408  54.681 0.5000000000
25830  4.656  -47.821  53.171 0.2500000000
25819  3.452  -48.140  54.017 0.2500000000
25820  2.684  -48.172  54.055 0.3750000000
91127  2.237  -48.284  53.655 0.3750000000
25831  1.955  -47.903  52.998 0.3750000000
30703  7.164  -39.794  56.224 0.6250000000
29923  5.797  -40.651  56.001 0.6250000000
27219  4.803  -45.173  53.861 0.6250000000
89220  1.684  -45.264  51.264 0.2500000000
25811  2.255  -46.958  54.669 0.3750000000
27220  4.214  -46.087  54.229 0.6250000000
101181  0.834  -43.615  50.015 0.2500000000
28488  1.112  -43.718  48.802 0.2500000000
106131  0.997  -43.367  49.414 0.2500000000
27797  1.357  -44.712  50.554 0.2500000000
27781  6.371  -43.952  52.390 0.3750000000
93300  1.714  -45.538  50.419 0.2500000000
29241  8.118  -42.659  48.004 0.1250000000
28487  7.677  -43.046  48.612 0.1250000000
28477  7.430  -43.587  49.439 0.1250000000
28468  6.844  -43.424  50.896 0.5000000000
28467  7.048  -43.839  50.330 0.2500000000
27788  6.384  -44.532  51.751 0.3750000000
29964  7.771  -41.094  49.933 0.6250000000
30784  8.536  -40.853  48.653 0.6250000000
30716  8.001  -39.420  53.763 0.7500000000
30739  7.519  -40.730  51.697 0.7500000000
29957  7.221  -41.554  51.341 0.7500000000
29958  7.062  -42.288  51.921 0.6250000000
31509  9.448  -39.787  48.517 0.6250000000
30792  9.902  -40.405  46.916 0.2500000000
31461  9.558  -38.940  53.625 0.7500000000
31462  8.792  -39.248  53.194 0.7500000000
30730  8.024  -40.039  52.052 0.7500000000
31466  8.724  -39.531  52.360 0.8750000000
32271  10.646  -38.887  47.754 0.5000000000
31508  10.004  -39.218  49.027 0.7500000000
32223  11.102  -38.533  53.671 0.6250000000
32218  10.922  -38.684  54.459 0.5000000000
100128  9.975  -38.853  52.399 0.8750000000
32227  10.300  -38.473  52.034 0.8750000000
31537  10.963  -39.372  45.882 0.3750000000
32288  10.886  -39.165  46.858 0.3750000000
106171  11.766  -37.860  46.482 0.3750000000
32235  10.359  -38.406  50.441 0.8750000000
32252  10.993  -38.104  49.194 1.0000000000
33095  12.980  -36.732  45.690 0.5000000000
93417  13.325  -37.011  45.027 0.5000000000
33044  12.018  -37.141  50.237 0.8750000000
93542  12.084  -37.304  50.945 0.7500000000
33051  12.165  -37.073  48.372 0.8750000000
33050  12.627  -36.443  47.868 0.7500000000
33907  13.372  -36.092  46.287 0.8750000000
33894  13.230  -35.907  49.664 0.7500000000
33902  13.893  -35.428  47.725 0.8750000000
33905  14.378  -35.055  45.843 1.0000000000
101877  13.818  -35.541  46.047 1.0000000000
100699  21.606  -36.523  37.944 0.1250000000
34018  19.092  -36.263  38.528 0.5000000000
34796  19.467  -35.696  38.121 0.5000000000
34002  19.481  -36.839  38.884 0.1250000000
34715  14.646  -34.849  48.985 0.7500000000
33923  14.568  -35.394  43.866 0.7500000000
35586  21.392  -34.040  37.337 0.3750000000
35587  20.645  -34.195  37.749 0.6250000000
35561  19.553  -34.183  38.755 0.7500000000
35562  19.010  -34.463  39.048 0.7500000000
35540  17.356  -34.241  42.468 0.6250000000
35548  17.397  -34.449  41.534 0.7500000000
34752  16.145  -35.226  42.212 0.7500000000
96327  18.100  -34.254  40.323 0.7500000000
35546  18.710  -33.690  40.777 0.8750000000
37138  22.208  -32.429  38.246 0.7500000000
36389  20.045  -33.402  39.603 0.7500000000
37128  21.574  -32.470  39.745 0.8750000000
36288  25.539  -33.149  46.564 0.5000000000
36295  28.327  -31.977  46.276 0.6250000000
37050  27.070  -31.999  45.488 0.7500000000
37051  25.693  -32.206  45.285 0.8750000000
102173  26.405  -32.048  45.199 0.7500000000
36312  24.795  -32.275  45.276 1.0000000000
36300  23.559  -32.639  45.776 0.8750000000
35517  23.197  -32.819  46.401 0.6250000000
35518  22.428  -32.772  46.286 0.8750000000
36302  22.109  -32.678  45.509 0.8750000000
37068  28.797  -30.800  44.337 0.8750000000
37069  27.747  -31.214  44.598 0.7500000000
98157  26.913  -31.694  44.729 0.7500000000
36326  22.912  -32.132  44.391 0.8750000000
36316  21.798  -32.552  44.807 0.8750000000
37056  30.864  -31.191  44.013 0.7500000000
37804  26.077  -31.173  43.510 1.0000000000
36327  22.417  -31.854  43.980 0.8750000000
92286  17.936  -33.046  46.107 0.8750000000
37079  29.403  -30.330  42.388 1.0000000000
37080  29.113  -30.469  43.371 1.0000000000
37803  26.872  -30.898  43.599 0.8750000000
99804  25.424  -31.310  43.525 1.0000000000
37081  24.749  -31.204  43.220 1.0000000000
93915  24.967  -31.622  43.895 1.0000000000
105615  22.474  -31.672  43.454 0.8750000000
37083  22.493  -31.583  42.923 1.0000000000
36341  22.045  -31.720  43.331 0.8750000000
104114  20.830  -32.192  43.482 0.8750000000
93186  20.210  -32.359  44.012 0.8750000000
36329  19.366  -32.772  43.668 0.8750000000
37829  28.405  -30.177  42.044 1.0000000000
100474  30.437  -30.764  41.668 1.0000000000
37098  30.487  -30.804  41.113 1.0000000000
105152  24.037  -31.149  42.897 1.0000000000
90533  22.738  -31.425  42.142 1.0000000000
36357  21.041  -31.969  42.131 0.7500000000
91390  19.635  -32.818  42.183 0.7500000000
37125  30.654  -31.462  39.884 1.0000000000
37843  29.836  -30.437  40.807 1.0000000000
37856  29.904  -30.704  40.081 1.0000000000
37845  28.101  -30.271  40.903 1.0000000000
37846  27.034  -30.345  41.083 0.8750000000
37832  25.333  -30.587  41.845 1.0000000000
37871  30.119  -31.217  38.553 1.0000000000
37136  30.679  -31.789  38.951 1.0000000000
37135  31.094  -32.241  38.321 1.0000000000
37897  30.627  -31.632  36.857 1.0000000000
37872  29.399  -30.613  38.777 1.0000000000
105173  29.634  -30.683  39.521 1.0000000000
37857  29.088  -30.365  39.780 1.0000000000
38574  26.970  -29.829  40.277 1.0000000000
37848  24.305  -30.703  40.580 0.8750000000
37833  24.452  -30.689  41.549 1.0000000000
37834  23.710  -30.862  41.149 1.0000000000
36373  20.900  -32.336  41.215 0.7500000000
37883  29.802  -30.985  37.044 1.0000000000
38584  27.398  -29.675  39.476 0.8750000000
38573  28.039  -29.976  40.316 0.8750000000
37116  22.228  -31.913  40.389 0.8750000000
38609  29.093  -30.274  36.798 1.0000000000
38611  27.119  -29.680  37.241 0.8750000000
38600  25.960  -29.883  38.379 0.8750000000
107173  26.856  -29.631  38.783 0.8750000000
37126  22.693  -31.898  38.675 0.7500000000
36356  31.388  -32.031  41.025 1.0000000000
37124  31.054  -32.029  39.728 1.0000000000
36409  32.032  -32.498  37.855 1.0000000000
102564  31.218  -32.034  36.671 0.8750000000
37165  31.516  -32.104  36.003 0.8750000000
37234  32.525  -32.962  32.849 0.7500000000
36353  33.490  -32.668  41.338 0.7500000000
37133  34.712  -31.791  38.654 0.8750000000
41807  30.694  -25.668  32.449 0.7500000000
103731  31.172  -24.346  33.314 1.0000000000
41771  34.593  -26.433  38.708 0.8750000000
41780  32.830  -26.362  36.761 1.0000000000
44013  32.268  -23.653  34.423 1.0000000000
44022  32.021  -23.261  33.685 1.0000000000
44023  31.445  -23.689  33.193 1.0000000000
44823  31.580  -23.085  31.354 0.8750000000
44042  31.173  -23.854  31.145 0.7500000000
89932  33.879  -23.187  36.221 1.0000000000
44002  33.804  -22.747  35.535 1.0000000000
44791  33.321  -22.589  34.883 1.0000000000
45557  33.614  -21.582  34.567 1.0000000000
44878  36.464  -22.874  27.296 0.1250000000
102503  34.409  -21.041  28.333 0.5000000000
96258  34.943  -19.123  31.417 1.0000000000
46318  35.051  -19.222  32.009 1.0000000000
47119  35.078  -18.641  29.916 1.0000000000
47823  39.474  -17.815  36.084 0.6250000000
47861  38.123  -17.773  32.139 1.0000000000
48605  37.526  -17.426  30.947 1.0000000000
50239  38.834  -15.097  25.822 0.3750000000
51051  40.245  -14.360  25.301 0.5000000000
51799  40.411  -13.615  25.712 0.6250000000
51063  40.707  -14.645  24.801 0.3750000000
51052  39.550  -14.751  25.513 0.6250000000
51062  41.352  -14.467  24.503 0.2500000000
51777  41.131  -13.105  27.672 0.8750000000
51768  39.844  -13.749  27.895 1.0000000000
51790  40.795  -13.071  26.463 0.7500000000
89742  41.281  -15.600  33.312 0.5000000000
50178  41.787  -14.994  32.423 0.8750000000
93299  45.189  -11.158  24.947 1.0000000000
53347  46.166  -10.822  26.138 0.8750000000
96902  47.066  -10.501  27.266 0.7500000000
54111  47.193  -10.498  28.123 0.3750000000
54905  47.778  -10.185  28.236 0.1250000000
33940  14.216  -36.203  43.220 0.6250000000
33172  19.310  -37.976  40.904 0.1250000000
97587  19.615  -37.679  40.195 0.1250000000
33186  18.856  -37.872  40.167 0.1250000000
32363  15.852  -38.069  41.040 0.1250000000
33924  13.907  -35.983  44.243 0.6250000000
33197  19.120  -37.444  39.517 0.2500000000
33198  18.365  -37.467  39.699 0.2500000000
33971  15.135  -36.585  41.886 0.6250000000
33939  14.791  -35.697  42.828 0.6250000000
34003  18.594  -36.706  39.056 0.2500000000
107336  18.601  -36.193  38.728 0.5000000000
93697  24.110  -31.277  37.549 0.7500000000
37873  23.775  -31.386  38.245 0.7500000000
37885  24.294  -31.426  36.921 0.6250000000
37886  23.729  -31.825  37.351 0.7500000000
32344  18.221  -38.936  42.374 0.1250000000
32343  18.991  -38.345  41.431 0.1250000000
94856  18.261  -38.620  41.516 0.1250000000
32362  17.381  -38.659  41.449 0.1250000000
32361  18.559  -38.180  40.808 0.1250000000
32374  17.700  -38.179  40.703 0.1250000000
32375  16.701  -38.253  40.885 0.1250000000
33187  18.254  -37.879  40.288 0.1250000000
33189  16.919  -37.570  40.374 0.2500000000
107166  16.227  -37.607  40.719 0.2500000000
34004  17.722  -36.722  39.504 0.2500000000
33987  16.996  -36.734  40.037 0.2500000000
33988  16.312  -36.744  40.691 0.2500000000
33970  15.783  -36.153  41.528 0.6250000000
33938  15.547  -35.503  42.481 0.6250000000
34758  16.335  -35.710  41.252 0.5000000000
34767  18.057  -35.903  39.027 0.6250000000
34768  17.263  -35.769  39.865 0.6250000000
37900  25.440  -31.248  36.160 0.6250000000
37884  24.905  -30.879  36.630 0.6250000000
38602  24.393  -30.907  38.314 0.7500000000
35553  17.891  -34.935  39.622 0.6250000000
38601  25.027  -30.375  38.293 0.7500000000
38586  24.780  -30.512  39.078 0.7500000000
38613  25.295  -30.239  37.298 0.7500000000
37899  26.078  -31.231  35.693 0.6250000000
38612  26.160  -29.813  37.237 0.7500000000
38632  25.780  -30.434  36.356 0.7500000000
37186  27.305  -32.186  34.863 0.5000000000
38631  26.481  -30.457  35.851 0.7500000000
37187  26.669  -31.631  35.276 0.5000000000
92971  26.763  -29.693  37.997 0.7500000000
37184  31.736  -32.255  35.128 0.7500000000
37208  30.973  -32.570  34.173 0.7500000000
104689  30.121  -32.463  34.024 0.6250000000
103918  26.520  -29.932  36.504 0.7500000000
105614  30.810  -33.094  33.505 0.7500000000
96742  30.577  -33.692  33.361 0.6250000000
36467  29.907  -33.534  33.710 0.6250000000
37210  29.431  -32.875  33.879 0.5000000000
37212  27.869  -31.979  34.474 0.5000000000
37922  27.441  -31.337  34.857 0.6250000000
37923  26.754  -30.927  35.346 0.5000000000
37921  28.506  -31.409  34.617 0.6250000000
37224  31.245  -33.416  33.122 0.5000000000
37185  31.002  -32.016  35.086 0.7500000000
37209  30.369  -32.102  34.491 0.6250000000
37938  29.516  -31.895  34.307 0.6250000000
106161  27.967  -30.929  34.919 0.6250000000
38646  26.918  -30.447  35.584 0.7500000000
37919  30.243  -31.625  35.111 0.6250000000
38645  27.593  -30.551  35.376 0.6250000000
34703  14.659  -34.918  50.013 0.6250000000
99077  21.399  -33.245  46.795 0.6250000000
91498  30.815  -31.778  35.961 0.7500000000
38630  27.292  -29.945  36.184 0.6250000000
37898  30.083  -31.240  36.005 0.6250000000
38628  29.304  -30.614  36.027 0.6250000000
38644  28.612  -30.718  35.328 0.6250000000
38629  28.388  -30.172  36.110 0.6250000000
37920  29.433  -31.118  35.140 0.6250000000
34702  15.371  -34.467  49.389 0.6250000000
95257  20.222  -33.540  48.060 0.5000000000
35484  17.671  -33.546  48.584 0.5000000000
34713  16.059  -34.270  48.476 0.7500000000
34714  15.398  -34.545  48.551 0.7500000000
35510  20.831  -33.417  47.348 0.5000000000
35511  19.774  -33.223  47.183 0.5000000000
35500  18.312  -33.509  48.033 0.6250000000
35501  17.408  -33.520  47.666 0.6250000000
34722  16.147  -34.198  47.996 0.7500000000
35512  18.445  -33.304  47.131 0.6250000000
104088  16.333  -33.759  47.186 0.6250000000
35520  20.590  -33.027  46.371 0.7500000000
102179  19.146  -32.999  46.083 0.7500000000
102560  16.860  -33.731  48.032 0.6250000000
38610  28.233  -29.901  37.231 0.7500000000
107394  33.649  -32.818  41.016 0.7500000000
36367  34.870  -32.386  41.036 0.6250000000
36383  34.742  -32.429  40.268 0.6250000000
105529  35.034  -31.999  39.945 0.6250000000
36384  34.659  -32.467  39.559 0.6250000000
37146  34.777  -31.414  38.154 0.8750000000
37112  35.235  -31.984  40.592 0.6250000000
37111  35.490  -31.512  40.167 0.7500000000
37122  35.029  -31.792  39.406 0.7500000000
37870  35.155  -31.259  38.849 0.7500000000
37881  35.007  -31.028  38.007 0.8750000000
38608  35.058  -30.630  37.926 0.6250000000
37096  35.472  -31.962  41.350 0.5000000000
94393  35.648  -31.452  40.936 0.5000000000
37855  35.410  -31.338  39.596 0.6250000000
37869  35.493  -30.960  39.420 0.6250000000
38596  35.321  -30.755  38.652 0.6250000000
97528  35.059  -30.283  37.884 0.7500000000
41817  30.805  -26.565  32.055 0.6250000000
42596  30.861  -25.857  31.796 0.6250000000
44844  31.677  -23.355  30.660 0.5000000000
37842  36.137  -31.074  40.846 0.3750000000
37854  35.729  -31.030  40.204 0.3750000000
38582  35.751  -30.770  40.091 0.6250000000
95134  35.563  -30.566  39.245 0.5000000000
39402  35.385  -30.278  38.521 0.7500000000
38572  36.517  -30.865  40.817 0.1250000000
95680  35.723  -30.454  39.842 0.5000000000
48569  40.308  -17.004  33.418 0.7500000000
102793  37.068  -30.499  41.125 0.1250000000
38581  36.107  -30.558  40.601 0.3750000000
39389  35.760  -29.940  40.128 0.5000000000
97250  35.399  -29.622  38.899 0.6250000000
51707  41.307  -13.369  37.335 0.2500000000
50957  40.948  -14.293  37.287 0.2500000000
89255  40.444  -15.363  36.060 0.2500000000
96221  40.501  -15.882  35.434 0.3750000000
51712  41.777  -12.848  36.351 0.2500000000
51713  41.179  -13.606  36.233 0.2500000000
50959  40.700  -14.442  36.131 0.2500000000
50149  40.764  -15.222  34.733 0.3750000000
49320  40.513  -16.436  33.914 0.6250000000
51718  42.058  -13.198  35.255 0.2500000000
50961  41.366  -13.995  35.190 0.2500000000
49319  40.772  -15.817  34.148 0.3750000000
50965  41.547  -14.560  34.434 0.2500000000
50161  41.863  -15.059  33.265 0.2500000000
39388  36.175  -29.822  40.994 0.2500000000
40210  35.559  -29.229  39.647 0.3750000000
50954  41.316  -14.510  38.350 0.2500000000
96439  41.163  -13.928  37.867 0.2500000000
50147  40.759  -15.093  36.975 0.2500000000
49313  40.488  -16.261  36.708 0.3750000000
105595  40.283  -16.177  35.976 0.3750000000
48556  39.576  -16.937  35.852 0.6250000000
52430  41.745  -12.660  37.206 0.2500000000
49315  40.199  -16.331  35.187 0.3750000000
48562  39.889  -16.903  34.552 0.7500000000
50960  42.459  -13.708  34.266 0.2500000000
50977  42.413  -14.507  33.225 0.3750000000
50964  42.236  -14.494  33.685 0.2500000000
40201  36.192  -28.692  41.274 0.2500000000
52421  41.666  -12.889  38.013 0.2500000000
48553  40.005  -17.520  36.766 0.5000000000
52440  42.360  -12.292  36.620 0.2500000000
48555  40.000  -16.614  36.445 0.3750000000
52452  42.717  -12.550  35.547 0.2500000000
51717  43.082  -12.841  34.552 0.3750000000
51722  43.275  -13.066  33.943 0.3750000000
50976  42.813  -13.798  33.608 0.3750000000
53241  43.279  -11.865  35.864 0.2500000000
51721  43.778  -12.513  34.288 0.3750000000
51731  43.253  -13.202  33.633 0.3750000000
52451  43.616  -12.302  34.955 0.3750000000
46272  37.175  -20.259  36.847 0.7500000000
46281  37.629  -19.926  36.197 0.7500000000
34757  16.868  -35.228  40.854 0.6250000000
36304  20.011  -32.834  45.448 0.7500000000
35513  17.175  -33.371  46.622 0.7500000000
36369  33.539  -32.997  40.446 0.7500000000
36368  34.225  -32.749  40.726 0.6250000000
38627  34.391  -30.502  37.217 0.8750000000
43319  31.115  -24.730  31.079 0.6250000000
99068  40.905  -16.063  33.395 0.6250000000
103609  31.308  -32.925  33.576 0.7500000000
50152  41.515  -15.180  33.825 0.3750000000
33188  17.648  -37.523  40.022 0.2500000000
38614  24.575  -30.790  37.422 0.6250000000
37151  23.956  -32.229  36.938 0.6250000000
32345  17.332  -39.125  42.332 0.1250000000
32346  16.411  -38.759  41.663 0.1250000000
33173  15.682  -37.185  41.113 0.5000000000
34769  16.721  -36.057  40.514 0.5000000000
37225  30.276  -33.078  33.723 0.6250000000
37211  28.593  -32.347  34.186 0.6250000000
36453  28.660  -33.261  34.087 0.3750000000
35499  19.220  -33.490  47.968 0.5000000000
39396  35.606  -30.084  39.272 0.6250000000
96408  40.809  -14.657  35.237 0.2500000000
39372  36.941  -29.352  41.614 0.2500000000
24289  3.155  -49.932  47.146 0.1250000000
24296  2.716  -49.521  46.864 0.1250000000
24295  3.245  -49.671  46.780 0.1250000000
25143  2.853  -49.245  46.398 0.1250000000
25150  2.891  -48.641  45.744 0.1250000000
23416  3.094  -50.340  48.000 0.1250000000
104486  2.783  -49.720  47.153 0.1250000000
25130  2.374  -49.330  47.037 0.1250000000
25870  2.012  -48.577  47.022 0.1250000000
25144  2.276  -48.823  46.470 0.1250000000
25886  1.794  -48.032  46.405 0.1250000000
25151  2.086  -48.151  45.642 0.1250000000
25904  2.725  -47.926  44.891 0.1250000000
22556  2.960  -51.431  50.213 0.1250000000
24265  2.352  -50.132  51.171 0.1250000000
24272  2.867  -49.631  50.289 0.1250000000
96238  2.877  -50.162  49.417 0.1250000000
24275  2.999  -49.300  49.421 0.1250000000
94098  2.871  -48.309  49.265 0.1250000000
25120  2.852  -49.094  48.408 0.1250000000
94330  2.622  -47.425  49.141 0.1250000000
26626  1.760  -47.171  46.567 0.1250000000
26627  1.766  -46.414  46.332 0.1250000000
25887  1.708  -47.372  45.668 0.1250000000
25905  2.079  -47.655  45.031 0.1250000000
23395  2.520  -50.792  51.169 0.1250000000
24252  2.501  -50.117  52.097 0.1250000000
25839  1.736  -47.984  52.136 0.1250000000
25840  1.723  -47.158  52.663 0.1250000000
25101  2.691  -49.039  51.204 0.1250000000
25849  2.816  -47.619  50.105 0.1250000000
26618  2.172  -46.794  48.563 0.1250000000
26622  1.851  -46.474  47.195 0.1250000000
27244  1.787  -45.512  46.201 0.1250000000
26653  1.757  -45.723  44.881 0.1250000000
26637  1.810  -47.138  44.852 0.1250000000
26652  1.905  -46.508  44.345 0.1250000000
25919  2.296  -47.402  44.385 0.1250000000
24239  2.960  -49.892  54.001 0.2500000000
23380  2.669  -50.964  52.838 0.1250000000
23377  2.366  -50.317  52.909 0.1250000000
25071  2.576  -49.106  53.698 0.2500000000
97589  2.330  -49.357  52.051 0.2500000000
25832  1.938  -47.444  53.734 0.2500000000
25091  2.147  -48.643  51.901 0.2500000000
25844  2.568  -47.998  51.187 0.1250000000
26609  1.925  -47.063  51.602 0.1250000000
94647  1.648  -46.586  52.067 0.1250000000
26612  2.468  -47.074  50.701 0.1250000000
26613  2.118  -46.350  50.646 0.1250000000
26619  1.652  -45.987  48.547 0.1250000000
101664  1.910  -46.009  49.904 0.1250000000
27242  1.673  -45.627  47.034 0.1250000000
95007  1.574  -45.810  47.837 0.1250000000
27816  1.828  -44.549  45.974 0.1250000000
27246  1.806  -45.408  45.508 0.1250000000
27245  1.897  -44.860  45.029 0.1250000000
27253  1.930  -45.310  44.130 0.1250000000
26651  2.575  -46.928  43.799 0.1250000000
26666  2.310  -46.116  43.542 0.1250000000
25821  2.298  -47.497  54.278 0.2500000000
25822  2.003  -47.028  54.401 0.2500000000
27803  1.070  -44.702  48.715 0.1250000000
93071  1.416  -45.480  49.027 0.1250000000
27812  1.497  -44.746  46.842 0.1250000000
27240  1.317  -45.382  48.382 0.1250000000
28502  1.552  -43.836  46.703 0.1250000000
27815  1.942  -43.606  46.043 0.1250000000
91188  2.462  -43.139  46.020 0.1250000000
105477  2.104  -44.121  45.358 0.1250000000
28512  2.372  -43.624  45.277 0.1250000000
27821  2.114  -44.203  44.462 0.1250000000
101286  2.055  -44.571  43.690 0.1250000000
27827  2.282  -44.460  42.957 0.1250000000
27264  2.253  -45.249  43.258 0.1250000000
27263  2.779  -45.811  42.882 0.1250000000
104167  1.264  -44.182  47.348 0.1250000000
28496  1.561  -43.367  47.489 0.1250000000
94628  2.800  -43.265  43.561 0.1250000000
95666  2.256  -43.865  43.650 0.1250000000
94594  2.447  -44.412  42.091 0.1250000000
27275  3.178  -45.559  42.163 0.1250000000
27840  2.868  -45.006  41.551 0.1250000000
28552  2.749  -43.569  40.378 0.1250000000
29217  1.219  -42.540  51.770 0.1250000000
104214  1.470  -43.275  48.317 0.1250000000
95405  1.092  -42.841  49.935 0.1250000000
28495  1.950  -43.042  46.673 0.1250000000
29231  2.352  -42.159  49.135 0.1250000000
29232  1.971  -42.348  49.725 0.1250000000
29253  2.232  -42.489  47.439 0.1250000000
89404  2.642  -41.931  48.323 0.1250000000
30053  4.133  -42.041  44.686 0.1250000000
29280  2.825  -43.084  45.237 0.1250000000
28521  2.540  -43.511  44.428 0.1250000000
29293  3.265  -42.785  44.344 0.1250000000
28529  2.558  -43.563  42.709 0.1250000000
29305  3.025  -42.921  42.789 0.1250000000
89646  2.684  -42.900  42.164 0.1250000000
28535  2.440  -43.664  41.772 0.1250000000
29316  3.258  -42.254  42.406 0.1250000000
89680  2.552  -42.250  41.728 0.1250000000
89907  2.432  -43.059  41.398 0.1250000000
28540  2.415  -43.879  40.863 0.1250000000
91096  2.533  -44.363  41.388 0.1250000000
91253  2.439  -43.174  40.714 0.1250000000
29325  2.261  -42.471  40.998 0.1250000000
29209  1.328  -42.640  52.670 0.1250000000
29981  1.772  -42.204  50.284 0.1250000000
99995  2.689  -42.393  46.690 0.1250000000
30027  3.514  -41.738  47.047 0.1250000000
29279  3.495  -42.429  45.360 0.1250000000
97703  3.867  -42.218  43.854 0.1250000000
29304  3.469  -42.651  43.271 0.1250000000
30065  4.008  -41.982  43.004 0.1250000000
30078  3.606  -41.408  42.384 0.1250000000
30079  2.878  -41.516  41.888 0.1250000000
30092  2.337  -41.650  41.282 0.1250000000
29332  2.602  -42.724  40.326 0.1250000000
29195  1.907  -42.509  54.037 0.3750000000
94822  1.821  -41.951  53.362 0.3750000000
29959  1.403  -41.771  51.450 0.1250000000
29946  1.829  -41.206  52.724 0.2500000000
104444  2.910  -40.870  49.698 0.1250000000
30751  1.788  -40.865  51.284 0.1250000000
29997  3.346  -41.244  48.337 0.1250000000
30750  2.467  -40.632  50.461 0.1250000000
89033  4.146  -41.369  46.738 0.1250000000
30010  3.785  -41.215  47.562 0.1250000000
30786  3.302  -40.451  48.962 0.1250000000
30042  4.358  -41.619  45.675 0.1250000000
101583  3.460  -41.991  46.242 0.1250000000
30064  4.517  -41.537  43.873 0.1250000000
30077  4.314  -41.216  42.903 0.1250000000
33925  13.683  -36.403  44.934 0.5000000000
33117  13.492  -36.962  44.267 0.3750000000
30840  2.709  -40.938  41.447 0.1250000000
29917  3.947  -40.886  56.460 0.5000000000
29926  3.116  -41.072  56.198 0.5000000000
29933  2.489  -41.103  54.496 0.3750000000
101966  2.399  -41.055  53.825 0.3750000000
30726  1.927  -40.129  52.976 0.2500000000
30740  1.621  -40.131  51.799 0.1250000000
30771  3.003  -39.950  49.774 0.1250000000
31490  2.445  -39.533  50.259 0.1250000000
31511  3.028  -39.200  49.041 0.1250000000
89526  16.590  -33.951  49.214 0.5000000000
92349  15.834  -34.319  49.097 0.5000000000
30785  3.879  -40.502  48.139 0.1250000000
31510  3.723  -39.550  48.555 0.1250000000
102020  4.339  -40.456  47.210 0.1250000000
31528  4.198  -39.613  47.930 0.1250000000
101053  3.813  -38.983  48.165 0.1250000000
30052  4.874  -41.319  44.848 0.1250000000
30041  4.722  -40.783  46.253 0.1250000000
30821  5.138  -40.905  44.287 0.1250000000
30040  4.998  -40.947  45.475 0.1250000000
30825  5.030  -40.845  43.394 0.1250000000
30830  3.926  -40.666  42.314 0.1250000000
29916  4.748  -40.718  56.595 0.5000000000
29167  4.395  -41.678  56.319 0.5000000000
106781  2.506  -40.360  55.578 0.3750000000
30719  2.357  -40.144  54.200 0.3750000000
31459  1.970  -39.166  54.040 0.3750000000
30732  1.621  -40.180  52.488 0.1250000000
32224  1.325  -38.541  53.286 0.1250000000
34679  16.895  -34.508  51.561 0.2500000000
34670  16.530  -34.739  52.418 0.2500000000
34680  15.878  -34.659  51.681 0.3750000000
31471  1.263  -39.416  52.298 0.1250000000
32228  1.099  -38.708  52.849 0.1250000000
89618  1.447  -39.312  51.472 0.1250000000
89712  16.681  -34.013  50.100 0.5000000000
34689  16.240  -34.502  50.715 0.3750000000
93070  15.499  -34.551  50.188 0.3750000000
34690  15.254  -34.884  50.908 0.3750000000
31491  2.073  -38.802  49.808 0.1250000000
32241  1.521  -38.424  50.108 0.1250000000
31512  2.434  -38.540  49.229 0.1250000000
34712  16.696  -33.840  48.635 0.5000000000
31527  4.415  -39.426  47.207 0.1250000000
30813  5.261  -40.256  45.695 0.1250000000
35582  26.432  -34.464  37.436 0.1250000000
30699  5.128  -39.720  56.801 0.5000000000
30700  4.393  -39.760  56.793 0.5000000000
30695  3.787  -39.298  56.777 0.5000000000
30698  5.630  -39.586  56.679 0.5000000000
31449  3.075  -39.141  56.368 0.3750000000
30706  2.507  -39.639  55.679 0.3750000000
32215  2.240  -38.028  55.310 0.3750000000
32220  1.388  -37.650  54.445 0.2500000000
34671  15.672  -35.071  52.592 0.3750000000
34681  14.924  -35.205  51.851 0.3750000000
93813  17.438  -34.557  52.278 0.2500000000
32233  0.698  -38.020  51.600 0.1250000000
32232  0.915  -38.760  51.996 0.1250000000
34688  17.233  -34.223  50.786 0.2500000000
34691  14.497  -35.534  50.951 0.5000000000
34700  17.392  -33.697  49.966 0.3750000000
88831  17.485  -33.594  49.204 0.5000000000
34807  22.510  -35.154  36.957 0.1250000000
34806  23.281  -35.254  37.029 0.1250000000
35584  23.049  -34.381  36.851 0.1250000000
35583  25.687  -34.421  37.429 0.1250000000
98297  24.992  -34.299  37.327 0.1250000000
34805  24.171  -34.753  37.098 0.1250000000
35596  26.719  -33.913  36.749 0.1250000000
36410  25.925  -33.750  36.878 0.1250000000
34820  28.587  -35.314  36.418 0.2500000000
35594  28.095  -34.700  35.961 0.2500000000
34818  29.817  -36.014  35.993 0.1250000000
106373  29.075  -35.681  35.958 0.2500000000
35603  28.390  -34.431  35.028 0.2500000000
34851  29.747  -35.254  34.519 0.1250000000
34829  29.408  -35.531  35.286 0.2500000000
34850  30.451  -35.556  34.386 0.1250000000
89260  6.801  -38.745  57.182 0.5000000000
30691  6.472  -38.596  57.303 0.3750000000
99467  6.423  -39.328  56.734 0.5000000000
90800  17.126  -34.897  54.135 0.2500000000
33870  16.659  -35.169  53.678 0.2500000000
33862  15.832  -35.557  53.884 0.2500000000
33863  15.023  -35.819  54.028 0.2500000000
90224  14.616  -36.059  53.396 0.5000000000
34668  17.751  -34.551  52.831 0.2500000000
33871  16.230  -35.231  53.234 0.2500000000
33872  15.020  -35.554  52.762 0.3750000000
33881  18.355  -34.286  52.282 0.3750000000
33873  14.393  -35.853  52.377 0.5000000000
89989  13.723  -36.224  51.880 0.5000000000
34678  18.796  -33.732  51.428 0.3750000000
34687  18.263  -33.837  50.609 0.3750000000
33882  14.280  -35.805  51.576 0.5000000000
34699  18.312  -33.731  49.784 0.3750000000
36414  22.083  -33.529  37.190 0.2500000000
36412  23.613  -33.391  36.890 0.1250000000
36411  25.139  -33.628  37.057 0.1250000000
36426  24.499  -32.861  36.864 0.1250000000
35604  27.741  -33.936  35.499 0.2500000000
35595  27.423  -34.231  36.464 0.1250000000
35602  29.052  -34.855  34.717 0.2500000000
34864  31.439  -34.944  33.403 0.2500000000
35620  30.152  -34.839  33.949 0.1250000000
35634  32.869  -34.479  32.808 0.2500000000
34863  32.391  -35.118  33.257 0.2500000000
35633  33.752  -34.484  32.904 0.2500000000
35644  33.304  -33.930  32.544 0.2500000000
31448  7.676  -39.158  56.554 0.5000000000
34643  19.011  -34.195  55.779 0.2500000000
96708  18.575  -34.341  55.682 0.2500000000
34644  17.801  -34.530  55.733 0.2500000000
34645  16.969  -35.052  55.949 0.2500000000
34649  19.047  -34.419  55.364 0.2500000000
34650  18.148  -34.513  55.492 0.2500000000
33841  17.216  -34.783  55.805 0.2500000000
98706  16.012  -35.507  55.996 0.2500000000
34656  19.414  -34.524  54.796 0.2500000000
33845  18.551  -34.622  54.984 0.2500000000
33846  17.485  -34.747  55.225 0.2500000000
33848  15.741  -35.413  55.286 0.2500000000
33855  15.088  -35.998  55.213 0.2500000000
89888  14.795  -36.164  54.588 0.2500000000
33851  19.513  -34.379  54.172 0.2500000000
33860  18.906  -34.289  53.664 0.2500000000
98761  18.084  -34.471  53.945 0.2500000000
89971  16.193  -35.323  54.258 0.2500000000
89364  15.340  -35.677  54.486 0.2500000000
33029  14.031  -36.830  54.569 0.5000000000
33868  19.020  -34.151  52.818 0.2500000000
33869  18.300  -34.372  53.173 0.2500000000
33864  14.493  -36.332  54.050 0.5000000000
33034  13.083  -37.000  53.155 0.5000000000
33880  19.302  -33.762  52.011 0.3750000000
33874  13.714  -36.371  52.814 0.5000000000
33037  13.028  -36.759  52.218 0.5000000000
34711  18.475  -33.631  49.299 0.3750000000
35483  18.775  -33.521  48.735 0.3750000000
36413  22.711  -33.485  37.008 0.2500000000
36424  26.232  -32.947  36.213 0.1250000000
36432  27.445  -33.108  35.072 0.2500000000
36433  26.728  -32.551  35.537 0.2500000000
35622  28.738  -34.104  34.210 0.2500000000
35621  29.441  -34.497  34.043 0.2500000000
92881  31.248  -34.010  32.961 0.3750000000
35636  30.647  -34.414  33.443 0.2500000000
35645  32.595  -33.965  32.606 0.3750000000
36483  34.991  -32.884  31.820 0.3750000000
36199  18.050  -33.700  56.556 0.2500000000
35384  17.079  -34.130  56.694 0.2500000000
35385  16.288  -34.598  56.887 0.2500000000
35394  18.714  -33.908  56.223 0.2500000000
35395  17.835  -34.217  56.256 0.2500000000
34638  16.583  -34.880  56.443 0.2500000000
33835  16.096  -35.356  56.483 0.2500000000
33836  15.702  -35.593  56.854 0.2500000000
33837  15.024  -35.771  57.201 0.2500000000
33842  16.380  -35.226  56.262 0.2500000000
33843  15.835  -35.564  56.516 0.2500000000
33844  15.351  -35.893  56.665 0.2500000000
33849  15.382  -35.848  56.036 0.2500000000
33026  14.758  -36.263  55.741 0.2500000000
97220  13.263  -37.322  53.993 0.5000000000
89078  19.350  -33.854  50.508 0.3750000000
95750  20.236  -33.984  49.473 0.3750000000
34710  19.320  -33.757  49.343 0.3750000000
101242  30.792  -31.804  46.477 0.3750000000
94642  29.148  -31.930  46.711 0.3750000000
36294  29.991  -31.861  46.271 0.3750000000
106576  29.910  -31.569  45.600 0.6250000000
37152  23.166  -32.601  37.298 0.3750000000
37137  22.706  -32.298  37.839 0.5000000000
37901  24.838  -31.890  36.534 0.1250000000
36425  25.395  -32.836  36.574 0.2500000000
37166  26.217  -32.114  35.710 0.2500000000
37167  25.701  -32.070  36.087 0.1250000000
36431  28.140  -33.616  34.620 0.2500000000
36452  29.295  -33.744  33.833 0.3750000000
37223  31.905  -32.975  33.189 0.7500000000
35635  32.032  -34.321  32.814 0.3750000000
37243  35.585  -32.315  31.570 0.2500000000
33829  15.571  -34.809  57.880 0.2500000000
101245  15.331  -35.332  57.531 0.2500000000
107622  20.531  -33.808  48.780 0.3750000000
35482  19.739  -33.599  48.796 0.3750000000
36283  30.804  -31.901  47.146 0.3750000000
102971  31.525  -31.806  46.950 0.3750000000
90201  31.575  -31.778  46.541 0.3750000000
89040  31.652  -31.633  45.607 0.3750000000
36323  32.869  -32.145  43.536 0.3750000000
36338  32.808  -32.083  42.441 0.5000000000
89355  33.425  -32.222  42.624 0.5000000000
37874  23.149  -31.820  37.988 0.6250000000
37964  35.296  -31.771  31.144 0.1250000000
37244  34.807  -32.090  31.538 0.2500000000
34721  21.159  -33.851  48.253 0.3750000000
36282  31.865  -31.928  46.736 0.3750000000
90029  32.861  -31.976  46.164 0.2500000000
36292  33.404  -32.180  45.562 0.2500000000
36309  32.947  -31.956  44.640 0.2500000000
36310  32.349  -31.762  44.573 0.2500000000
104238  33.560  -32.207  44.639 0.2500000000
36352  34.259  -32.551  41.445 0.5000000000
37954  34.214  -31.558  31.813 0.5000000000
90349  21.667  -33.539  47.519 0.3750000000
36289  24.809  -33.206  46.481 0.5000000000
35509  22.066  -33.214  46.860 0.5000000000
36281  32.484  -31.824  46.669 0.2500000000
90202  32.226  -31.795  46.483 0.2500000000
35506  24.398  -33.513  47.016 0.3750000000
35507  23.629  -33.290  47.066 0.3750000000
35508  22.817  -33.175  47.000 0.5000000000
40265  32.929  -29.309  32.755 0.5000000000
40266  32.345  -28.809  33.270 0.5000000000
41047  31.542  -28.163  32.781 0.6250000000
41048  30.881  -27.386  32.571 0.6250000000
51826  44.880  -13.969  22.884 0.1250000000
51816  44.022  -14.083  23.142 0.1250000000
95171  44.095  -13.372  23.043 0.1250000000
51817  43.355  -13.668  23.422 0.2500000000
51825  45.629  -13.472  22.388 0.1250000000
52574  44.863  -13.095  22.662 0.1250000000
51831  46.981  -13.235  21.587 0.1250000000
52572  46.225  -12.987  21.891 0.1250000000
52565  44.258  -12.504  23.163 0.2500000000
52566  43.476  -12.721  23.565 0.2500000000
52581  46.719  -12.526  21.377 0.1250000000
52573  45.547  -12.677  22.274 0.1250000000
52582  46.123  -12.213  21.867 0.1250000000
53372  45.001  -12.264  22.790 0.1250000000
53371  45.574  -11.847  22.404 0.1250000000
53381  46.575  -11.743  21.384 0.1250000000
54153  47.080  -10.531  20.857 0.1250000000
53357  45.025  -11.103  23.844 0.2500000000
53365  44.582  -11.750  23.461 0.2500000000
53370  46.171  -11.345  22.102 0.1250000000
53391  46.938  -11.285  20.936 0.1250000000
93575  47.691  -10.133  20.164 0.1250000000
54128  45.747  -10.760  24.269 0.5000000000
54136  45.602  -10.927  23.305 0.3750000000
53364  45.192  -11.489  23.013 0.2500000000
54145  45.685  -11.263  22.675 0.2500000000
54151  46.690  -10.968  21.479 0.2500000000
54135  46.287  -10.548  23.695 0.5000000000
54929  47.460  -9.787  23.301 0.6250000000
54134  47.062  -10.277  24.118 0.5000000000
106494  47.522  -9.674  22.549 0.1250000000
54143  46.683  -10.295  23.059 0.3750000000
54144  46.082  -10.761  22.777 0.3750000000
54932  47.465  -9.685  21.878 0.1250000000
103708  47.025  -10.053  22.377 0.3750000000
93799  46.528  -10.608  22.195 0.3750000000
54937  48.050  -9.276  20.560 0.1250000000
54935  47.338  -9.780  20.950 0.1250000000
30104  2.221  -41.829  40.530 0.1250000000
29178  2.461  -41.946  55.000 0.3750000000
29186  2.131  -42.630  54.815 0.3750000000
29915  5.279  -40.472  56.500 0.5000000000
29202  1.543  -42.646  53.403 0.1250000000
24240  2.375  -49.803  53.398 0.2500000000
29914  5.815  -39.948  56.427 0.5000000000
27239  1.611  -45.606  49.618 0.1250000000
100523  8.201  -42.021  47.932 0.1250000000
30702  7.942  -39.528  55.946 0.5000000000
35585  22.217  -34.259  36.979 0.2500000000
37153  22.423  -32.887  37.424 0.3750000000
36324  32.285  -31.842  43.338 0.5000000000
40967  36.432  -27.818  41.473 0.1250000000
26602  1.721  -46.393  52.719 0.1250000000
25070  3.185  -49.057  53.992 0.2500000000
95946  1.896  -46.084  51.372 0.1250000000
90451  1.524  -42.827  49.035 0.1250000000
54127  46.682  -10.623  24.723 0.7500000000
36454  27.990  -32.758  34.455 0.2500000000
34701  16.071  -34.302  49.749 0.3750000000
24281  2.806  -49.717  47.585 0.1250000000
99891  2.913  -50.014  48.553 0.1250000000
25111  3.015  -48.630  50.316 0.1250000000
25858  2.530  -48.054  48.112 0.1250000000
90722  2.484  -49.038  47.491 0.1250000000
26621  2.014  -47.422  47.373 0.1250000000
26638  1.693  -46.358  45.356 0.1250000000
95151  1.881  -46.498  47.956 0.1250000000
26616  1.799  -46.057  49.224 0.1250000000
26615  2.309  -46.679  49.750 0.1250000000
22536  3.163  -51.555  52.623 0.1250000000
102036  2.161  -49.618  52.879 0.2500000000
27809  1.179  -44.901  47.740 0.1250000000
27276  2.565  -45.152  42.437 0.1250000000
95018  1.058  -44.030  48.020 0.1250000000
27854  2.850  -44.559  40.856 0.1250000000
27853  3.335  -44.843  41.027 0.1250000000
29243  1.987  -42.655  48.260 0.1250000000
29223  1.107  -42.461  50.835 0.1250000000
29998  2.899  -41.417  49.115 0.1250000000
29980  2.477  -41.703  49.971 0.1250000000
104484  2.961  -42.670  45.945 0.1250000000
29966  1.807  -41.625  50.769 0.1250000000
97579  1.440  -41.934  52.231 0.1250000000
30011  3.029  -41.786  47.598 0.1250000000
105635  2.168  -41.754  53.704 0.3750000000
93790  2.338  -41.886  54.258 0.3750000000
94741  1.535  -42.144  52.918 0.2500000000
29953  1.589  -41.033  51.992 0.1250000000
29927  2.586  -41.056  55.461 0.3750000000
30712  2.382  -40.260  54.988 0.3750000000
97293  2.189  -40.113  53.510 0.3750000000
29940  2.190  -41.069  53.273 0.3750000000
31474  1.970  -39.918  51.005 0.1250000000
93200  1.793  -39.080  50.589 0.1250000000
91654  2.619  -39.180  49.621 0.1250000000
30803  4.867  -39.942  46.530 0.1250000000
30820  5.439  -40.620  44.942 0.1250000000
30829  4.544  -40.446  42.666 0.1250000000
29918  3.539  -40.203  56.568 0.5000000000
30705  2.865  -40.269  56.197 0.5000000000
101609  3.284  -39.780  56.541 0.5000000000
31455  2.379  -39.093  54.858 0.3750000000
32219  1.549  -38.321  53.791 0.2500000000
31463  1.756  -39.187  53.351 0.2500000000
31467  1.494  -39.308  52.906 0.1250000000
32236  1.255  -38.567  51.054 0.1250000000
30692  5.732  -38.977  57.084 0.5000000000
30693  4.901  -39.059  57.254 0.3750000000
30697  6.172  -39.095  56.859 0.5000000000
31450  2.572  -38.633  55.756 0.3750000000
94894  1.937  -38.231  54.546 0.2500000000
34669  17.064  -34.871  53.000 0.2500000000
88839  15.445  -35.601  53.394 0.2500000000
33039  0.464  -37.202  52.296 0.1250000000
88903  17.855  -34.289  51.522 0.2500000000
93610  24.459  -33.749  36.999 0.1250000000
35580  27.928  -34.912  36.966 0.2500000000
34830  28.752  -35.124  35.566 0.2500000000
105736  30.781  -35.126  33.878 0.2500000000
31438  5.433  -38.587  57.398 0.3750000000
33861  17.516  -34.697  53.474 0.2500000000
33853  17.799  -34.672  54.599 0.2500000000
36423  27.031  -33.427  35.996 0.1250000000
35637  29.964  -34.107  33.632 0.2500000000
34637  18.407  -34.222  55.986 0.2500000000
89186  17.421  -34.540  56.130 0.2500000000
33847  16.565  -35.119  55.621 0.2500000000
33852  18.776  -34.458  54.403 0.2500000000
33854  16.590  -34.995  54.812 0.2500000000
105075  15.840  -35.326  54.657 0.2500000000
33856  14.619  -36.442  55.106 0.3750000000
33033  13.858  -36.647  53.686 0.5000000000
107427  18.847  -34.057  50.080 0.3750000000
34698  19.285  -34.021  49.738 0.3750000000
36466  31.990  -33.545  32.799 0.5000000000
36477  32.891  -33.422  32.620 0.5000000000
35396  17.049  -34.517  56.398 0.2500000000
34639  15.917  -35.138  57.015 0.2500000000
33838  14.214  -35.908  57.435 0.2500000000
33013  14.655  -36.099  56.810 0.2500000000
33020  14.930  -36.100  56.369 0.2500000000
36284  29.970  -32.020  47.175 0.3750000000
34624  15.045  -35.008  58.339 0.2500000000
89300  32.342  -31.748  45.662 0.2500000000
36293  32.942  -31.933  45.581 0.2500000000
36308  33.451  -32.247  43.628 0.2500000000
54150  46.939  -10.265  21.539 0.1250000000
32206  3.655  -37.598  56.539 0.2500000000
32207  2.884  -37.422  56.021 0.2500000000
97281  2.597  -37.884  55.724 0.2500000000
31444  3.833  -38.321  56.742 0.2500000000
31445  3.157  -38.101  56.156 0.2500000000
32200  4.084  -37.442  56.983 0.2500000000
33018  3.352  -37.066  56.389 0.2500000000
31433  5.954  -38.243  57.620 0.2500000000
31434  5.225  -38.177  57.537 0.2500000000
31440  4.236  -38.019  57.149 0.2500000000
31436  6.948  -38.264  57.544 0.2500000000
31439  4.670  -38.323  57.355 0.2500000000
31443  7.486  -38.785  56.874 0.3750000000
36963  14.929  -33.156  58.052 0.1250000000
36180  13.264  -34.356  57.838 0.1250000000
35377  11.046  -34.645  58.377 0.1250000000
35378  10.490  -34.681  58.279 0.1250000000
35371  9.438  -35.237  58.016 0.1250000000
36968  18.304  -32.958  57.019 0.1250000000
36960  17.250  -33.002  57.241 0.1250000000
36961  16.255  -33.205  57.359 0.1250000000
36188  15.293  -34.122  58.281 0.1250000000
103944  14.931  -34.455  58.334 0.1250000000
36179  14.207  -34.365  58.021 0.1250000000
35376  12.614  -35.003  58.038 0.1250000000
35368  11.829  -35.380  58.222 0.1250000000
34618  10.585  -35.706  58.271 0.1250000000
99173  10.041  -36.254  58.074 0.1250000000
33816  9.158  -36.278  58.197 0.1250000000
33818  7.351  -36.322  58.524 0.1250000000
32993  6.300  -36.869  58.469 0.2500000000
32994  5.642  -36.652  58.418 0.2500000000
33011  4.192  -37.090  57.154 0.2500000000
33839  3.318  -36.955  56.483 0.2500000000
92081  18.883  -31.826  57.492 0.1250000000
36185  17.295  -33.689  56.870 0.1250000000
36186  16.467  -33.783  57.318 0.1250000000
35387  15.404  -34.599  58.395 0.1250000000
36178  15.214  -34.828  58.449 0.1250000000
35374  14.619  -34.972  58.226 0.1250000000
34626  13.891  -35.714  57.933 0.1250000000
34627  12.731  -35.878  57.945 0.1250000000
33813  11.848  -36.054  58.029 0.1250000000
33824  11.261  -36.593  57.689 0.1250000000
32999  8.791  -37.368  57.823 0.1250000000
32190  7.494  -37.813  57.717 0.2500000000
33002  6.668  -37.535  58.099 0.2500000000
99674  5.381  -37.185  58.116 0.2500000000
34625  14.632  -35.187  58.199 0.1250000000
32997  11.042  -36.843  57.543 0.2500000000
33010  10.489  -37.367  57.430 0.2500000000
32998  9.659  -37.293  57.624 0.1250000000
32198  8.299  -37.953  57.535 0.3750000000
34632  14.437  -35.427  58.242 0.1250000000
31441  8.819  -38.450  56.991 0.3750000000
31442  8.024  -38.303  57.349 0.3750000000
33830  14.619  -35.478  57.755 0.1250000000
36272  30.516  -31.990  47.734 0.2500000000
104571  30.107  -32.138  47.734 0.2500000000
36198  18.858  -33.434  56.498 0.1250000000
33822  13.253  -35.987  57.892 0.1250000000
33823  12.388  -36.336  57.698 0.1250000000
100301  11.748  -36.434  57.762 0.1250000000
32197  9.284  -37.933  57.403 0.3750000000
32188  8.971  -37.665  57.595 0.2500000000
36967  19.492  -32.670  56.921 0.1250000000
33821  13.971  -35.804  58.055 0.1250000000
33832  13.374  -36.018  57.889 0.1250000000
33007  12.760  -36.309  57.589 0.1250000000
33008  12.040  -36.685  57.543 0.2500000000
32195  10.823  -37.610  57.349 0.2500000000
32196  10.083  -37.893  57.428 0.2500000000
36197  19.662  -33.467  56.337 0.1250000000
33831  14.027  -35.749  57.917 0.1250000000
33015  12.935  -36.747  56.816 0.1250000000
32201  11.966  -37.834  56.803 0.3750000000
104733  11.480  -38.214  56.561 0.3750000000
32203  10.445  -38.204  57.140 0.3750000000
89243  8.600  -38.925  56.373 0.3750000000
36966  20.247  -32.785  56.623 0.1250000000
35393  19.262  -33.995  55.971 0.1250000000
33021  14.174  -36.459  56.152 0.1250000000
93521  13.521  -37.222  55.728 0.3750000000
32208  12.967  -37.737  55.888 0.3750000000
32214  10.794  -38.878  55.942 0.3750000000
31446  10.197  -38.877  56.325 0.3750000000
31453  9.446  -39.015  55.958 0.3750000000
37028  32.489  -31.517  48.081 0.1250000000
98615  31.611  -31.683  48.482 0.1250000000
36974  20.432  -33.141  56.112 0.1250000000
32212  13.175  -37.742  55.304 0.3750000000
31451  11.084  -38.814  55.226 0.3750000000
105503  32.873  -31.550  47.675 0.1250000000
37038  32.449  -31.639  47.679 0.1250000000
37029  31.955  -31.731  48.230 0.1250000000
36207  20.518  -33.450  55.617 0.1250000000
34642  19.616  -34.192  55.613 0.1250000000
37027  33.425  -31.426  47.636 0.1250000000
36261  31.129  -31.901  48.037 0.1250000000
36262  30.335  -32.151  48.202 0.1250000000
35402  20.230  -34.093  55.444 0.1250000000
95166  19.863  -34.479  55.124 0.1250000000
36270  32.276  -31.723  47.329 0.1250000000
36260  31.787  -31.732  47.696 0.1250000000
100405  31.102  -31.866  47.731 0.2500000000
34655  19.975  -34.474  54.598 0.1250000000
36271  31.654  -31.766  47.400 0.2500000000
93336  29.557  -32.515  48.527 0.1250000000
105740  29.280  -32.556  48.475 0.1250000000
33859  19.575  -34.193  53.323 0.1250000000
95635  31.241  -31.950  47.286 0.2500000000
98479  29.743  -32.430  48.009 0.2500000000
36264  28.596  -32.660  48.542 0.1250000000
35477  27.840  -32.823  48.994 0.1250000000
33867  19.773  -33.925  52.455 0.1250000000
36273  29.454  -32.414  47.849 0.2500000000
36274  28.312  -32.624  47.979 0.2500000000
36285  28.269  -32.184  47.091 0.2500000000
36286  27.316  -32.608  47.352 0.2500000000
101335  11.409  -38.597  55.955 0.3750000000
37712  20.824  -32.125  56.359 0.1250000000
32213  12.638  -38.105  55.348 0.3750000000
89016  11.914  -38.502  55.300 0.3750000000
98399  21.192  -31.752  55.568 0.1250000000
33030  13.279  -37.560  54.687 0.3750000000
33031  12.890  -37.967  54.845 0.3750000000
32217  12.351  -38.253  54.692 0.3750000000
98410  11.618  -38.539  54.560 0.3750000000
37036  33.747  -31.635  47.122 0.1250000000
37009  31.337  -31.302  49.488 0.1250000000
99671  12.018  -38.190  53.853 0.3750000000
37042  34.465  -32.029  46.521 0.1250000000
37037  32.877  -31.612  47.552 0.1250000000
37010  31.050  -31.421  50.246 0.1250000000
37016  30.875  -31.873  48.960 0.1250000000
36252  30.565  -32.102  48.457 0.1250000000
35408  20.629  -33.750  55.110 0.1250000000
89485  20.391  -34.225  54.202 0.1250000000
97146  12.581  -37.702  53.510 0.3750000000
36279  33.722  -32.107  46.327 0.1250000000
36269  32.977  -31.840  46.861 0.1250000000
36241  29.682  -32.163  49.891 0.1250000000
36246  29.766  -32.471  49.202 0.1250000000
36253  29.988  -32.485  48.624 0.1250000000
34661  20.047  -34.287  53.831 0.1250000000
106621  33.760  -32.353  45.707 0.1250000000
36280  33.114  -32.121  46.141 0.1250000000
36247  29.009  -32.611  49.455 0.1250000000
36263  28.716  -32.632  48.850 0.1250000000
33858  20.237  -34.033  52.895 0.1250000000
35453  28.568  -32.703  49.207 0.1250000000
35465  27.900  -32.866  49.489 0.1250000000
35491  27.658  -32.848  48.570 0.2500000000
98854  34.061  -32.404  45.133 0.1250000000
35466  27.094  -33.275  49.525 0.2500000000
35478  26.979  -33.211  48.977 0.2500000000
36275  27.291  -32.790  48.095 0.2500000000
33888  19.758  -33.745  51.200 0.2500000000
35479  26.128  -33.546  48.792 0.2500000000
35492  26.731  -33.103  48.408 0.2500000000
36276  26.511  -33.020  47.645 0.2500000000
35480  25.347  -33.793  48.517 0.2500000000
35504  25.737  -33.369  47.204 0.2500000000
89354  33.222  -32.352  41.794 0.3750000000
36980  20.842  -32.024  55.020 0.1250000000
91598  20.844  -32.980  55.165 0.1250000000
37045  35.367  -32.162  45.457 0.1250000000
34654  20.719  -33.881  54.465 0.1250000000
37046  34.573  -32.418  45.744 0.1250000000
36291  34.733  -32.310  44.927 0.1250000000
34660  20.642  -34.015  53.283 0.1250000000
36307  34.217  -32.287  44.242 0.1250000000
36242  28.712  -32.595  50.087 0.1250000000
36243  27.912  -32.851  50.102 0.1250000000
33866  20.620  -34.070  52.054 0.1250000000
36321  34.387  -32.213  43.259 0.1250000000
36336  34.566  -32.369  42.310 0.1250000000
35443  27.132  -33.243  50.281 0.1250000000
95954  20.190  -34.131  50.526 0.2500000000
36322  33.958  -32.256  42.848 0.1250000000
89212  26.158  -33.587  50.386 0.1250000000
35468  25.513  -33.900  49.234 0.1250000000
35494  25.217  -33.678  47.719 0.1250000000
35505  25.073  -33.533  47.030 0.2500000000
35407  20.985  -33.270  54.598 0.1250000000
37055  35.310  -31.862  44.551 0.1250000000
36215  21.065  -32.451  54.566 0.1250000000
36320  34.794  -32.052  43.853 0.1250000000
36221  21.693  -32.979  54.004 0.1250000000
34653  21.052  -33.917  53.637 0.1250000000
34667  21.093  -34.153  52.369 0.1250000000
35414  22.432  -33.290  53.193 0.1250000000
36335  35.001  -32.202  42.889 0.1250000000
36234  26.240  -33.074  51.110 0.1250000000
34677  22.486  -34.580  51.435 0.1250000000
33877  21.952  -34.608  51.176 0.1250000000
33887  20.556  -34.212  50.964 0.2500000000
35432  25.180  -33.252  51.058 0.1250000000
33885  22.170  -34.556  50.494 0.2500000000
34685  21.486  -34.570  50.012 0.2500000000
34686  20.787  -34.513  50.270 0.2500000000
34673  25.321  -33.721  50.376 0.1250000000
34708  22.271  -34.268  48.866 0.2500000000
34696  21.593  -34.413  49.313 0.2500000000
34693  24.916  -34.074  49.601 0.1250000000
35481  24.645  -34.002  48.288 0.1250000000
34719  22.811  -33.995  48.336 0.2500000000
34720  22.008  -33.908  48.279 0.2500000000
37065  35.358  -31.683  43.495 0.1250000000
37077  35.589  -31.944  42.588 0.1250000000
100633  35.242  -32.302  42.210 0.1250000000
35435  23.764  -34.134  51.961 0.1250000000
98564  35.691  -32.054  41.938 0.1250000000
36351  35.084  -32.366  41.735 0.1250000000
34664  24.231  -33.975  51.513 0.1250000000
91463  23.707  -34.273  51.530 0.1250000000
34676  23.256  -34.453  51.275 0.1250000000
34684  24.479  -33.975  50.650 0.1250000000
93280  23.628  -34.356  50.692 0.1250000000
33884  22.986  -34.488  50.224 0.1250000000
34695  22.412  -34.427  49.604 0.2500000000
34694  24.220  -34.308  49.360 0.1250000000
34706  24.033  -34.254  48.720 0.1250000000
34718  23.595  -34.077  48.251 0.1250000000
41832  33.097  -26.107  30.664 0.1250000000
91794  31.474  -27.845  32.027 0.5000000000
41065  33.478  -26.788  30.697 0.1250000000
41824  31.855  -26.830  31.323 0.2500000000
41056  31.285  -27.159  31.741 0.3750000000
41825  31.306  -26.258  31.461 0.2500000000
43330  31.663  -24.797  30.510 0.2500000000
42604  31.583  -25.444  30.960 0.3750000000
44072  33.100  -23.485  29.117 0.2500000000
44073  32.553  -23.333  29.637 0.2500000000
43329  32.089  -24.460  29.990 0.2500000000
44053  31.500  -24.125  30.483 0.2500000000
44843  32.252  -22.901  30.183 0.3750000000
103754  36.058  -21.091  27.004 0.2500000000
97541  35.352  -20.762  27.412 0.3750000000
45633  36.706  -20.636  26.561 0.2500000000
47059  38.481  -18.648  35.411 0.6250000000
52429  42.096  -12.219  37.624 0.1250000000
97176  40.861  -15.936  37.383 0.2500000000
51697  41.707  -13.417  39.007 0.1250000000
50953  41.746  -14.553  39.220 0.1250000000
52420  41.819  -12.304  38.686 0.1250000000
51698  41.428  -13.704  38.323 0.1250000000
50144  41.704  -15.966  39.032 0.1250000000
49311  40.954  -16.734  37.862 0.1250000000
50145  41.194  -15.392  38.127 0.1250000000
48552  40.448  -17.113  37.317 0.2500000000
53233  42.829  -11.728  37.060 0.1250000000
47819  39.476  -18.749  36.257 0.5000000000
53250  44.098  -11.723  35.239 0.2500000000
92187  44.767  -11.696  34.608 0.2500000000
52450  44.240  -11.989  34.669 0.2500000000
47052  38.301  -19.510  35.918 0.6250000000
52463  44.296  -12.206  34.191 0.2500000000
49310  41.446  -16.324  38.484 0.1250000000
50141  41.667  -15.342  39.037 0.1250000000
48550  41.014  -17.528  38.138 0.1250000000
47817  40.590  -18.044  37.479 0.3750000000
47818  40.118  -18.645  36.870 0.5000000000
47051  39.068  -19.260  36.070 0.6250000000
46270  39.015  -19.883  36.652 0.6250000000
53265  44.740  -11.838  34.103 0.2500000000
53280  45.188  -11.252  33.813 0.2500000000
49307  41.627  -17.108  39.009 0.1250000000
47814  40.513  -18.767  37.618 0.1250000000
47043  39.724  -19.559  36.819 0.3750000000
46259  39.564  -20.191  37.450 0.5000000000
46271  38.096  -20.060  36.745 0.6250000000
53288  45.155  -10.960  33.039 0.2500000000
50132  43.166  -16.272  39.921 0.1250000000
46260  38.658  -20.384  37.431 0.5000000000
45538  37.753  -20.660  37.402 0.3750000000
53298  45.090  -10.682  31.955 0.2500000000
54076  45.813  -10.541  31.155 0.2500000000
45520  38.392  -21.137  37.907 0.2500000000
45521  37.501  -21.591  37.745 0.3750000000
54922  47.994  -10.047  25.331 0.6250000000
54924  48.412  -9.472  24.754 0.5000000000
54925  47.724  -9.858  24.441 0.6250000000
41833  32.167  -26.124  31.020 0.2500000000
46362  35.912  -20.215  26.835 0.2500000000
44052  32.031  -23.719  29.999 0.3750000000
107352  43.870  -11.468  35.790 0.1250000000
36337  33.864  -32.375  41.995 0.5000000000
30694  4.308  -38.754  57.106 0.2500000000
31435  7.321  -38.304  57.479 0.3750000000
31437  6.118  -38.518  57.390 0.2500000000
96748  8.063  -38.671  56.920 0.3750000000
90523  16.413  -33.979  57.192 0.1250000000
33027  14.137  -36.769  55.388 0.2500000000
104923  13.605  -37.268  55.140 0.3750000000
92937  20.193  -34.229  49.952 0.2500000000
35386  15.923  -34.379  57.689 0.1250000000
34697  20.888  -34.486  49.663 0.2500000000
90412  21.047  -34.222  49.077 0.2500000000
35498  22.439  -33.558  47.647 0.2500000000
35495  24.566  -33.800  47.593 0.2500000000
35497  23.229  -33.655  47.700 0.2500000000
33014  13.888  -36.287  56.684 0.1250000000
89846  29.101  -32.249  47.493 0.2500000000
91342  33.894  -32.286  43.685 0.1250000000
105359  4.078  -37.990  56.989 0.2500000000
33012  4.015  -37.235  57.028 0.2500000000
99309  4.355  -37.444  57.357 0.2500000000
32193  5.519  -37.752  57.827 0.2500000000
32192  6.401  -37.882  57.840 0.2500000000
31432  6.616  -38.219  57.588 0.2500000000
102363  4.354  -37.825  57.290 0.2500000000
32194  4.814  -37.821  57.564 0.2500000000
32191  6.898  -37.764  57.808 0.2500000000
36189  14.659  -33.813  58.115 0.1250000000
35375  13.630  -34.974  57.968 0.1250000000
36181  12.330  -34.320  57.883 0.1250000000
105512  11.258  -35.026  58.435 0.1250000000
35369  10.797  -35.069  58.433 0.1250000000
35379  9.871  -34.761  58.028 0.1250000000
35370  10.212  -35.131  58.208 0.1250000000
34619  9.740  -35.679  58.196 0.1250000000
34620  8.828  -35.739  58.192 0.1250000000
36187  15.769  -34.010  57.958 0.1250000000
36962  15.497  -33.243  57.761 0.1250000000
107456  13.116  -35.369  57.957 0.1250000000
101247  11.231  -35.543  58.303 0.1250000000
33814  11.258  -36.170  58.042 0.1250000000
33815  10.752  -36.321  57.961 0.1250000000
32989  9.454  -36.828  57.903 0.1250000000
32990  8.572  -36.920  58.110 0.1250000000
33817  8.249  -36.315  58.365 0.1250000000
32992  6.970  -36.993  58.391 0.2500000000
32991  7.729  -36.997  58.221 0.2500000000
33819  6.585  -36.297  58.612 0.2500000000
33001  7.269  -37.555  57.947 0.2500000000
33003  6.014  -37.378  58.247 0.2500000000
33004  4.908  -36.814  58.053 0.2500000000
93483  4.861  -37.308  57.814 0.2500000000
33833  4.330  -36.784  57.343 0.2500000000
33825  10.421  -36.796  57.648 0.1250000000
32996  11.829  -36.636  57.582 0.1250000000
33000  7.972  -37.464  57.864 0.2500000000
32189  8.137  -37.742  57.671 0.3750000000
32199  7.462  -37.994  57.619 0.3750000000
33017  11.580  -37.326  57.303 0.2500000000
32187  9.723  -37.658  57.491 0.2500000000
32205  8.841  -38.138  57.286 0.3750000000
106100  7.680  -38.073  57.560 0.3750000000
32995  12.626  -36.247  57.687 0.1250000000
33006  13.499  -36.075  57.606 0.1250000000
33016  12.247  -37.001  57.215 0.3750000000
32202  11.195  -37.997  57.072 0.2500000000
32204  9.656  -38.278  57.188 0.3750000000
33022  13.279  -36.939  56.279 0.2500000000
33023  12.558  -37.401  56.582 0.3750000000
32209  12.151  -38.100  56.091 0.3750000000
32210  10.825  -38.557  56.613 0.3750000000
106500  10.178  -38.587  56.878 0.3750000000
31447  9.535  -38.692  56.703 0.3750000000
36208  20.021  -33.775  55.881 0.1250000000
37030  31.163  -31.881  48.273 0.1250000000
34648  20.323  -34.316  54.897 0.1250000000
94231  20.813  -32.590  55.591 0.1250000000
33035  12.769  -37.891  54.250 0.3750000000
37017  30.431  -32.184  49.090 0.1250000000
37011  30.371  -31.976  49.598 0.1250000000
36254  29.174  -32.592  49.072 0.1250000000
35454  28.279  -32.791  49.772 0.1250000000
35455  27.103  -33.312  50.006 0.1250000000
107034  27.722  -33.017  50.001 0.1250000000
33879  20.173  -33.884  51.672 0.1250000000
35467  26.280  -33.644  49.462 0.1250000000
35493  25.916  -33.400  48.029 0.2500000000
37005  28.487  -32.587  50.204 0.1250000000
36244  27.192  -33.119  50.482 0.1250000000
33878  21.056  -34.311  51.390 0.1250000000
94538  26.495  -33.405  50.548 0.1250000000
35456  26.302  -33.663  50.025 0.1250000000
34683  25.607  -33.875  49.889 0.1250000000
35496  23.955  -33.800  47.628 0.1250000000
36979  21.272  -31.701  54.544 0.1250000000
35415  21.407  -33.471  53.863 0.1250000000
101401  22.071  -33.780  53.056 0.1250000000
96460  21.551  -34.081  52.712 0.1250000000
33865  21.607  -34.440  51.707 0.1250000000
35424  23.167  -33.673  52.412 0.1250000000
34666  22.086  -34.486  51.949 0.1250000000
94146  25.577  -32.432  51.271 0.1250000000
33876  22.763  -34.585  50.970 0.2500000000
34665  23.030  -34.484  51.679 0.1250000000
33886  21.340  -34.499  50.730 0.1250000000
35444  25.597  -33.490  50.683 0.1250000000
35433  24.783  -33.578  50.923 0.1250000000
101333  25.139  -33.644  50.512 0.1250000000
36235  25.167  -32.882  51.321 0.1250000000
34674  24.570  -33.784  50.901 0.1250000000
101450  24.966  -33.913  50.109 0.1250000000
34707  23.181  -34.311  48.927 0.2500000000
34709  21.623  -34.176  48.779 0.2500000000
34705  24.775  -34.167  48.945 0.1250000000
34717  24.144  -34.052  48.090 0.1250000000
34659  22.652  -34.226  52.312 0.1250000000
34663  24.459  -33.714  51.355 0.1250000000
35434  24.317  -33.638  51.719 0.1250000000
34675  24.020  -34.154  51.202 0.1250000000
89862  23.667  -34.413  49.854 0.1250000000
92075  24.316  -34.190  50.076 0.1250000000
89916  23.222  -34.424  49.546 0.2500000000
105486  23.674  -34.386  49.240 0.1250000000
42603  32.376  -25.334  30.388 0.1250000000
41066  32.618  -26.854  31.037 0.1250000000
53249  44.786  -11.516  35.165 0.2500000000
101308  21.498  -31.504  55.165 0.1250000000
35643  34.294  -33.900  32.447 0.2500000000
104202  34.486  -33.263  32.148 0.3750000000
54917  48.554  -9.662  26.508 0.5000000000
54921  48.564  -9.592  25.637 0.5000000000
54928  48.146  -9.282  23.780 0.3750000000
55706  48.800  -8.940  24.174 0.3750000000
36475  35.120  -33.591  32.177 0.2500000000
33019  2.434  -37.260  55.788 0.1250000000
33828  4.547  -36.454  57.778 0.1250000000
33840  2.751  -36.919  56.035 0.1250000000
33024  1.787  -37.040  55.444 0.1250000000
33834  4.012  -36.781  56.901 0.1250000000
33032  0.926  -37.329  54.476 0.1250000000
32216  1.776  -37.511  55.140 0.1250000000
33827  5.098  -36.249  58.288 0.1250000000
104739  1.217  -38.095  53.487 0.1250000000
97856  2.421  -36.678  55.834 0.1250000000
33850  1.976  -36.669  55.562 0.1250000000
33820  6.050  -36.251  58.657 0.1250000000
33157  14.185  -37.446  42.613 0.2500000000
34848  32.807  -35.830  33.812 0.1250000000
34073  33.229  -36.437  34.411 0.1250000000
92774  32.013  -35.696  33.771 0.1250000000
33116  13.813  -36.979  43.495 0.3750000000
34862  33.294  -35.152  33.317 0.1250000000
35632  34.652  -34.540  33.030 0.1250000000
100665  33.810  -30.314  32.085 0.3750000000
39451  33.494  -29.828  32.251 0.3750000000
39459  33.922  -30.070  31.326 0.3750000000
92265  34.553  -30.291  30.757 0.1250000000
39460  33.413  -29.490  31.103 0.2500000000
40275  32.992  -29.215  31.756 0.3750000000
39473  34.215  -29.578  30.587 0.1250000000
40284  32.918  -28.765  31.042 0.3750000000
40292  34.255  -28.759  30.325 0.1250000000
39474  33.597  -29.041  30.627 0.1250000000
40276  32.253  -28.558  31.962 0.3750000000
40293  33.568  -28.353  30.542 0.1250000000
105306  32.507  -28.229  31.293 0.3750000000
41055  32.086  -27.651  31.426 0.3750000000
91547  32.886  -24.750  29.669 0.1250000000
43344  32.615  -24.044  29.510 0.1250000000
42510  38.487  -25.223  42.145 0.1250000000
42511  37.439  -25.641  41.817 0.1250000000
42508  40.056  -24.486  42.850 0.1250000000
43205  40.972  -23.378  42.265 0.1250000000
43937  41.020  -23.246  41.240 0.1250000000
45501  38.985  -21.557  38.509 0.1250000000
50237  40.262  -15.229  24.994 0.1250000000
56539  50.659  -7.731  18.531 0.1250000000
56533  50.287  -7.229  19.620 0.1250000000
57336  50.825  -6.846  18.605 0.1250000000
103796  50.651  -6.446  19.411 0.1250000000
57342  51.662  -6.534  17.925 0.1250000000
55712  48.604  -8.743  23.193 0.1250000000
56526  49.732  -7.647  22.272 0.1250000000
56531  50.140  -7.118  20.861 0.1250000000
57333  50.566  -6.535  20.328 0.1250000000
100132  51.045  -5.972  18.715 0.1250000000
58114  51.831  -5.734  18.076 0.1250000000
56507  49.614  -7.696  24.226 0.2500000000
55705  49.239  -8.436  24.622 0.2500000000
55699  48.903  -9.095  25.019 0.2500000000
56525  50.461  -7.053  22.718 0.1250000000
56518  49.706  -7.670  23.232 0.1250000000
55714  49.130  -8.197  22.719 0.1250000000
56529  50.312  -7.149  21.819 0.1250000000
55698  49.260  -8.590  25.532 0.1250000000
103707  48.872  -9.135  25.561 0.2500000000
57311  50.926  -6.418  23.457 0.1250000000
56517  50.188  -7.029  23.816 0.1250000000
57320  51.197  -6.381  22.570 0.1250000000
57329  50.765  -6.666  21.424 0.1250000000
57328  51.354  -6.295  21.881 0.1250000000
57332  51.209  -6.073  20.980 0.1250000000
58106  51.625  -5.253  20.456 0.1250000000
58108  51.645  -5.116  19.053 0.1250000000
58107  52.495  -4.553  18.971 0.1250000000
58113  52.871  -5.234  18.152 0.1250000000
56487  50.174  -7.761  26.619 0.1250000000
56506  50.188  -7.165  24.828 0.1250000000
102043  49.690  -7.948  25.946 0.1250000000
54920  48.885  -9.066  26.117 0.2500000000
57301  50.818  -6.480  24.472 0.1250000000
56497  49.781  -7.951  25.128 0.1250000000
58091  52.560  -5.209  22.414 0.1250000000
58092  51.937  -5.939  22.404 0.1250000000
58100  52.455  -4.678  21.237 0.1250000000
58101  51.950  -5.722  21.621 0.1250000000
59554  53.608  -3.291  20.908 0.1250000000
58830  52.882  -3.912  20.514 0.1250000000
59564  53.493  -3.422  20.008 0.1250000000
58105  52.183  -4.479  19.956 0.1250000000
57291  50.809  -6.584  25.506 0.1250000000
57300  51.557  -5.912  24.103 0.1250000000
97310  53.097  -4.471  22.108 0.1250000000
98629  52.291  -5.591  23.006 0.1250000000
57310  51.708  -5.944  23.177 0.1250000000
58822  53.270  -3.873  21.503 0.1250000000
58084  52.859  -5.095  23.363 0.1250000000
58818  53.274  -4.521  22.926 0.1250000000
58817  53.620  -3.787  22.415 0.1250000000
102637  54.019  -2.954  20.508 0.1250000000
103735  36.769  -26.196  41.410 0.1250000000
33954  14.607  -36.664  42.480 0.1250000000
93616  1.079  -37.805  53.835 0.1250000000
32211  2.339  -37.501  55.719 0.1250000000
34641  3.037  -36.708  56.161 0.1250000000
94574  2.069  -36.808  55.650 0.1250000000
33025  1.521  -36.899  55.286 0.1250000000
33028  1.391  -37.185  55.028 0.1250000000
34074  32.242  -36.335  34.486 0.1250000000
34847  33.732  -35.810  33.944 0.1250000000
34861  34.203  -35.107  33.504 0.1250000000
103585  39.685  -25.225  43.135 0.1250000000
96080  37.959  -25.953  42.600 0.1250000000
55711  49.154  -8.272  23.693 0.1250000000
54931  47.976  -9.278  22.619 0.1250000000
57335  50.963  -5.821  19.781 0.1250000000
98631  50.911  -6.793  22.084 0.1250000000
56496  50.159  -7.324  25.790 0.1250000000
59563  54.315  -2.996  19.857 0.1250000000
27796  6.695  -44.257  51.019 0.2500000000
31538  10.460  -39.909  46.388 0.1250000000
32304  11.508  -38.857  45.442 0.1250000000
37965  34.709  -31.419  31.126 0.2500000000
38677  34.184  -30.776  31.335 0.2500000000
37231  35.945  -33.049  32.124 0.1250000000
41054  32.932  -27.773  30.911 0.1250000000
44091  33.766  -23.717  28.514 0.1250000000
45519  39.285  -20.750  38.129 0.1250000000
97251  36.261  -21.993  27.230 0.1250000000
53240  44.485  -11.161  35.917 0.1250000000
53279  45.731  -10.731  34.166 0.1250000000
54056  45.763  -10.647  33.243 0.1250000000
54066  45.771  -10.447  32.263 0.1250000000
54913  48.553  -9.621  27.382 0.2500000000
106364  4.909  -49.971  53.895 0.1250000000
24238  3.900  -49.667  54.046 0.1250000000
25083  5.262  -48.599  52.939 0.1250000000
25838  6.183  -47.274  52.044 0.1250000000
25829  5.675  -47.772  52.498 0.1250000000
25837  6.881  -47.254  52.025 0.1250000000
26608  5.819  -46.772  52.010 0.1250000000
26607  6.428  -46.677  51.637 0.1250000000
27224  5.427  -46.091  52.379 0.1250000000
27230  6.049  -46.017  51.603 0.1250000000
27789  5.921  -45.288  51.924 0.1250000000
27229  6.819  -46.056  51.231 0.1250000000
27236  6.592  -45.204  51.213 0.1250000000
27795  7.110  -44.665  50.553 0.1250000000
34819  29.212  -35.775  36.714 0.1250000000
38688  34.762  -30.908  30.795 0.1250000000
48652  39.547  -17.230  25.508 0.1250000000
48653  38.735  -16.796  25.708 0.1250000000
49409  39.400  -16.317  25.367 0.1250000000
49410  38.654  -15.895  25.670 0.1250000000
51818  42.731  -14.176  23.796 0.1250000000
26601  5.298  -47.031  52.591 0.1250000000
25069  4.313  -48.852  53.518 0.1250000000
27235  7.359  -45.475  50.753 0.1250000000
25068  5.212  -49.379  53.332 0.1250000000
24234  3.621  -50.351  54.213 0.1250000000
50238  39.423  -15.522  25.357 0.1250000000
25828  6.448  -48.026  52.471 0.1250000000
33005  4.513  -37.125  57.612 0.2500000000
33009  11.335  -37.066  57.438 0.2500000000
33826  5.713  -35.981  58.612 0.1250000000
34636  4.229  -36.447  57.078 0.1250000000
106726  1.009  -37.014  54.816 0.1250000000
