#!ascii label  , from subject OASIS_0001 vox2ras=TkReg
1134
28458  10.912  -43.872  51.814 0.0000000000
45616  43.255  -21.855  28.372 0.0000000000
96346  29.154  -36.635  40.308 0.0000000000
33959  38.089  -36.255  41.991 0.0000000000
33171  20.235  -37.701  41.081 0.0000000000
30779  17.345  -40.308  48.636 0.0000000000
103046  49.696  -13.639  24.086 0.0000000000
50989  49.795  -13.881  32.152 0.0000000000
38651  39.717  -30.287  33.945 0.0000000000
55728  52.506  -8.536  18.350 0.0000000000
102463  27.884  -37.685  45.154 0.0000000000
96980  13.829  -41.273  50.607 0.0000000000
51765  48.987  -13.765  28.116 0.0000000000
50215  45.120  -15.859  27.161 0.0000000000
45574  43.136  -22.063  32.084 0.0000000000
47068  45.989  -19.548  33.563 0.0000000000
92807  39.775  -24.071  31.764 0.0000000000
33228  36.132  -37.678  36.483 0.0000000000
32357  34.362  -38.752  41.405 0.0000000000
33094  24.038  -38.304  44.829 0.0000000000
31504  22.017  -40.062  48.244 0.0000000000
31550  19.103  -39.477  44.612 0.0000000000
30808  14.763  -40.654  45.174 0.0000000000
33966  25.033  -36.612  41.091 0.0000000000
54124  54.009  -10.794  23.671 0.0000000000
52528  54.219  -11.867  28.201 0.0000000000
48601  45.858  -17.919  30.193 0.0000000000
41779  40.959  -26.835  35.849 0.0000000000
92974  39.685  -34.029  37.645 0.0000000000
97156  50.078  -11.796  19.927 0.0000000000
53384  55.491  -11.217  20.748 0.0000000000
93792  55.153  -11.246  17.709 0.0000000000
32278  27.345  -38.961  47.229 0.0000000000
106793  12.039  -42.456  51.003 0.0000000000
29942  14.559  -40.731  53.464 0.0000000000
29190  12.267  -42.173  54.435 0.0000000000
50234  45.263  -15.516  25.522 0.0000000000
44788  42.667  -22.506  34.758 0.0000000000
45544  44.131  -21.236  35.431 0.0000000000
25808  6.954  -47.448  54.681 0.0000000000
44070  39.744  -24.039  29.808 0.0000000000
34013  29.687  -36.497  38.173 0.0000000000
33208  32.576  -37.979  38.523 0.0000000000
33182  31.450  -37.819  40.292 0.0000000000
33136  22.333  -37.869  43.380 0.0000000000
32313  21.345  -38.540  44.606 0.0000000000
33139  19.969  -38.285  42.694 0.0000000000
33968  22.785  -37.288  41.028 0.0000000000
99952  24.096  -37.798  43.285 0.0000000000
31506  19.692  -40.146  48.404 0.0000000000
52563  51.541  -11.748  24.209 0.0000000000
53343  54.534  -11.486  25.878 0.0000000000
52542  51.316  -12.467  25.930 0.0000000000
51755  49.427  -13.390  29.730 0.0000000000
52513  52.447  -12.397  30.171 0.0000000000
47134  42.340  -19.553  27.550 0.0000000000
48619  43.630  -17.802  28.293 0.0000000000
91633  44.650  -19.504  29.366 0.0000000000
40264  39.210  -28.391  32.652 0.0000000000
94311  39.438  -26.788  33.216 0.0000000000
40247  39.987  -28.706  34.932 0.0000000000
106143  37.416  -37.523  38.991 0.0000000000
34034  38.011  -36.230  36.701 0.0000000000
34762  38.691  -35.361  40.333 0.0000000000
51822  48.313  -13.769  22.248 0.0000000000
52588  47.861  -12.232  20.431 0.0000000000
52571  49.816  -13.030  21.873 0.0000000000
106917  51.987  -11.065  22.208 0.0000000000
55733  54.748  -8.346  17.673 0.0000000000
54944  54.042  -9.556  19.278 0.0000000000
53392  55.734  -11.521  19.446 0.0000000000
97847  53.497  -10.464  19.551 0.0000000000
33947  28.057  -37.008  42.674 0.0000000000
33146  30.975  -38.267  42.693 0.0000000000
95413  30.116  -38.114  46.007 0.0000000000
30767  15.836  -40.654  49.372 0.0000000000
30743  17.913  -40.828  50.991 0.0000000000
30735  16.560  -40.559  52.290 0.0000000000
51068  47.311  -14.608  23.465 0.0000000000
51796  49.583  -13.876  25.712 0.0000000000
51049  47.648  -14.929  25.579 0.0000000000
51027  47.303  -14.535  27.599 0.0000000000
50194  46.786  -14.941  30.101 0.0000000000
44838  44.113  -22.379  30.257 0.0000000000
45598  45.429  -21.485  30.631 0.0000000000
46309  44.703  -20.657  32.709 0.0000000000
37221  38.532  -32.444  33.591 0.0000000000
35528  40.372  -35.357  42.880 0.0000000000
27227  9.398  -45.571  51.590 0.0000000000
28438  9.841  -43.548  55.372 0.0000000000
27210  7.979  -45.387  54.867 0.0000000000
102221  41.654  -22.993  27.762 0.0000000000
44068  41.833  -23.832  29.410 0.0000000000
44812  41.122  -23.275  32.160 0.0000000000
44010  41.652  -23.519  34.290 0.0000000000
34040  32.467  -37.204  36.275 0.0000000000
96584  34.823  -38.722  38.388 0.0000000000
32355  36.129  -38.315  41.150 0.0000000000
33125  33.265  -38.359  43.833 0.0000000000
33123  35.589  -36.976  43.825 0.0000000000
32266  25.008  -39.183  47.132 0.0000000000
31481  23.938  -40.318  48.198 0.0000000000
32268  22.904  -39.223  47.260 0.0000000000
31532  20.434  -39.570  46.506 0.0000000000
31534  18.770  -40.046  46.365 0.0000000000
31561  18.044  -39.300  43.253 0.0000000000
89171  17.366  -40.075  44.892 0.0000000000
30798  16.379  -40.381  46.926 0.0000000000
30791  14.709  -41.083  47.839 0.0000000000
29248  12.294  -42.434  47.968 0.0000000000
28483  11.313  -43.256  49.076 0.0000000000
34788  27.249  -35.358  38.733 0.0000000000
34790  25.449  -35.810  38.670 0.0000000000
33979  27.346  -36.214  41.042 0.0000000000
33935  26.592  -37.035  43.057 0.0000000000
33092  26.043  -37.987  44.653 0.0000000000
51046  54.372  -14.792  25.798 0.0000000000
51773  51.619  -12.536  28.299 0.0000000000
48634  43.025  -17.090  26.911 0.0000000000
49365  45.045  -16.764  29.203 0.0000000000
49353  47.204  -16.089  31.026 0.0000000000
47089  46.987  -19.741  31.641 0.0000000000
48591  48.876  -17.090  32.355 0.0000000000
43309  38.325  -25.144  31.903 0.0000000000
43290  40.218  -25.154  33.760 0.0000000000
42554  41.838  -25.376  36.499 0.0000000000
35599  38.484  -34.449  35.241 0.0000000000
37159  39.780  -32.696  36.091 0.0000000000
36365  40.498  -33.414  41.192 0.0000000000
97437  40.680  -32.448  39.068 0.0000000000
38607  40.887  -30.352  37.509 0.0000000000
40215  41.660  -28.402  38.368 0.0000000000
41759  43.252  -26.931  39.614 0.0000000000
54165  50.940  -10.308  18.571 0.0000000000
53385  53.076  -11.319  20.541 0.0000000000
54148  55.018  -10.911  22.386 0.0000000000
31498  27.591  -39.809  48.593 0.0000000000
28465  11.520  -42.913  50.948 0.0000000000
29206  12.431  -42.316  52.293 0.0000000000
28449  11.193  -43.371  52.531 0.0000000000
43999  43.103  -22.560  35.659 0.0000000000
44780  43.724  -21.934  35.969 0.0000000000
25081  6.401  -48.908  52.934 0.0000000000
33995  29.540  -36.687  39.644 0.0000000000
33994  30.357  -37.022  39.633 0.0000000000
33977  29.877  -36.931  40.426 0.0000000000
33153  21.396  -37.818  42.449 0.0000000000
33138  20.774  -38.042  43.031 0.0000000000
33154  20.546  -37.899  42.131 0.0000000000
97203  22.048  -37.031  39.370 0.0000000000
33969  21.892  -37.376  40.864 0.0000000000
33169  22.179  -37.575  41.881 0.0000000000
31507  18.831  -40.090  48.275 0.0000000000
30764  18.926  -40.782  49.862 0.0000000000
52557  50.796  -12.585  24.430 0.0000000000
52549  51.428  -12.030  25.189 0.0000000000
52550  50.742  -12.829  25.191 0.0000000000
50997  49.307  -13.969  31.069 0.0000000000
51739  50.388  -13.392  31.652 0.0000000000
46352  43.018  -21.092  27.990 0.0000000000
47126  43.556  -19.717  28.512 0.0000000000
47118  44.308  -20.364  29.101 0.0000000000
38663  39.110  -30.166  32.762 0.0000000000
39441  39.410  -29.305  32.992 0.0000000000
40253  40.048  -28.575  33.966 0.0000000000
39428  39.963  -29.512  34.410 0.0000000000
33976  37.679  -36.635  40.479 0.0000000000
33992  38.201  -36.170  39.851 0.0000000000
33975  38.130  -35.874  41.021 0.0000000000
51815  48.694  -14.017  23.076 0.0000000000
51821  49.243  -13.546  22.462 0.0000000000
52564  50.110  -12.933  22.894 0.0000000000
105433  50.723  -12.407  22.980 0.0000000000
55726  54.083  -8.680  18.846 0.0000000000
55727  53.755  -8.520  18.790 0.0000000000
54945  53.918  -9.124  19.249 0.0000000000
54946  52.236  -9.431  18.464 0.0000000000
33109  28.115  -37.485  44.362 0.0000000000
33108  28.980  -37.746  44.331 0.0000000000
89876  28.678  -37.719  45.067 0.0000000000
30768  14.990  -40.832  49.541 0.0000000000
30745  15.847  -40.647  50.438 0.0000000000
91365  14.616  -40.838  51.476 0.0000000000
30715  14.550  -40.924  55.314 0.0000000000
30722  15.391  -40.599  54.287 0.0000000000
91077  46.818  -14.854  24.044 0.0000000000
51058  47.723  -14.788  24.486 0.0000000000
88863  46.923  -15.031  24.939 0.0000000000
50227  45.392  -15.575  26.483 0.0000000000
51041  46.576  -14.986  27.090 0.0000000000
50214  46.107  -15.080  28.002 0.0000000000
51017  47.087  -14.420  28.613 0.0000000000
50204  45.974  -15.202  28.848 0.0000000000
44818  43.319  -22.208  31.031 0.0000000000
94643  43.992  -21.833  31.695 0.0000000000
45573  43.666  -21.691  32.633 0.0000000000
51077  46.848  -14.254  22.693 0.0000000000
27218  8.850  -45.512  53.180 0.0000000000
26591  8.280  -46.279  52.992 0.0000000000
44098  40.510  -23.723  27.736 0.0000000000
44087  41.655  -23.882  28.761 0.0000000000
44088  40.796  -24.061  28.437 0.0000000000
44050  39.580  -24.020  30.710 0.0000000000
44049  40.323  -23.740  30.520 0.0000000000
44033  40.371  -23.545  31.787 0.0000000000
44019  41.243  -23.320  32.960 0.0000000000
44020  40.846  -23.917  33.243 0.0000000000
102902  31.456  -36.766  36.197 0.0000000000
32381  33.035  -38.264  39.910 0.0000000000
33207  33.374  -38.365  38.203 0.0000000000
102197  34.407  -38.673  40.001 0.0000000000
32369  35.545  -38.697  40.450 0.0000000000
32356  35.263  -38.698  41.285 0.0000000000
98668  31.733  -38.317  44.460 0.0000000000
32326  31.771  -38.450  42.899 0.0000000000
33105  32.651  -38.153  44.644 0.0000000000
33102  35.324  -37.176  45.296 0.0000000000
105135  36.598  -36.508  44.136 0.0000000000
106715  24.036  -38.819  46.223 0.0000000000
104274  24.190  -39.089  46.963 0.0000000000
32298  23.392  -38.740  45.629 0.0000000000
32302  19.898  -38.975  44.929 0.0000000000
32285  21.035  -39.198  45.984 0.0000000000
31542  20.185  -39.299  45.686 0.0000000000
106297  19.368  -39.915  46.669 0.0000000000
31544  18.917  -39.900  45.433 0.0000000000
105634  17.801  -38.830  41.905 0.0000000000
30816  15.322  -40.315  44.715 0.0000000000
31554  15.781  -39.973  44.073 0.0000000000
31545  16.339  -40.275  45.041 0.0000000000
30806  16.361  -40.469  46.082 0.0000000000
30799  15.563  -40.572  46.666 0.0000000000
30790  15.281  -40.778  47.401 0.0000000000
91734  14.714  -40.904  46.881 0.0000000000
29239  11.666  -42.798  48.495 0.0000000000
34804  27.738  -35.233  37.977 0.0000000000
35570  26.892  -35.033  38.048 0.0000000000
101833  24.193  -36.749  39.885 0.0000000000
34766  25.581  -36.217  39.554 0.0000000000
34765  26.407  -36.089  39.864 0.0000000000
33981  25.762  -36.421  40.454 0.0000000000
33964  26.779  -36.463  41.617 0.0000000000
33950  25.710  -36.922  41.982 0.0000000000
33113  23.607  -37.991  44.090 0.0000000000
33111  25.527  -37.752  44.062 0.0000000000
33093  25.053  -38.052  44.948 0.0000000000
32280  25.648  -38.676  46.418 0.0000000000
31503  22.806  -40.033  48.154 0.0000000000
28428  8.779  -43.858  56.803 0.0000000000
28427  10.300  -42.978  56.119 0.0000000000
53352  54.841  -11.384  23.918 0.0000000000
53337  54.236  -11.351  26.704 0.0000000000
89628  54.813  -11.902  26.642 0.0000000000
51786  54.765  -12.643  27.084 0.0000000000
51787  54.424  -13.630  27.521 0.0000000000
51038  49.603  -13.686  26.538 0.0000000000
92270  50.338  -13.196  26.933 0.0000000000
51774  50.561  -12.984  27.834 0.0000000000
52512  53.212  -12.376  30.068 0.0000000000
48610  45.108  -18.244  29.912 0.0000000000
48618  44.124  -17.431  28.621 0.0000000000
103932  45.290  -17.362  29.784 0.0000000000
49363  46.001  -16.182  30.059 0.0000000000
49354  46.609  -16.706  30.671 0.0000000000
102741  46.023  -20.110  32.706 0.0000000000
46334  46.341  -20.574  31.014 0.0000000000
47077  46.832  -19.714  32.659 0.0000000000
42592  37.477  -25.636  31.402 0.0000000000
97802  40.279  -27.026  34.382 0.0000000000
41798  40.103  -26.410  33.777 0.0000000000
96098  41.030  -26.010  35.574 0.0000000000
42566  41.361  -25.295  35.746 0.0000000000
41790  41.417  -26.056  36.260 0.0000000000
34038  34.615  -36.918  35.456 0.0000000000
98579  36.112  -37.083  35.878 0.0000000000
34802  38.850  -35.337  37.358 0.0000000000
35593  38.408  -35.102  35.784 0.0000000000
35579  38.964  -34.896  36.516 0.0000000000
36429  39.312  -33.236  35.521 0.0000000000
36406  39.810  -33.601  36.982 0.0000000000
103396  40.207  -34.501  42.323 0.0000000000
37852  41.705  -31.214  39.902 0.0000000000
38595  40.877  -31.118  38.065 0.0000000000
38594  41.158  -30.164  38.509 0.0000000000
105656  41.121  -29.642  37.842 0.0000000000
39395  41.588  -29.596  39.051 0.0000000000
52586  49.789  -12.233  20.491 0.0000000000
53396  50.940  -11.457  19.665 0.0000000000
53395  52.283  -11.303  19.731 0.0000000000
53386  51.860  -11.496  20.627 0.0000000000
53362  52.773  -10.411  23.213 0.0000000000
54142  53.511  -10.605  22.374 0.0000000000
54132  54.095  -10.405  23.119 0.0000000000
54139  55.276  -10.628  23.015 0.0000000000
54182  54.852  -10.441  16.982 0.0000000000
53393  55.729  -11.236  20.114 0.0000000000
52591  56.239  -11.708  19.901 0.0000000000
53383  55.943  -11.386  20.679 0.0000000000
33075  27.322  -38.509  46.364 0.0000000000
33074  28.847  -38.043  46.410 0.0000000000
32263  27.981  -39.139  47.654 0.0000000000
29963  13.058  -41.777  50.202 0.0000000000
101617  13.828  -41.317  51.722 0.0000000000
97828  13.181  -41.894  52.048 0.0000000000
95190  12.923  -41.668  53.970 0.0000000000
29930  12.958  -41.360  55.866 0.0000000000
50235  44.296  -15.969  25.243 0.0000000000
49404  44.079  -16.211  26.142 0.0000000000
44798  42.610  -22.311  33.807 0.0000000000
45562  43.452  -21.591  33.596 0.0000000000
95130  43.309  -21.805  35.120 0.0000000000
45537  44.933  -21.385  37.137 0.0000000000
25817  7.294  -47.539  53.463 0.0000000000
25066  6.844  -48.395  53.160 0.0000000000
25057  6.372  -49.138  54.823 0.0000000000
43358  39.349  -24.363  28.306 0.0000000000
44051  38.875  -24.497  31.044 0.0000000000
89471  30.982  -36.830  37.238 0.0000000000
95565  30.472  -36.854  38.079 0.0000000000
33195  31.738  -37.809  39.650 0.0000000000
32372  32.819  -38.420  40.749 0.0000000000
33114  22.710  -38.027  44.092 0.0000000000
32312  22.299  -38.552  44.795 0.0000000000
33115  21.850  -38.094  44.032 0.0000000000
32314  20.475  -38.611  44.380 0.0000000000
32315  19.660  -38.842  44.105 0.0000000000
102238  14.226  -40.906  45.474 0.0000000000
30809  13.363  -41.108  45.140 0.0000000000
33983  23.402  -36.986  40.192 0.0000000000
33967  23.638  -37.100  41.175 0.0000000000
33951  24.882  -37.042  41.826 0.0000000000
33953  23.156  -37.431  41.864 0.0000000000
33135  23.178  -37.837  43.349 0.0000000000
31505  20.574  -40.214  48.312 0.0000000000
53356  52.411  -11.157  24.355 0.0000000000
53354  54.071  -11.239  24.686 0.0000000000
53346  52.279  -11.375  25.123 0.0000000000
53338  53.510  -11.221  26.656 0.0000000000
52540  53.049  -11.438  27.343 0.0000000000
51764  49.306  -13.294  28.950 0.0000000000
51763  50.840  -12.771  28.786 0.0000000000
51754  50.594  -13.090  30.514 0.0000000000
51744  52.196  -12.935  31.497 0.0000000000
47901  43.020  -18.226  27.913 0.0000000000
47894  42.923  -19.136  28.010 0.0000000000
47884  44.068  -19.174  28.967 0.0000000000
47873  46.007  -19.118  30.229 0.0000000000
47066  47.552  -18.425  34.106 0.0000000000
41045  38.875  -27.489  32.239 0.0000000000
99751  38.901  -26.651  32.557 0.0000000000
41034  39.290  -27.531  32.953 0.0000000000
41023  40.174  -27.791  34.373 0.0000000000
41014  40.591  -27.778  35.862 0.0000000000
33214  36.431  -37.991  37.409 0.0000000000
34026  37.007  -37.347  36.891 0.0000000000
34011  37.827  -36.868  38.370 0.0000000000
34785  38.721  -35.642  38.275 0.0000000000
34784  39.220  -35.045  38.839 0.0000000000
51831  46.981  -13.235  21.587 0.0000000000
53380  47.101  -12.000  20.821 0.0000000000
52579  48.374  -12.972  20.858 0.0000000000
52578  49.373  -12.831  21.027 0.0000000000
52577  50.264  -12.437  21.314 0.0000000000
53378  51.540  -11.479  21.549 0.0000000000
53369  51.379  -11.547  22.273 0.0000000000
53363  52.122  -11.051  23.613 0.0000000000
92536  54.464  -7.953  18.358 0.0000000000
54955  54.417  -9.167  18.531 0.0000000000
54173  54.732  -10.293  18.101 0.0000000000
54162  55.009  -11.128  18.740 0.0000000000
54163  54.508  -10.323  19.006 0.0000000000
54155  54.445  -10.466  19.578 0.0000000000
54156  54.175  -10.631  19.992 0.0000000000
33961  28.898  -37.140  42.261 0.0000000000
33168  29.610  -37.345  41.970 0.0000000000
33148  29.480  -37.761  42.727 0.0000000000
95258  30.778  -38.218  44.466 0.0000000000
95414  31.592  -38.074  46.025 0.0000000000
90312  16.702  -40.453  49.194 0.0000000000
30766  17.372  -40.556  50.181 0.0000000000
90393  16.525  -40.540  50.033 0.0000000000
30734  17.384  -40.810  52.198 0.0000000000
30729  15.499  -40.582  53.330 0.0000000000
30720  16.707  -41.128  53.809 0.0000000000
51066  49.044  -14.124  23.905 0.0000000000
51056  49.490  -13.955  24.786 0.0000000000
51057  48.663  -14.537  24.564 0.0000000000
51039  48.420  -14.650  26.152 0.0000000000
51776  48.897  -14.053  26.999 0.0000000000
51050  46.773  -15.005  25.961 0.0000000000
51040  47.499  -14.819  26.592 0.0000000000
106184  48.460  -14.050  27.590 0.0000000000
101928  47.673  -14.001  29.090 0.0000000000
51006  47.904  -13.995  29.861 0.0000000000
50998  48.308  -14.225  30.647 0.0000000000
44859  43.671  -22.543  29.569 0.0000000000
45607  45.080  -21.612  30.076 0.0000000000
45599  44.843  -21.956  30.462 0.0000000000
46317  45.030  -21.028  31.936 0.0000000000
46298  45.151  -20.050  33.251 0.0000000000
94788  44.169  -20.921  33.814 0.0000000000
98178  45.566  -19.772  35.139 0.0000000000
47058  46.140  -19.077  34.759 0.0000000000
37935  39.064  -31.803  33.829 0.0000000000
34749  39.364  -35.318  42.757 0.0000000000
52572  46.225  -12.987  21.891 0.0000000000
51823  47.379  -13.757  22.165 0.0000000000
51076  47.811  -14.199  22.875 0.0000000000
56537  52.440  -7.115  17.847 0.0000000000
56538  51.538  -7.359  18.048 0.0000000000
27786  10.456  -44.599  51.846 0.0000000000
28450  10.668  -43.965  52.594 0.0000000000
27779  9.956  -44.493  52.743 0.0000000000
90887  8.539  -44.573  55.223 0.0000000000
27205  7.868  -44.772  56.198 0.0000000000
26580  6.936  -46.550  55.539 0.0000000000
45620  41.853  -21.542  27.473 0.0000000000
101593  41.180  -21.511  27.157 0.0000000000
44866  42.776  -22.566  28.325 0.0000000000
101315  42.831  -23.173  28.796 0.0000000000
92146  43.347  -22.934  30.036 0.0000000000
44839  42.455  -22.727  30.863 0.0000000000
44069  40.869  -24.135  29.392 0.0000000000
44840  41.636  -23.282  30.852 0.0000000000
105653  42.156  -22.596  32.018 0.0000000000
44799  41.849  -22.955  33.520 0.0000000000
44009  42.153  -23.182  34.756 0.0000000000
44000  42.492  -23.245  35.433 0.0000000000
33230  33.778  -37.800  36.550 0.0000000000
33218  32.795  -37.860  37.682 0.0000000000
33217  33.744  -38.229  37.353 0.0000000000
32390  35.366  -38.595  37.877 0.0000000000
32378  36.288  -38.501  39.250 0.0000000000
33180  36.834  -37.986  40.563 0.0000000000
33960  37.480  -36.909  41.878 0.0000000000
33166  30.926  -38.119  41.861 0.0000000000
32341  32.139  -38.579  42.252 0.0000000000
32339  33.965  -38.684  42.361 0.0000000000
33103  34.554  -37.645  45.114 0.0000000000
33124  34.262  -37.962  44.259 0.0000000000
33145  34.677  -38.333  42.859 0.0000000000
33144  35.521  -37.912  42.827 0.0000000000
91138  37.054  -36.530  43.425 0.0000000000
33945  37.777  -36.426  42.922 0.0000000000
31500  25.633  -39.874  48.336 0.0000000000
32251  24.343  -39.417  47.768 0.0000000000
31517  23.091  -39.609  47.807 0.0000000000
31518  22.487  -39.670  47.753 0.0000000000
32284  21.881  -39.083  46.239 0.0000000000
31519  21.322  -39.471  46.966 0.0000000000
92458  21.313  -39.953  47.885 0.0000000000
101054  20.008  -39.929  47.744 0.0000000000
95406  19.265  -39.975  47.374 0.0000000000
31523  17.909  -40.194  48.015 0.0000000000
96166  19.078  -38.651  42.264 0.0000000000
102443  18.748  -38.970  42.972 0.0000000000
31551  18.379  -39.462  44.086 0.0000000000
31562  16.148  -39.770  43.282 0.0000000000
31552  17.606  -39.692  44.060 0.0000000000
89366  18.257  -39.843  44.774 0.0000000000
89179  18.072  -40.159  45.585 0.0000000000
31536  17.060  -40.302  46.647 0.0000000000
31524  16.985  -40.365  47.605 0.0000000000
30781  15.957  -40.686  48.490 0.0000000000
30782  15.211  -40.866  48.657 0.0000000000
29993  14.458  -41.162  48.774 0.0000000000
30022  13.886  -41.417  47.112 0.0000000000
103760  13.382  -41.807  47.728 0.0000000000
29977  13.005  -41.884  49.309 0.0000000000
29228  12.444  -42.193  49.812 0.0000000000
29229  11.884  -42.753  49.438 0.0000000000
28475  10.784  -43.823  49.391 0.0000000000
102071  10.330  -44.755  50.387 0.0000000000
27793  9.731  -45.090  50.178 0.0000000000
34803  28.571  -35.498  37.359 0.0000000000
34787  28.580  -35.833  38.297 0.0000000000
34763  28.041  -36.079  39.932 0.0000000000
34789  26.608  -35.306  38.649 0.0000000000
34764  27.252  -36.052  40.113 0.0000000000
106436  27.812  -36.197  40.579 0.0000000000
33963  27.556  -36.492  41.701 0.0000000000
33934  27.350  -37.021  43.300 0.0000000000
33132  26.816  -36.972  43.994 0.0000000000
33937  25.191  -37.143  42.503 0.0000000000
102049  26.293  -37.358  44.151 0.0000000000
33091  26.622  -38.000  45.174 0.0000000000
33076  26.511  -38.294  46.002 0.0000000000
32265  25.844  -39.099  47.504 0.0000000000
28436  11.103  -43.267  54.575 0.0000000000
29182  11.625  -42.194  56.100 0.0000000000
52547  54.965  -11.657  25.876 0.0000000000
103302  50.655  -13.033  25.778 0.0000000000
52541  51.895  -12.256  26.868 0.0000000000
52529  53.532  -11.762  28.354 0.0000000000
51762  51.978  -12.423  29.262 0.0000000000
52520  53.420  -12.193  29.275 0.0000000000
52519  53.853  -12.214  28.923 0.0000000000
49392  43.550  -16.587  26.516 0.0000000000
49391  44.332  -16.266  27.074 0.0000000000
48627  43.303  -17.427  27.683 0.0000000000
49382  44.309  -16.506  27.975 0.0000000000
49374  44.947  -16.295  28.479 0.0000000000
50195  46.210  -15.419  29.697 0.0000000000
50185  47.300  -15.265  30.714 0.0000000000
50176  48.796  -15.091  31.744 0.0000000000
46341  45.427  -21.001  30.055 0.0000000000
47108  46.327  -20.084  30.579 0.0000000000
92504  46.592  -18.459  30.650 0.0000000000
47843  48.317  -18.656  32.941 0.0000000000
47857  48.004  -18.542  31.782 0.0000000000
48593  47.197  -17.820  31.053 0.0000000000
49346  48.112  -16.552  31.469 0.0000000000
49345  48.771  -15.986  32.012 0.0000000000
43325  37.422  -24.972  30.851 0.0000000000
44041  38.975  -24.715  31.794 0.0000000000
41805  38.945  -26.035  32.704 0.0000000000
42579  39.147  -25.521  32.861 0.0000000000
43307  39.556  -24.518  32.343 0.0000000000
43289  40.858  -24.962  34.315 0.0000000000
43279  41.599  -24.522  35.502 0.0000000000
90974  42.768  -24.115  36.620 0.0000000000
34817  37.221  -36.219  35.812 0.0000000000
36450  38.473  -33.145  34.207 0.0000000000
37180  39.030  -32.818  34.829 0.0000000000
37915  39.832  -31.396  35.253 0.0000000000
34755  39.231  -34.936  41.996 0.0000000000
35551  39.809  -34.327  40.086 0.0000000000
36382  40.109  -33.823  39.505 0.0000000000
36381  40.582  -33.229  39.995 0.0000000000
36395  40.178  -33.271  37.810 0.0000000000
37144  40.428  -32.600  37.471 0.0000000000
37914  40.297  -31.293  36.149 0.0000000000
38641  40.321  -30.498  35.629 0.0000000000
39421  40.615  -29.664  36.053 0.0000000000
40221  41.129  -28.633  36.946 0.0000000000
40999  41.412  -27.433  37.286 0.0000000000
104632  42.432  -28.292  39.688 0.0000000000
40214  42.124  -27.935  39.091 0.0000000000
41770  41.730  -26.874  37.516 0.0000000000
42545  42.596  -25.884  37.719 0.0000000000
55730  50.582  -8.591  18.424 0.0000000000
103042  51.379  -9.729  18.398 0.0000000000
54164  51.951  -10.233  18.649 0.0000000000
53394  53.314  -11.018  19.963 0.0000000000
100671  54.328  -11.148  20.638 0.0000000000
53377  52.630  -11.175  21.579 0.0000000000
53376  53.872  -11.247  21.374 0.0000000000
53375  54.921  -11.217  21.495 0.0000000000
53374  55.704  -11.188  21.677 0.0000000000
31499  26.394  -39.930  48.706 0.0000000000
106447  26.899  -39.929  48.748 0.0000000000
28466  10.962  -43.495  50.978 0.0000000000
28457  11.342  -43.150  51.723 0.0000000000
43990  43.011  -23.337  36.307 0.0000000000
43989  43.734  -22.945  37.012 0.0000000000
33170  21.230  -37.627  41.516 0.0000000000
31487  18.365  -40.222  49.194 0.0000000000
51813  50.246  -13.165  23.803 0.0000000000
51805  50.186  -13.285  24.590 0.0000000000
46351  43.658  -20.974  28.508 0.0000000000
37946  39.258  -30.919  33.336 0.0000000000
39440  39.760  -29.377  33.646 0.0000000000
98257  37.658  -36.508  41.232 0.0000000000
51814  49.522  -13.600  23.374 0.0000000000
98295  53.215  -9.044  18.786 0.0000000000
29975  14.198  -41.186  49.656 0.0000000000
30746  14.778  -40.879  50.487 0.0000000000
107426  46.260  -14.930  23.861 0.0000000000
51059  46.230  -15.073  24.399 0.0000000000
90505  45.762  -15.369  27.195 0.0000000000
50205  45.461  -15.651  28.103 0.0000000000
44875  40.068  -23.070  27.198 0.0000000000
44089  40.098  -24.183  28.128 0.0000000000
44040  39.500  -24.250  31.328 0.0000000000
44039  40.156  -23.658  31.267 0.0000000000
90724  40.601  -23.671  32.496 0.0000000000
44034  40.056  -23.947  32.211 0.0000000000
32371  33.802  -38.617  40.533 0.0000000000
90168  33.800  -38.579  39.567 0.0000000000
32370  34.783  -38.817  40.652 0.0000000000
93068  32.132  -38.055  45.368 0.0000000000
33088  33.005  -37.959  45.662 0.0000000000
32297  24.398  -38.527  45.603 0.0000000000
31543  19.539  -39.558  45.342 0.0000000000
30807  15.517  -40.497  45.631 0.0000000000
93566  14.794  -40.713  46.036 0.0000000000
33982  24.909  -36.569  40.156 0.0000000000
33965  25.941  -36.539  41.324 0.0000000000
105631  25.385  -36.751  41.533 0.0000000000
28419  8.825  -44.028  57.468 0.0000000000
28423  9.493  -43.672  57.197 0.0000000000
54123  54.371  -11.129  23.878 0.0000000000
52539  54.495  -11.722  27.294 0.0000000000
51771  54.537  -12.473  27.837 0.0000000000
51775  49.683  -13.481  27.438 0.0000000000
49355  45.957  -17.030  30.118 0.0000000000
48600  46.407  -17.547  30.542 0.0000000000
47067  46.806  -19.025  33.798 0.0000000000
41816  37.777  -26.040  31.731 0.0000000000
41797  40.551  -26.394  34.899 0.0000000000
41778  41.382  -26.773  36.764 0.0000000000
34037  35.386  -37.258  36.027 0.0000000000
34053  35.666  -36.728  35.394 0.0000000000
100241  39.313  -34.713  37.428 0.0000000000
35578  39.436  -34.177  36.689 0.0000000000
37867  41.112  -31.072  39.014 0.0000000000
38580  41.667  -30.304  39.546 0.0000000000
53388  49.226  -11.824  19.803 0.0000000000
53397  49.772  -11.335  19.379 0.0000000000
53387  50.777  -11.848  20.746 0.0000000000
54125  53.481  -10.456  23.426 0.0000000000
54133  53.434  -10.227  22.979 0.0000000000
54131  54.563  -10.599  23.254 0.0000000000
54181  55.423  -11.313  16.514 0.0000000000
53409  55.795  -11.971  17.301 0.0000000000
54152  55.023  -10.851  20.096 0.0000000000
33061  28.272  -38.633  46.888 0.0000000000
29220  12.490  -42.118  50.652 0.0000000000
29956  13.125  -41.732  51.100 0.0000000000
29213  12.536  -42.205  51.467 0.0000000000
29198  12.200  -42.381  53.300 0.0000000000
29937  12.957  -41.493  54.997 0.0000000000
50228  44.752  -15.899  26.279 0.0000000000
44787  43.092  -21.850  34.373 0.0000000000
25827  7.201  -47.590  52.626 0.0000000000
25067  6.408  -49.250  53.642 0.0000000000
24231  5.869  -49.749  54.563 0.0000000000
33183  30.669  -37.458  40.372 0.0000000000
33196  31.095  -37.513  39.592 0.0000000000
33181  32.258  -37.993  40.152 0.0000000000
32373  31.957  -38.176  40.918 0.0000000000
32327  21.022  -38.180  43.856 0.0000000000
32328  20.226  -38.419  43.566 0.0000000000
32329  19.461  -38.776  43.218 0.0000000000
33984  22.437  -37.182  40.108 0.0000000000
92074  22.031  -37.768  42.741 0.0000000000
33152  22.745  -37.703  42.629 0.0000000000
31485  20.013  -40.658  48.970 0.0000000000
53355  53.228  -11.098  24.838 0.0000000000
52548  52.356  -11.617  26.159 0.0000000000
90535  50.177  -13.085  29.331 0.0000000000
51745  51.449  -12.990  31.524 0.0000000000
47902  42.444  -18.621  27.456 0.0000000000
47883  44.593  -18.623  29.360 0.0000000000
47882  45.150  -19.266  29.798 0.0000000000
40274  38.165  -27.719  31.497 0.0000000000
41015  40.248  -28.072  35.272 0.0000000000
33204  36.604  -38.206  38.468 0.0000000000
33203  37.203  -37.523  37.864 0.0000000000
34010  38.324  -36.220  38.850 0.0000000000
34775  38.746  -35.536  39.329 0.0000000000
34774  39.216  -34.876  39.761 0.0000000000
51830  47.884  -13.408  21.490 0.0000000000
53379  50.908  -11.910  21.614 0.0000000000
52570  50.668  -12.378  22.246 0.0000000000
90686  50.779  -12.450  23.577 0.0000000000
52569  51.282  -11.740  23.122 0.0000000000
54939  54.009  -9.949  19.461 0.0000000000
33149  28.747  -37.500  43.101 0.0000000000
90701  29.489  -37.782  45.093 0.0000000000
90699  29.838  -37.880  44.277 0.0000000000
33107  30.185  -37.872  45.040 0.0000000000
92141  30.840  -38.158  45.544 0.0000000000
92276  15.592  -40.620  51.377 0.0000000000
92382  16.510  -40.620  51.449 0.0000000000
91717  17.167  -40.872  52.844 0.0000000000
29950  13.791  -41.330  52.690 0.0000000000
29949  14.578  -40.806  52.469 0.0000000000
51067  48.224  -14.452  23.709 0.0000000000
51048  48.321  -14.763  25.239 0.0000000000
50243  46.111  -15.204  25.262 0.0000000000
51026  48.070  -14.335  27.177 0.0000000000
51016  47.963  -14.038  28.186 0.0000000000
51008  46.568  -14.826  29.288 0.0000000000
51007  47.204  -14.411  29.585 0.0000000000
50999  47.522  -14.561  30.347 0.0000000000
45608  44.496  -21.982  29.732 0.0000000000
45572  44.373  -21.314  32.231 0.0000000000
45581  44.992  -21.726  31.294 0.0000000000
46308  45.523  -20.570  32.272 0.0000000000
45554  43.693  -21.320  34.491 0.0000000000
101714  44.364  -20.856  34.612 0.0000000000
46289  45.472  -19.661  34.150 0.0000000000
47049  47.207  -19.298  36.112 0.0000000000
37228  38.546  -31.707  32.969 0.0000000000
51824  46.462  -13.645  22.189 0.0000000000
27780  9.879  -45.053  51.926 0.0000000000
27217  9.416  -45.284  52.512 0.0000000000
93100  8.416  -45.704  53.835 0.0000000000
27769  8.747  -45.035  54.146 0.0000000000
26585  7.407  -46.752  54.293 0.0000000000
46359  41.431  -20.775  27.118 0.0000000000
44874  40.964  -23.041  27.461 0.0000000000
45622  40.528  -22.071  27.013 0.0000000000
45621  41.399  -22.266  27.435 0.0000000000
44872  42.129  -22.427  27.817 0.0000000000
44873  42.178  -23.260  28.357 0.0000000000
44067  42.442  -23.622  29.080 0.0000000000
44047  42.436  -23.496  29.956 0.0000000000
43337  40.061  -24.441  28.791 0.0000000000
44821  41.011  -23.404  31.487 0.0000000000
44841  40.798  -23.564  30.947 0.0000000000
44820  41.793  -22.889  31.634 0.0000000000
105727  42.330  -22.515  33.073 0.0000000000
44811  41.824  -22.824  32.547 0.0000000000
102198  41.326  -23.548  33.604 0.0000000000
44001  41.897  -23.814  35.124 0.0000000000
94773  33.000  -37.105  35.686 0.0000000000
34039  33.767  -37.289  35.903 0.0000000000
34012  31.340  -37.233  38.035 0.0000000000
34027  32.006  -37.333  37.174 0.0000000000
33219  32.092  -37.560  38.061 0.0000000000
32385  33.962  -38.645  38.720 0.0000000000
33206  34.109  -38.618  38.008 0.0000000000
33216  34.687  -38.537  37.566 0.0000000000
33205  35.967  -38.441  37.859 0.0000000000
32384  35.731  -38.615  38.582 0.0000000000
32368  36.265  -38.498  40.081 0.0000000000
33164  36.848  -37.602  41.535 0.0000000000
33147  30.226  -37.903  42.288 0.0000000000
33167  30.209  -37.507  41.301 0.0000000000
32325  32.619  -38.541  42.985 0.0000000000
32340  33.001  -38.694  42.278 0.0000000000
32324  33.388  -38.551  42.957 0.0000000000
88932  35.025  -37.186  44.464 0.0000000000
96812  34.842  -37.819  43.610 0.0000000000
32250  25.251  -39.469  47.967 0.0000000000
32282  23.451  -38.976  46.685 0.0000000000
32267  23.584  -39.324  47.514 0.0000000000
32269  22.181  -39.250  47.073 0.0000000000
32299  22.461  -38.858  45.580 0.0000000000
32300  21.646  -38.903  45.370 0.0000000000
31520  20.606  -39.814  47.413 0.0000000000
31522  18.355  -40.062  47.256 0.0000000000
32344  18.221  -38.936  42.374 0.0000000000
32316  18.890  -39.103  43.731 0.0000000000
31570  16.390  -39.421  42.538 0.0000000000
31553  16.712  -39.884  44.108 0.0000000000
88842  17.200  -40.346  45.749 0.0000000000
30780  16.596  -40.545  48.285 0.0000000000
30789  16.037  -40.617  47.619 0.0000000000
94864  15.450  -40.869  47.989 0.0000000000
30007  13.970  -41.499  48.090 0.0000000000
30036  13.207  -41.530  46.153 0.0000000000
30800  14.041  -41.044  46.163 0.0000000000
104256  12.787  -42.095  47.618 0.0000000000
29995  12.996  -41.964  48.378 0.0000000000
107606  13.526  -41.738  48.262 0.0000000000
29238  12.382  -42.324  48.903 0.0000000000
94801  11.178  -43.103  48.542 0.0000000000
28474  11.361  -43.333  50.028 0.0000000000
27799  10.224  -44.602  49.531 0.0000000000
98871  27.852  -35.563  38.755 0.0000000000
34776  28.319  -35.955  39.187 0.0000000000
34777  27.572  -35.758  39.336 0.0000000000
100471  26.000  -35.360  38.458 0.0000000000
35571  26.193  -34.992  37.967 0.0000000000
33978  28.048  -36.442  41.166 0.0000000000
33949  26.389  -36.851  42.267 0.0000000000
33948  27.214  -36.810  42.406 0.0000000000
33150  24.486  -37.439  42.540 0.0000000000
33134  25.116  -37.518  43.241 0.0000000000
33110  26.747  -37.453  44.566 0.0000000000
33077  25.829  -38.238  45.484 0.0000000000
32281  24.744  -38.826  46.330 0.0000000000
89153  18.256  -40.665  50.110 0.0000000000
102081  10.291  -43.930  53.307 0.0000000000
28443  10.964  -43.471  53.474 0.0000000000
101269  10.300  -43.764  54.275 0.0000000000
29166  11.121  -43.063  56.968 0.0000000000
29174  11.063  -42.802  56.474 0.0000000000
29173  11.683  -42.348  56.716 0.0000000000
29922  12.264  -41.807  56.283 0.0000000000
29165  11.928  -42.839  57.203 0.0000000000
53353  54.604  -11.502  24.902 0.0000000000
51794  54.998  -12.576  26.231 0.0000000000
51795  50.090  -13.371  25.345 0.0000000000
92512  50.155  -13.334  26.113 0.0000000000
51788  51.296  -12.724  27.362 0.0000000000
52530  52.378  -12.096  27.877 0.0000000000
52514  51.316  -12.736  29.814 0.0000000000
102087  53.621  -12.401  29.524 0.0000000000
51772  54.238  -12.842  28.488 0.0000000000
49393  42.643  -16.774  25.907 0.0000000000
49383  43.700  -16.767  27.433 0.0000000000
48628  42.664  -17.800  27.260 0.0000000000
99247  44.465  -16.882  28.626 0.0000000000
49373  45.617  -16.008  29.142 0.0000000000
50186  46.610  -15.721  30.427 0.0000000000
50177  47.984  -15.602  31.304 0.0000000000
46335  45.906  -20.769  30.579 0.0000000000
47872  46.705  -19.440  30.808 0.0000000000
47858  47.247  -18.942  31.261 0.0000000000
47842  48.806  -17.661  33.328 0.0000000000
107123  48.557  -18.066  32.358 0.0000000000
48592  48.136  -17.571  31.583 0.0000000000
43317  37.774  -25.219  31.426 0.0000000000
43316  38.158  -24.895  31.359 0.0000000000
41815  38.379  -25.992  32.214 0.0000000000
42573  39.806  -25.567  33.434 0.0000000000
43297  39.651  -24.949  33.099 0.0000000000
43296  40.523  -24.626  33.531 0.0000000000
43280  41.167  -24.907  35.113 0.0000000000
43264  41.812  -24.775  36.092 0.0000000000
43278  42.154  -24.015  36.040 0.0000000000
43263  42.327  -24.704  36.601 0.0000000000
34035  37.481  -36.621  36.472 0.0000000000
34824  37.665  -35.497  35.445 0.0000000000
35600  38.015  -34.865  35.160 0.0000000000
35617  38.069  -34.298  34.621 0.0000000000
36430  38.687  -33.706  34.949 0.0000000000
37179  39.549  -32.367  35.360 0.0000000000
37204  39.327  -32.007  34.636 0.0000000000
35537  39.936  -34.928  42.625 0.0000000000
35544  40.316  -34.077  41.884 0.0000000000
97432  39.905  -34.077  41.043 0.0000000000
36366  40.202  -33.793  40.324 0.0000000000
97941  40.905  -32.507  39.877 0.0000000000
106298  40.597  -32.832  39.439 0.0000000000
91867  40.360  -33.143  38.941 0.0000000000
37132  40.553  -32.553  38.252 0.0000000000
90963  40.700  -31.257  37.045 0.0000000000
38626  40.664  -30.454  36.513 0.0000000000
39401  41.341  -28.931  37.677 0.0000000000
39414  40.972  -29.541  36.994 0.0000000000
40236  41.134  -27.966  36.930 0.0000000000
40220  41.378  -28.105  37.600 0.0000000000
39386  42.545  -28.982  40.093 0.0000000000
40199  43.486  -28.695  40.571 0.0000000000
40974  42.840  -27.671  39.770 0.0000000000
40979  42.532  -27.226  38.967 0.0000000000
40980  41.856  -27.502  38.143 0.0000000000
41765  42.374  -26.643  38.067 0.0000000000
41764  42.982  -26.632  38.862 0.0000000000
56539  50.659  -7.731  18.531 0.0000000000
54947  50.514  -9.478  18.474 0.0000000000
54141  54.226  -10.459  22.770 0.0000000000
54149  54.376  -10.923  22.134 0.0000000000
53368  55.876  -11.009  22.748 0.0000000000
55745  54.758  -8.716  16.554 0.0000000000
32248  27.018  -39.634  48.524 0.0000000000
29214  11.885  -42.624  51.642 0.0000000000
29207  11.717  -42.785  52.428 0.0000000000
95567  11.506  -42.955  53.133 0.0000000000
44770  43.531  -22.584  36.361 0.0000000000
34786  29.116  -36.396  38.866 0.0000000000
88975  29.991  -36.785  38.857 0.0000000000
33137  21.550  -37.920  43.284 0.0000000000
33985  21.610  -37.258  39.909 0.0000000000
31486  19.291  -40.376  49.189 0.0000000000
51747  48.753  -13.751  30.163 0.0000000000
51746  49.670  -13.568  30.585 0.0000000000
47127  42.983  -20.187  27.978 0.0000000000
39449  38.927  -29.345  32.412 0.0000000000
40263  39.675  -28.459  33.294 0.0000000000
39422  40.269  -29.633  35.239 0.0000000000
33179  37.336  -37.435  40.053 0.0000000000
97767  37.694  -36.882  39.716 0.0000000000
54940  53.129  -9.827  19.066 0.0000000000
33130  28.051  -37.274  43.552 0.0000000000
89504  28.642  -37.627  43.774 0.0000000000
30736  15.544  -40.536  52.348 0.0000000000
30723  14.536  -40.697  54.446 0.0000000000
50226  45.949  -15.193  26.256 0.0000000000
51028  46.689  -14.743  27.987 0.0000000000
51018  46.466  -14.831  28.569 0.0000000000
45600  44.385  -22.084  30.912 0.0000000000
45561  44.083  -20.985  33.042 0.0000000000
46290  44.981  -20.559  35.316 0.0000000000
51069  46.324  -14.717  23.294 0.0000000000
27223  8.854  -45.983  52.195 0.0000000000
26584  7.954  -46.185  54.033 0.0000000000
44097  41.334  -23.570  28.045 0.0000000000
33194  32.377  -38.035  39.341 0.0000000000
33193  33.125  -38.434  39.019 0.0000000000
32380  34.671  -38.713  39.296 0.0000000000
32379  35.592  -38.693  39.502 0.0000000000
97731  34.991  -38.751  39.967 0.0000000000
33165  35.668  -38.333  41.935 0.0000000000
33127  31.285  -38.349  43.582 0.0000000000
33126  32.208  -38.451  43.722 0.0000000000
33912  36.202  -37.086  45.676 0.0000000000
32283  22.697  -38.973  46.426 0.0000000000
32301  20.763  -38.911  45.156 0.0000000000
31521  19.895  -39.831  46.938 0.0000000000
31533  19.594  -39.790  46.096 0.0000000000
32345  17.332  -39.125  42.332 0.0000000000
31555  14.908  -40.037  43.897 0.0000000000
33997  24.681  -36.411  39.142 0.0000000000
34779  26.197  -35.699  39.095 0.0000000000
33980  26.611  -36.240  40.772 0.0000000000
93490  26.235  -36.659  41.782 0.0000000000
33112  24.572  -37.953  44.052 0.0000000000
32296  25.131  -38.431  45.746 0.0000000000
91368  9.623  -43.455  56.433 0.0000000000
28422  10.250  -43.090  56.831 0.0000000000
53336  54.599  -11.572  26.515 0.0000000000
92170  54.644  -13.668  26.546 0.0000000000
52506  52.651  -12.715  30.829 0.0000000000
47892  44.094  -18.197  28.816 0.0000000000
48611  44.641  -17.593  29.220 0.0000000000
49364  45.581  -16.653  29.665 0.0000000000
46316  45.779  -21.079  31.348 0.0000000000
46307  46.369  -20.380  31.816 0.0000000000
43318  37.253  -25.303  31.051 0.0000000000
42589  38.027  -25.560  31.860 0.0000000000
99032  40.088  -27.175  33.759 0.0000000000
42572  40.468  -25.676  34.180 0.0000000000
42567  40.876  -25.533  35.019 0.0000000000
34024  38.359  -35.983  37.362 0.0000000000
34815  38.454  -35.627  36.558 0.0000000000
35592  39.057  -34.197  35.785 0.0000000000
36420  39.581  -33.490  36.277 0.0000000000
37145  40.114  -32.999  36.832 0.0000000000
35536  40.766  -34.567  42.536 0.0000000000
36350  41.001  -33.712  42.012 0.0000000000
37853  41.061  -31.828  39.479 0.0000000000
37868  40.825  -31.846  38.578 0.0000000000
39400  41.451  -29.258  38.436 0.0000000000
52587  48.813  -12.382  20.330 0.0000000000
53389  48.330  -11.645  19.967 0.0000000000
54159  50.407  -10.870  18.968 0.0000000000
54158  51.518  -10.901  19.040 0.0000000000
94211  52.707  -10.546  22.647 0.0000000000
54140  54.825  -10.509  22.892 0.0000000000
54967  54.690  -9.435  17.446 0.0000000000
54973  54.748  -9.705  16.442 0.0000000000
54188  55.021  -10.438  15.856 0.0000000000
54154  55.077  -10.959  19.523 0.0000000000
33090  27.270  -38.040  45.585 0.0000000000
33089  28.525  -37.877  45.645 0.0000000000
89717  28.024  -38.152  45.950 0.0000000000
32247  28.013  -39.492  48.278 0.0000000000
99605  12.974  -41.753  52.968 0.0000000000
29943  13.712  -41.206  53.660 0.0000000000
29936  13.693  -41.068  54.654 0.0000000000
29929  13.770  -41.074  55.526 0.0000000000
29920  13.944  -41.439  55.892 0.0000000000
92765  44.813  -15.513  24.692 0.0000000000
45563  42.964  -22.130  32.957 0.0000000000
44779  44.388  -21.523  36.337 0.0000000000
26600  7.706  -46.974  52.693 0.0000000000
25818  6.838  -48.465  54.062 0.0000000000
25809  6.526  -48.194  55.304 0.0000000000
25052  5.839  -48.661  56.224 0.0000000000
44071  38.877  -24.170  30.236 0.0000000000
33210  30.846  -37.119  38.849 0.0000000000
33209  31.683  -37.660  38.853 0.0000000000
32358  33.392  -38.694  41.482 0.0000000000
32311  23.158  -38.428  44.745 0.0000000000
30817  14.489  -40.434  44.418 0.0000000000
92758  14.112  -40.799  44.863 0.0000000000
33998  23.748  -36.720  39.196 0.0000000000
94765  24.243  -36.832  40.658 0.0000000000
102577  24.346  -36.945  41.330 0.0000000000
33952  24.023  -37.315  41.868 0.0000000000
33151  23.610  -37.629  42.576 0.0000000000
97285  53.574  -10.939  24.043 0.0000000000
53344  53.881  -11.286  25.805 0.0000000000
53345  53.096  -11.170  25.784 0.0000000000
53328  53.901  -11.344  27.528 0.0000000000
96774  49.889  -13.212  28.386 0.0000000000
52507  51.870  -12.654  30.837 0.0000000000
47893  43.534  -18.688  28.428 0.0000000000
47830  46.978  -18.565  34.881 0.0000000000
41051  37.559  -26.715  31.351 0.0000000000
41046  38.266  -26.666  31.957 0.0000000000
41033  39.876  -27.713  33.552 0.0000000000
41022  40.384  -27.298  35.183 0.0000000000
41000  41.029  -27.496  36.515 0.0000000000
34025  37.756  -36.758  37.326 0.0000000000
33993  37.916  -36.747  39.159 0.0000000000
100013  38.241  -36.343  38.002 0.0000000000
106188  39.177  -35.088  38.061 0.0000000000
35569  39.502  -34.533  38.320 0.0000000000
52580  47.448  -12.798  20.998 0.0000000000
51829  48.860  -13.366  21.596 0.0000000000
90729  52.003  -10.917  22.849 0.0000000000
91000  52.953  -10.755  23.915 0.0000000000
89413  29.038  -36.926  41.203 0.0000000000
33128  30.261  -38.087  43.344 0.0000000000
33129  29.313  -37.827  43.560 0.0000000000
33106  31.405  -38.224  45.144 0.0000000000
94423  29.187  -37.882  45.861 0.0000000000
33072  30.556  -38.034  46.998 0.0000000000
30765  17.606  -40.347  49.496 0.0000000000
30744  17.143  -40.833  51.050 0.0000000000
30733  18.018  -41.163  51.878 0.0000000000
30728  16.531  -40.740  53.240 0.0000000000
51047  48.996  -14.469  25.431 0.0000000000
106383  49.104  -14.270  26.155 0.0000000000
51756  48.482  -13.626  29.174 0.0000000000
50990  48.966  -14.468  31.440 0.0000000000
45609  43.776  -21.939  29.058 0.0000000000
46343  44.280  -21.389  29.180 0.0000000000
46299  44.567  -20.552  33.354 0.0000000000
92629  44.890  -20.342  34.195 0.0000000000
101566  46.799  -18.905  35.571 0.0000000000
101655  38.715  -30.903  32.502 0.0000000000
37934  39.588  -31.177  34.273 0.0000000000
100630  38.455  -36.058  42.754 0.0000000000
34750  39.062  -35.859  43.051 0.0000000000
34741  39.757  -35.676  43.197 0.0000000000
98996  52.190  -7.792  18.038 0.0000000000
55729  51.466  -8.194  18.190 0.0000000000
27792  10.589  -44.345  51.053 0.0000000000
105807  9.839  -44.228  53.639 0.0000000000
27774  9.357  -44.808  53.454 0.0000000000
27768  9.389  -44.286  54.524 0.0000000000
27761  9.041  -43.904  55.737 0.0000000000
107472  8.407  -44.210  56.185 0.0000000000
26592  7.748  -46.738  53.442 0.0000000000
27211  7.433  -46.043  54.917 0.0000000000
27206  7.340  -45.640  56.029 0.0000000000
105867  7.550  -45.184  56.697 0.0000000000
27759  7.878  -44.858  57.168 0.0000000000
47135  41.606  -19.879  27.199 0.0000000000
46358  42.288  -20.663  27.569 0.0000000000
45617  42.596  -21.697  27.877 0.0000000000
44865  43.301  -22.646  28.878 0.0000000000
44860  43.054  -23.183  29.359 0.0000000000
44819  42.540  -22.394  31.626 0.0000000000
44048  41.340  -23.698  30.189 0.0000000000
44810  42.491  -22.408  32.390 0.0000000000
44789  42.168  -22.878  34.222 0.0000000000
34055  33.603  -36.846  35.186 0.0000000000
33229  34.554  -37.570  36.213 0.0000000000
106750  35.263  -37.872  36.498 0.0000000000
33231  32.972  -37.726  36.840 0.0000000000
96267  34.587  -38.135  36.843 0.0000000000
33215  35.515  -38.276  37.167 0.0000000000
33192  36.841  -38.128  39.569 0.0000000000
33163  37.269  -37.154  40.956 0.0000000000
90479  31.156  -37.845  41.077 0.0000000000
32342  31.461  -38.424  42.244 0.0000000000
32360  31.651  -38.357  41.645 0.0000000000
32359  32.472  -38.553  41.552 0.0000000000
33104  33.649  -38.032  44.911 0.0000000000
32323  34.074  -38.382  43.326 0.0000000000
32338  34.916  -38.489  42.106 0.0000000000
88882  36.277  -37.812  42.182 0.0000000000
33143  36.325  -37.082  43.133 0.0000000000
33946  37.000  -37.068  42.505 0.0000000000
31501  24.611  -39.819  48.088 0.0000000000
31502  23.613  -39.861  48.028 0.0000000000
107370  22.833  -38.688  45.168 0.0000000000
103151  21.863  -39.674  47.613 0.0000000000
33155  19.687  -38.039  41.814 0.0000000000
32330  17.038  -39.607  43.243 0.0000000000
31535  17.851  -40.220  46.410 0.0000000000
95715  17.617  -40.158  47.171 0.0000000000
100293  12.988  -41.921  46.953 0.0000000000
29994  13.700  -41.615  48.877 0.0000000000
29976  13.567  -41.570  49.716 0.0000000000
29221  11.969  -42.620  50.312 0.0000000000
97259  10.710  -44.096  50.209 0.0000000000
27787  10.075  -45.164  51.072 0.0000000000
27233  9.238  -45.540  50.753 0.0000000000
27228  8.636  -46.004  51.270 0.0000000000
34029  29.321  -36.047  37.586 0.0000000000
105932  29.175  -36.197  38.228 0.0000000000
33996  28.761  -36.362  39.744 0.0000000000
34778  26.893  -35.651  39.288 0.0000000000
101107  28.459  -36.426  40.492 0.0000000000
33962  28.236  -36.747  41.868 0.0000000000
103804  27.779  -36.755  42.156 0.0000000000
107275  27.429  -37.101  44.009 0.0000000000
33131  27.346  -37.314  44.508 0.0000000000
33936  25.827  -37.107  42.796 0.0000000000
33133  26.099  -37.197  43.605 0.0000000000
92666  27.196  -37.619  45.000 0.0000000000
32279  26.541  -38.817  46.846 0.0000000000
32249  26.129  -39.572  48.240 0.0000000000
30742  18.657  -41.187  50.544 0.0000000000
29199  11.638  -42.871  53.981 0.0000000000
28437  10.578  -43.384  55.177 0.0000000000
29192  11.126  -42.960  55.582 0.0000000000
29191  11.724  -42.674  55.039 0.0000000000
29181  12.263  -41.836  55.508 0.0000000000
29921  13.106  -41.731  56.342 0.0000000000
51789  50.971  -12.935  26.496 0.0000000000
94501  52.898  -12.210  29.619 0.0000000000
89109  52.724  -12.164  28.803 0.0000000000
49405  43.445  -16.381  25.472 0.0000000000
50206  44.829  -16.109  27.782 0.0000000000
48626  43.838  -17.024  28.166 0.0000000000
50184  48.048  -14.807  31.032 0.0000000000
46342  44.876  -21.229  29.591 0.0000000000
47117  45.075  -20.297  29.621 0.0000000000
47116  45.719  -20.129  30.100 0.0000000000
101476  47.596  -19.155  33.013 0.0000000000
47076  47.590  -19.287  32.225 0.0000000000
49347  47.428  -16.933  31.121 0.0000000000
50175  49.580  -14.464  32.378 0.0000000000
43324  38.120  -24.548  30.655 0.0000000000
42588  38.596  -25.554  32.291 0.0000000000
41804  39.427  -26.040  33.141 0.0000000000
43308  38.969  -25.093  32.398 0.0000000000
44021  40.173  -24.262  32.809 0.0000000000
44011  41.117  -24.164  33.945 0.0000000000
43288  41.340  -24.303  34.746 0.0000000000
34036  36.748  -36.922  36.179 0.0000000000
34052  36.472  -36.466  35.553 0.0000000000
34816  37.926  -35.943  36.085 0.0000000000
37205  38.879  -32.443  34.235 0.0000000000
34756  38.710  -35.591  42.149 0.0000000000
97764  38.755  -35.245  41.249 0.0000000000
35545  39.761  -34.474  41.851 0.0000000000
34761  39.270  -34.688  40.886 0.0000000000
35560  39.613  -34.403  39.189 0.0000000000
36396  39.892  -33.854  38.584 0.0000000000
37110  40.982  -32.704  40.865 0.0000000000
37880  40.666  -31.945  37.689 0.0000000000
37893  40.332  -32.133  36.707 0.0000000000
37894  39.962  -31.986  35.892 0.0000000000
38642  39.981  -30.438  34.776 0.0000000000
40246  40.419  -28.735  35.755 0.0000000000
97550  40.769  -28.971  36.415 0.0000000000
40237  40.799  -28.256  36.409 0.0000000000
39387  41.966  -29.495  39.655 0.0000000000
40208  41.935  -28.833  39.197 0.0000000000
40200  42.888  -28.267  40.140 0.0000000000
42546  41.873  -26.102  37.156 0.0000000000
42553  42.462  -25.325  37.179 0.0000000000
100036  51.418  -9.025  18.256 0.0000000000
54157  52.610  -10.725  19.272 0.0000000000
54147  55.467  -10.895  22.546 0.0000000000
89464  55.909  -11.083  22.170 0.0000000000
27762  8.200  -44.246  56.889 0.0000000000
38662  39.495  -30.039  33.326 0.0000000000
47107  46.626  -20.106  31.111 0.0000000000
95547  33.165  -37.473  36.242 0.0000000000
105611  35.237  -38.706  38.922 0.0000000000
105847  8.497  -44.069  57.148 0.0000000000
