#!ascii label  , from subject OASIS_0001 vox2ras=TkReg
855
92881  31.248  -34.010  32.961 0.0000000000
50248  41.609  -15.316  24.408 0.0000000000
92446  34.804  -24.576  28.420 0.0000000000
32317  12.503  -38.591  44.322 0.0000000000
38600  25.960  -29.883  38.379 0.0000000000
47128  34.736  -19.608  28.466 0.0000000000
35553  17.891  -34.935  39.622 0.0000000000
32364  15.567  -38.421  41.574 0.0000000000
35585  22.217  -34.259  36.979 0.0000000000
51060  45.750  -14.998  23.849 0.0000000000
37936  34.174  -31.089  33.885 0.0000000000
97720  35.012  -29.870  30.416 0.0000000000
36464  37.171  -33.790  33.261 0.0000000000
52558  43.822  -11.934  23.836 0.0000000000
52581  46.719  -12.526  21.377 0.0000000000
50216  37.865  -15.063  27.304 0.0000000000
47910  42.021  -18.158  26.853 0.0000000000
93925  38.096  -19.747  25.805 0.0000000000
44099  39.533  -23.855  27.552 0.0000000000
34818  29.817  -36.014  35.993 0.0000000000
29266  10.678  -42.024  46.497 0.0000000000
29230  7.321  -42.616  49.357 0.0000000000
28444  6.164  -43.462  53.069 0.0000000000
37921  28.506  -31.409  34.617 0.0000000000
36410  25.925  -33.750  36.878 0.0000000000
42595  31.063  -25.501  31.423 0.0000000000
41821  37.137  -26.066  31.241 0.0000000000
55718  48.518  -8.675  21.095 0.0000000000
51073  42.972  -15.063  23.950 0.0000000000
49405  43.445  -16.381  25.472 0.0000000000
37234  32.525  -32.962  32.849 0.0000000000
36483  34.991  -32.884  31.820 0.0000000000
35632  34.652  -34.540  33.030 0.0000000000
51798  41.187  -13.145  25.406 0.0000000000
52543  43.356  -12.083  26.260 0.0000000000
51806  42.636  -13.078  24.076 0.0000000000
95171  44.095  -13.372  23.043 0.0000000000
25838  6.183  -47.274  52.044 0.0000000000
48639  37.278  -17.191  26.364 0.0000000000
48629  36.010  -17.556  27.296 0.0000000000
44880  34.825  -22.360  27.681 0.0000000000
97251  36.261  -21.993  27.230 0.0000000000
43370  37.183  -24.321  27.734 0.0000000000
98180  37.532  -24.600  30.131 0.0000000000
32348  13.739  -38.090  42.882 0.0000000000
31563  15.282  -39.821  43.214 0.0000000000
31556  13.245  -40.054  43.771 0.0000000000
30036  13.207  -41.530  46.153 0.0000000000
30811  11.362  -40.483  45.177 0.0000000000
30784  8.536  -40.853  48.653 0.0000000000
29216  6.912  -43.045  51.608 0.0000000000
38630  27.292  -29.945  36.184 0.0000000000
36433  26.728  -32.551  35.537 0.0000000000
37900  25.440  -31.248  36.160 0.0000000000
34000  21.308  -36.980  38.847 0.0000000000
34014  23.329  -36.477  38.272 0.0000000000
38674  38.157  -30.243  31.545 0.0000000000
41063  36.211  -27.700  30.277 0.0000000000
47887  35.445  -18.339  29.528 0.0000000000
46336  34.099  -19.582  30.553 0.0000000000
91991  32.915  -22.511  29.491 0.0000000000
33197  19.120  -37.444  39.517 0.0000000000
32361  18.559  -38.180  40.808 0.0000000000
33987  16.996  -36.734  40.037 0.0000000000
33971  15.135  -36.585  41.886 0.0000000000
33925  13.683  -36.403  44.934 0.0000000000
37886  23.729  -31.825  37.351 0.0000000000
37139  21.553  -32.639  38.709 0.0000000000
35573  19.910  -34.795  37.881 0.0000000000
39430  33.350  -29.848  34.511 0.0000000000
40275  32.992  -29.215  31.756 0.0000000000
38677  34.184  -30.776  31.335 0.0000000000
37963  36.163  -31.645  31.129 0.0000000000
54144  46.082  -10.761  22.777 0.0000000000
53372  45.001  -12.264  22.790 0.0000000000
51824  46.462  -13.645  22.189 0.0000000000
51052  39.550  -14.751  25.513 0.0000000000
49407  40.825  -16.680  25.217 0.0000000000
48652  39.547  -17.230  25.508 0.0000000000
47913  39.449  -18.633  25.777 0.0000000000
46360  40.664  -21.044  26.732 0.0000000000
47137  35.900  -19.289  26.842 0.0000000000
45631  38.315  -21.242  26.449 0.0000000000
34850  30.451  -35.556  34.386 0.0000000000
34073  33.229  -36.437  34.411 0.0000000000
51778  40.263  -13.424  27.320 0.0000000000
32287  11.389  -38.491  46.403 0.0000000000
30792  9.902  -40.405  46.916 0.0000000000
29252  8.677  -42.286  47.582 0.0000000000
27800  9.265  -44.881  49.331 0.0000000000
27794  7.808  -44.970  50.132 0.0000000000
27236  6.592  -45.204  51.213 0.0000000000
97084  4.970  -45.809  53.281 0.0000000000
103298  3.456  -45.793  54.826 0.0000000000
36467  29.907  -33.534  33.710 0.0000000000
35622  28.738  -34.104  34.210 0.0000000000
35580  27.928  -34.912  36.966 0.0000000000
93610  24.459  -33.749  36.999 0.0000000000
91547  32.886  -24.750  29.669 0.0000000000
41054  32.932  -27.773  30.911 0.0000000000
41831  34.084  -26.085  30.442 0.0000000000
42601  35.687  -25.294  30.391 0.0000000000
34826  36.044  -35.974  35.015 0.0000000000
55723  49.815  -8.138  19.195 0.0000000000
54153  47.080  -10.531  20.857 0.0000000000
54161  48.534  -10.341  19.490 0.0000000000
50247  42.309  -15.363  24.260 0.0000000000
50236  43.486  -16.021  24.687 0.0000000000
49419  41.978  -15.892  24.535 0.0000000000
36466  31.990  -33.545  32.799 0.0000000000
35644  33.304  -33.930  32.544 0.0000000000
35634  32.869  -34.479  32.808 0.0000000000
51809  40.823  -13.914  25.004 0.0000000000
51797  41.886  -13.061  24.759 0.0000000000
51807  41.979  -13.812  24.278 0.0000000000
51818  42.731  -14.176  23.796 0.0000000000
25829  5.675  -47.772  52.498 0.0000000000
49376  36.708  -16.218  28.507 0.0000000000
48614  36.269  -16.962  29.217 0.0000000000
44867  34.272  -23.058  28.076 0.0000000000
44103  35.899  -23.471  27.581 0.0000000000
43371  36.260  -24.204  27.820 0.0000000000
43360  37.610  -24.644  28.319 0.0000000000
95254  35.720  -24.658  28.377 0.0000000000
105795  12.997  -38.306  43.781 0.0000000000
31565  13.729  -39.535  43.380 0.0000000000
31557  12.482  -39.637  44.106 0.0000000000
30819  11.876  -40.094  44.565 0.0000000000
32318  11.893  -39.222  44.691 0.0000000000
92971  26.763  -29.693  37.997 0.0000000000
38632  25.780  -30.434  36.356 0.0000000000
38613  25.295  -30.239  37.298 0.0000000000
33986  20.796  -37.270  39.647 0.0000000000
41026  31.500  -27.554  34.299 0.0000000000
39457  38.485  -29.468  31.753 0.0000000000
91520  33.172  -21.447  29.846 0.0000000000
45601  33.011  -21.086  30.706 0.0000000000
34767  18.057  -35.903  39.027 0.0000000000
34004  17.722  -36.722  39.504 0.0000000000
34768  17.263  -35.769  39.865 0.0000000000
34752  16.145  -35.226  42.212 0.0000000000
34743  15.345  -35.002  43.521 0.0000000000
33940  14.216  -36.203  43.220 0.0000000000
37115  22.826  -31.659  39.809 0.0000000000
36390  19.326  -33.956  39.469 0.0000000000
36389  20.045  -33.402  39.603 0.0000000000
35574  19.174  -35.004  38.490 0.0000000000
34796  19.467  -35.696  38.121 0.0000000000
39450  33.757  -30.259  33.042 0.0000000000
38668  33.936  -30.751  32.375 0.0000000000
36475  35.120  -33.591  32.177 0.0000000000
37243  35.585  -32.315  31.570 0.0000000000
37230  36.898  -32.847  32.363 0.0000000000
37953  37.860  -32.026  32.418 0.0000000000
36463  37.921  -33.087  33.344 0.0000000000
52551  43.120  -11.924  25.263 0.0000000000
53357  45.025  -11.103  23.844 0.0000000000
53365  44.582  -11.750  23.461 0.0000000000
51071  44.420  -14.640  23.373 0.0000000000
51826  44.880  -13.969  22.884 0.0000000000
51069  46.324  -14.717  23.294 0.0000000000
50239  38.834  -15.097  25.822 0.0000000000
50238  39.423  -15.522  25.357 0.0000000000
49410  38.654  -15.895  25.670 0.0000000000
47915  37.624  -18.011  26.114 0.0000000000
47914  38.614  -18.236  25.855 0.0000000000
104552  38.785  -19.197  25.777 0.0000000000
47147  40.361  -19.613  26.444 0.0000000000
90567  38.962  -20.050  25.858 0.0000000000
97707  34.892  -18.924  29.169 0.0000000000
47138  35.485  -18.778  27.544 0.0000000000
93484  35.202  -19.723  27.481 0.0000000000
44877  37.976  -22.825  27.095 0.0000000000
45625  37.754  -21.850  26.722 0.0000000000
44876  39.055  -22.968  27.142 0.0000000000
45623  39.550  -22.220  26.735 0.0000000000
34828  30.089  -35.924  35.037 0.0000000000
34057  31.427  -36.409  35.111 0.0000000000
51021  38.255  -14.565  28.012 0.0000000000
51029  39.005  -14.253  26.888 0.0000000000
51792  39.464  -14.017  26.412 0.0000000000
32362  17.381  -38.659  41.449 0.0000000000
32345  17.332  -39.125  42.332 0.0000000000
30023  12.204  -41.910  46.188 0.0000000000
100293  12.988  -41.921  46.953 0.0000000000
29264  12.226  -42.310  47.097 0.0000000000
29240  10.943  -42.921  48.032 0.0000000000
32271  10.646  -38.887  47.754 0.0000000000
31525  10.241  -39.647  47.266 0.0000000000
31526  9.563  -40.053  47.677 0.0000000000
29242  7.735  -42.116  48.604 0.0000000000
100523  8.201  -42.021  47.932 0.0000000000
29241  8.118  -42.659  48.004 0.0000000000
28486  8.934  -43.849  48.172 0.0000000000
28476  8.176  -43.839  48.733 0.0000000000
27801  8.169  -44.550  49.376 0.0000000000
28477  7.430  -43.587  49.439 0.0000000000
29208  6.689  -43.051  52.392 0.0000000000
27796  6.695  -44.257  51.019 0.0000000000
27782  6.013  -44.624  52.366 0.0000000000
27789  5.921  -45.288  51.924 0.0000000000
90651  5.489  -45.092  52.881 0.0000000000
37898  30.083  -31.240  36.005 0.0000000000
37209  30.369  -32.102  34.491 0.0000000000
37938  29.516  -31.895  34.307 0.0000000000
36452  29.295  -33.744  33.833 0.0000000000
37211  28.593  -32.347  34.186 0.0000000000
36424  26.232  -32.947  36.213 0.0000000000
36423  27.031  -33.427  35.996 0.0000000000
35596  26.719  -33.913  36.749 0.0000000000
37153  22.423  -32.887  37.424 0.0000000000
36412  23.613  -33.391  36.890 0.0000000000
35584  23.049  -34.381  36.851 0.0000000000
34791  24.613  -35.762  38.099 0.0000000000
48650  41.209  -17.236  25.621 0.0000000000
49393  42.643  -16.774  25.907 0.0000000000
48635  42.315  -17.419  26.530 0.0000000000
43310  30.940  -24.397  31.813 0.0000000000
44053  31.500  -24.125  30.483 0.0000000000
43330  31.663  -24.797  30.510 0.0000000000
39460  33.413  -29.490  31.103 0.0000000000
40284  32.918  -28.765  31.042 0.0000000000
40292  34.255  -28.759  30.325 0.0000000000
41052  36.764  -26.719  30.774 0.0000000000
41064  35.217  -27.167  30.459 0.0000000000
41823  35.483  -26.171  30.618 0.0000000000
42602  34.801  -25.512  30.314 0.0000000000
42593  36.846  -25.634  30.979 0.0000000000
43318  37.253  -25.303  31.051 0.0000000000
34827  35.155  -36.235  34.827 0.0000000000
96146  49.194  -8.301  19.870 0.0000000000
53370  46.171  -11.345  22.102 0.0000000000
93799  46.528  -10.608  22.195 0.0000000000
53391  46.938  -11.285  20.936 0.0000000000
53389  48.330  -11.645  19.967 0.0000000000
53397  49.772  -11.335  19.379 0.0000000000
96327  18.100  -34.254  40.323 0.0000000000
35554  17.492  -34.712  40.495 0.0000000000
50253  44.843  -15.177  23.929 0.0000000000
50244  45.510  -15.304  24.557 0.0000000000
50245  44.152  -15.564  24.392 0.0000000000
37948  33.800  -31.795  33.111 0.0000000000
37955  34.021  -31.971  32.443 0.0000000000
36476  33.767  -33.298  32.420 0.0000000000
35643  34.294  -33.900  32.447 0.0000000000
35631  35.616  -34.534  33.213 0.0000000000
52532  42.538  -12.476  27.485 0.0000000000
52552  41.923  -12.581  25.446 0.0000000000
52560  42.436  -12.382  24.841 0.0000000000
52559  43.135  -12.168  24.381 0.0000000000
52566  43.476  -12.721  23.565 0.0000000000
51817  43.355  -13.668  23.422 0.0000000000
51072  43.551  -14.508  23.535 0.0000000000
25837  6.881  -47.254  52.025 0.0000000000
49394  37.858  -16.413  26.170 0.0000000000
49384  36.742  -16.265  27.416 0.0000000000
48640  36.591  -17.018  26.966 0.0000000000
47916  36.650  -17.913  26.520 0.0000000000
102503  34.409  -21.041  28.333 0.0000000000
97541  35.352  -20.762  27.412 0.0000000000
103639  35.443  -21.688  27.428 0.0000000000
44878  36.464  -22.874  27.296 0.0000000000
44101  37.616  -23.724  27.398 0.0000000000
43359  38.491  -24.500  28.374 0.0000000000
102272  38.271  -24.349  29.924 0.0000000000
34028  30.111  -36.504  37.408 0.0000000000
32347  14.814  -38.324  41.906 0.0000000000
93462  15.627  -39.111  42.064 0.0000000000
31571  14.826  -39.229  42.490 0.0000000000
30823  14.063  -40.152  43.714 0.0000000000
92758  14.112  -40.799  44.863 0.0000000000
106033  12.213  -40.933  44.916 0.0000000000
30039  10.835  -40.940  45.688 0.0000000000
30769  8.924  -40.207  49.010 0.0000000000
29964  7.771  -41.094  49.933 0.0000000000
29965  7.318  -41.669  50.426 0.0000000000
29222  7.005  -43.009  50.111 0.0000000000
29215  7.013  -42.458  50.899 0.0000000000
29952  6.774  -42.005  52.725 0.0000000000
29200  6.339  -42.600  53.283 0.0000000000
38629  28.388  -30.172  36.110 0.0000000000
37922  27.441  -31.337  34.857 0.0000000000
37923  26.754  -30.927  35.346 0.0000000000
37899  26.078  -31.231  35.693 0.0000000000
36425  25.395  -32.836  36.574 0.0000000000
100265  21.089  -35.736  37.461 0.0000000000
34793  22.923  -35.940  37.405 0.0000000000
34015  22.490  -36.529  38.037 0.0000000000
47903  41.799  -19.003  27.058 0.0000000000
41817  30.805  -26.565  32.055 0.0000000000
38685  36.921  -30.155  30.624 0.0000000000
93708  35.942  -28.903  30.111 0.0000000000
39458  37.930  -29.519  31.222 0.0000000000
40281  38.281  -28.782  31.431 0.0000000000
54934  47.996  -9.228  21.518 0.0000000000
25819  3.452  -48.140  54.017 0.0000000000
47878  35.893  -18.222  30.471 0.0000000000
47119  35.078  -18.641  29.916 0.0000000000
46344  34.080  -20.088  29.631 0.0000000000
45610  33.959  -21.015  28.863 0.0000000000
44868  33.556  -22.753  28.679 0.0000000000
44091  33.766  -23.717  28.514 0.0000000000
97587  19.615  -37.679  40.195 0.0000000000
33172  19.310  -37.976  40.904 0.0000000000
33186  18.856  -37.872  40.167 0.0000000000
32374  17.700  -38.179  40.703 0.0000000000
107166  16.227  -37.607  40.719 0.0000000000
34758  16.335  -35.710  41.252 0.0000000000
33173  15.682  -37.185  41.113 0.0000000000
33174  15.259  -37.686  41.509 0.0000000000
33157  14.185  -37.446  42.613 0.0000000000
33116  13.813  -36.979  43.495 0.0000000000
93417  13.325  -37.011  45.027 0.0000000000
38602  24.393  -30.907  38.314 0.0000000000
37860  23.335  -31.462  39.058 0.0000000000
37126  22.693  -31.898  38.675 0.0000000000
36400  21.759  -33.093  37.765 0.0000000000
36388  20.798  -32.920  39.106 0.0000000000
36401  21.034  -33.371  38.172 0.0000000000
34809  20.741  -34.905  37.413 0.0000000000
34795  20.198  -35.670  37.669 0.0000000000
34001  20.342  -36.895  38.831 0.0000000000
40254  32.996  -29.248  34.884 0.0000000000
40255  32.485  -28.749  34.341 0.0000000000
39443  33.411  -29.845  33.503 0.0000000000
39451  33.494  -29.828  32.251 0.0000000000
92265  34.553  -30.291  30.757 0.0000000000
37244  34.807  -32.090  31.538 0.0000000000
37973  35.378  -31.241  30.787 0.0000000000
37972  36.043  -30.978  30.636 0.0000000000
37962  37.313  -31.682  31.653 0.0000000000
37228  38.546  -31.707  32.969 0.0000000000
54135  46.287  -10.548  23.695 0.0000000000
54145  45.685  -11.263  22.675 0.0000000000
52582  46.123  -12.213  21.867 0.0000000000
52574  44.863  -13.095  22.662 0.0000000000
51825  45.629  -13.472  22.388 0.0000000000
50237  40.262  -15.229  24.994 0.0000000000
49420  40.911  -15.930  24.770 0.0000000000
93919  40.031  -15.926  25.101 0.0000000000
49408  40.168  -16.547  25.234 0.0000000000
48637  40.811  -17.948  25.875 0.0000000000
48653  38.735  -16.796  25.708 0.0000000000
47924  39.308  -17.949  25.726 0.0000000000
47912  40.358  -18.803  26.049 0.0000000000
47146  41.042  -19.312  26.724 0.0000000000
47135  41.606  -19.879  27.199 0.0000000000
48620  35.759  -17.464  28.350 0.0000000000
47904  35.942  -18.374  26.931 0.0000000000
46372  36.574  -19.788  26.315 0.0000000000
103754  36.058  -21.091  27.004 0.0000000000
45632  37.520  -21.032  26.519 0.0000000000
46370  38.297  -20.494  26.096 0.0000000000
46361  39.820  -21.347  26.554 0.0000000000
34864  31.439  -34.944  33.403 0.0000000000
34848  32.807  -35.830  33.812 0.0000000000
34074  32.242  -36.335  34.486 0.0000000000
94773  33.000  -37.105  35.686 0.0000000000
51791  39.982  -13.590  26.436 0.0000000000
51051  40.245  -14.360  25.301 0.0000000000
94270  12.416  -37.137  45.916 0.0000000000
106171  11.766  -37.860  46.482 0.0000000000
32303  11.986  -37.965  45.880 0.0000000000
31537  10.963  -39.372  45.882 0.0000000000
30801  10.307  -40.667  46.201 0.0000000000
30025  10.394  -41.384  46.246 0.0000000000
30783  9.034  -40.463  48.170 0.0000000000
30008  9.220  -41.730  47.178 0.0000000000
29267  9.984  -41.919  46.797 0.0000000000
28492  10.143  -43.106  47.840 0.0000000000
27806  10.248  -44.005  48.921 0.0000000000
26605  7.696  -46.183  51.037 0.0000000000
28467  7.048  -43.839  50.330 0.0000000000
27235  7.359  -45.475  50.753 0.0000000000
27229  6.819  -46.056  51.231 0.0000000000
26607  6.428  -46.677  51.637 0.0000000000
26608  5.819  -46.772  52.010 0.0000000000
26593  4.782  -46.681  53.287 0.0000000000
27770  4.865  -44.513  54.729 0.0000000000
27220  4.214  -46.087  54.229 0.0000000000
26594  3.838  -47.137  54.115 0.0000000000
37224  31.245  -33.416  33.122 0.0000000000
105614  30.810  -33.094  33.505 0.0000000000
96742  30.577  -33.692  33.361 0.0000000000
35637  29.964  -34.107  33.632 0.0000000000
34851  29.747  -35.254  34.519 0.0000000000
34829  29.408  -35.531  35.286 0.0000000000
36432  27.445  -33.108  35.072 0.0000000000
35603  28.390  -34.431  35.028 0.0000000000
34819  29.212  -35.775  36.714 0.0000000000
37885  24.294  -31.426  36.921 0.0000000000
36426  24.499  -32.861  36.864 0.0000000000
36411  25.139  -33.628  37.057 0.0000000000
34792  23.777  -35.846  37.619 0.0000000000
35572  25.344  -35.132  37.788 0.0000000000
35571  26.193  -34.992  37.967 0.0000000000
49418  42.664  -16.302  24.869 0.0000000000
91496  31.966  -22.496  30.905 0.0000000000
44073  32.553  -23.333  29.637 0.0000000000
43362  34.043  -24.444  28.655 0.0000000000
41047  31.542  -28.163  32.781 0.0000000000
91794  31.474  -27.845  32.027 0.0000000000
41824  31.855  -26.830  31.323 0.0000000000
91401  34.291  -27.832  30.319 0.0000000000
41065  33.478  -26.788  30.697 0.0000000000
41832  33.097  -26.107  30.664 0.0000000000
97663  33.584  -25.491  30.094 0.0000000000
100462  34.236  -25.270  29.835 0.0000000000
43341  35.244  -24.954  29.373 0.0000000000
43340  36.690  -24.889  30.331 0.0000000000
34847  33.732  -35.810  33.944 0.0000000000
34860  35.118  -35.062  33.685 0.0000000000
35618  36.775  -34.825  34.174 0.0000000000
35601  37.348  -35.005  34.731 0.0000000000
35629  37.336  -34.366  34.048 0.0000000000
56539  50.659  -7.731  18.531 0.0000000000
54932  47.465  -9.685  21.878 0.0000000000
54937  48.050  -9.276  20.560 0.0000000000
53390  47.499  -11.230  20.360 0.0000000000
93575  47.691  -10.133  20.164 0.0000000000
54942  48.409  -9.412  19.749 0.0000000000
54941  49.151  -9.805  19.170 0.0000000000
54947  50.514  -9.478  18.474 0.0000000000
35635  32.032  -34.321  32.814 0.0000000000
35645  32.595  -33.965  32.606 0.0000000000
51062  41.352  -14.467  24.503 0.0000000000
51061  42.162  -14.751  24.134 0.0000000000
25083  5.262  -48.599  52.939 0.0000000000
44090  34.490  -23.953  28.066 0.0000000000
43372  35.310  -24.117  27.843 0.0000000000
100479  12.096  -38.466  45.088 0.0000000000
38601  25.027  -30.375  38.293 0.0000000000
33184  21.045  -37.451  40.554 0.0000000000
41025  32.093  -28.050  34.736 0.0000000000
35552  18.632  -34.202  39.720 0.0000000000
35562  19.010  -34.463  39.048 0.0000000000
35563  18.560  -35.045  39.039 0.0000000000
34797  18.793  -35.734  38.580 0.0000000000
38664  33.998  -30.684  33.522 0.0000000000
37947  34.014  -31.253  32.772 0.0000000000
36465  36.031  -33.877  32.750 0.0000000000
37231  35.945  -33.049  32.124 0.0000000000
36474  36.704  -33.404  32.621 0.0000000000
36473  37.319  -33.211  32.813 0.0000000000
53359  43.714  -11.655  24.811 0.0000000000
53350  43.832  -11.829  25.692 0.0000000000
53358  44.427  -11.433  24.402 0.0000000000
51070  45.343  -14.669  23.282 0.0000000000
26599  8.108  -46.605  51.901 0.0000000000
51043  38.520  -14.803  26.554 0.0000000000
50229  38.124  -15.493  26.324 0.0000000000
91968  37.891  -18.860  25.837 0.0000000000
92706  35.108  -18.908  28.451 0.0000000000
44100  38.522  -23.722  27.397 0.0000000000
34058  30.665  -36.309  35.610 0.0000000000
34041  30.465  -36.466  36.541 0.0000000000
51030  38.493  -14.529  27.356 0.0000000000
32346  16.411  -38.759  41.663 0.0000000000
29265  11.405  -42.319  46.648 0.0000000000
29249  11.531  -42.669  47.505 0.0000000000
29250  10.581  -42.619  47.121 0.0000000000
96200  9.987  -39.325  48.093 0.0000000000
28487  7.677  -43.046  48.612 0.0000000000
99713  8.281  -43.356  48.159 0.0000000000
27781  6.371  -43.952  52.390 0.0000000000
28451  5.849  -44.209  52.975 0.0000000000
38628  29.304  -30.614  36.027 0.0000000000
37920  29.433  -31.118  35.140 0.0000000000
35581  27.150  -34.646  37.315 0.0000000000
35582  26.432  -34.464  37.436 0.0000000000
36414  22.083  -33.529  37.190 0.0000000000
36413  22.711  -33.485  37.008 0.0000000000
48636  41.611  -17.734  26.210 0.0000000000
43320  30.801  -25.143  31.816 0.0000000000
43319  31.115  -24.730  31.079 0.0000000000
42604  31.583  -25.444  30.960 0.0000000000
39473  34.215  -29.578  30.587 0.0000000000
39474  33.597  -29.041  30.627 0.0000000000
94609  35.057  -29.218  30.233 0.0000000000
41051  37.559  -26.715  31.351 0.0000000000
41822  36.391  -26.037  30.836 0.0000000000
55720  49.116  -8.209  20.715 0.0000000000
55721  48.626  -8.722  20.140 0.0000000000
53381  46.575  -11.743  21.384 0.0000000000
35547  18.053  -34.011  41.205 0.0000000000
35539  17.984  -33.869  42.138 0.0000000000
35546  18.710  -33.690  40.777 0.0000000000
50254  43.912  -15.138  23.825 0.0000000000
37233  33.423  -32.645  32.623 0.0000000000
35633  33.752  -34.484  32.904 0.0000000000
35642  35.113  -34.154  32.577 0.0000000000
51790  40.795  -13.071  26.463 0.0000000000
52545  41.517  -12.700  26.084 0.0000000000
50209  37.146  -15.570  27.878 0.0000000000
49377  36.137  -16.780  27.898 0.0000000000
45627  34.799  -21.398  27.788 0.0000000000
44102  36.776  -23.661  27.457 0.0000000000
43369  38.051  -24.301  27.705 0.0000000000
91716  37.071  -24.747  29.261 0.0000000000
43339  37.973  -24.603  29.118 0.0000000000
43324  38.120  -24.548  30.655 0.0000000000
50208  37.803  -15.086  28.464 0.0000000000
105639  14.276  -38.427  42.475 0.0000000000
32331  14.080  -38.996  42.942 0.0000000000
30818  13.665  -40.553  44.321 0.0000000000
30810  12.759  -40.482  44.344 0.0000000000
30038  11.671  -41.291  45.484 0.0000000000
30749  7.652  -40.939  50.838 0.0000000000
29957  7.221  -41.554  51.341 0.0000000000
38611  27.119  -29.680  37.241 0.0000000000
38610  28.233  -29.901  37.231 0.0000000000
38646  26.918  -30.447  35.584 0.0000000000
37167  25.701  -32.070  36.087 0.0000000000
37901  24.838  -31.890  36.534 0.0000000000
100699  21.606  -36.523  37.944 0.0000000000
104362  22.065  -36.856  38.642 0.0000000000
41806  30.669  -26.490  32.784 0.0000000000
38675  37.515  -30.236  31.079 0.0000000000
39470  37.264  -29.521  30.732 0.0000000000
39449  38.927  -29.345  32.412 0.0000000000
97184  38.764  -28.510  31.956 0.0000000000
25810  2.782  -47.305  54.598 0.0000000000
46345  33.637  -20.971  29.493 0.0000000000
45611  33.462  -21.764  29.002 0.0000000000
33188  17.648  -37.523  40.022 0.0000000000
33189  16.919  -37.570  40.374 0.0000000000
34751  16.768  -34.867  41.896 0.0000000000
34757  16.868  -35.228  40.854 0.0000000000
33938  15.547  -35.503  42.481 0.0000000000
33970  15.783  -36.153  41.528 0.0000000000
33156  14.709  -37.344  41.955 0.0000000000
33954  14.607  -36.664  42.480 0.0000000000
33924  13.907  -35.983  44.243 0.0000000000
33117  13.492  -36.962  44.267 0.0000000000
37859  24.140  -30.901  39.370 0.0000000000
37127  22.159  -32.104  39.241 0.0000000000
37138  22.208  -32.429  38.246 0.0000000000
35561  19.553  -34.183  38.755 0.0000000000
36402  20.258  -33.740  38.485 0.0000000000
35587  20.645  -34.195  37.749 0.0000000000
34018  19.092  -36.263  38.528 0.0000000000
34017  19.794  -36.341  38.161 0.0000000000
34002  19.481  -36.839  38.884 0.0000000000
33185  19.990  -37.277  39.549 0.0000000000
92862  33.021  -29.323  33.903 0.0000000000
100665  33.810  -30.314  32.085 0.0000000000
39459  33.922  -30.070  31.326 0.0000000000
38688  34.762  -30.908  30.795 0.0000000000
37232  34.308  -32.561  32.086 0.0000000000
37954  34.214  -31.558  31.813 0.0000000000
37242  36.520  -32.324  31.834 0.0000000000
37964  35.296  -31.771  31.144 0.0000000000
38676  36.880  -30.879  30.967 0.0000000000
107579  38.111  -32.388  33.002 0.0000000000
95807  43.119  -12.227  27.047 0.0000000000
54128  45.747  -10.760  24.269 0.0000000000
53364  45.192  -11.489  23.013 0.0000000000
53371  45.574  -11.847  22.404 0.0000000000
52565  44.258  -12.504  23.163 0.0000000000
51078  45.883  -14.212  22.684 0.0000000000
52572  46.225  -12.987  21.891 0.0000000000
49409  39.400  -16.317  25.367 0.0000000000
48651  40.393  -17.285  25.458 0.0000000000
48638  38.162  -17.370  26.016 0.0000000000
47923  39.971  -18.018  25.616 0.0000000000
46368  39.902  -20.338  26.421 0.0000000000
47136  40.830  -20.119  26.799 0.0000000000
46359  41.431  -20.775  27.118 0.0000000000
47895  35.821  -17.737  29.399 0.0000000000
47150  36.546  -18.873  26.401 0.0000000000
94608  37.899  -20.767  26.294 0.0000000000
46369  39.063  -20.829  26.339 0.0000000000
45630  39.080  -21.544  26.537 0.0000000000
105736  30.781  -35.126  33.878 0.0000000000
92774  32.013  -35.696  33.771 0.0000000000
34849  31.286  -35.798  34.230 0.0000000000
34056  32.239  -36.815  35.466 0.0000000000
51777  41.131  -13.105  27.672 0.0000000000
51800  39.757  -14.101  25.858 0.0000000000
32343  18.991  -38.345  41.431 0.0000000000
33155  19.687  -38.039  41.814 0.0000000000
101040  15.672  -39.566  42.691 0.0000000000
33095  12.980  -36.732  45.690 0.0000000000
90579  11.175  -38.349  47.363 0.0000000000
33079  11.630  -37.750  47.031 0.0000000000
32304  11.508  -38.857  45.442 0.0000000000
31538  10.460  -39.909  46.388 0.0000000000
30026  9.741  -41.173  46.676 0.0000000000
30794  8.745  -41.066  48.023 0.0000000000
30009  8.679  -41.587  47.684 0.0000000000
29251  9.476  -42.581  47.374 0.0000000000
28493  9.398  -43.314  47.818 0.0000000000
27807  9.590  -44.306  48.813 0.0000000000
28485  9.831  -43.755  48.281 0.0000000000
27238  8.763  -45.130  50.041 0.0000000000
27234  8.256  -45.625  50.561 0.0000000000
28468  6.844  -43.424  50.896 0.0000000000
27788  6.384  -44.532  51.751 0.0000000000
27230  6.049  -46.017  51.603 0.0000000000
27224  5.427  -46.091  52.379 0.0000000000
26601  5.298  -47.031  52.591 0.0000000000
27212  4.040  -45.178  54.636 0.0000000000
26586  3.258  -46.513  54.802 0.0000000000
37223  31.905  -32.975  33.189 0.0000000000
104689  30.121  -32.463  34.024 0.0000000000
37225  30.276  -33.078  33.723 0.0000000000
35636  30.647  -34.414  33.443 0.0000000000
35621  29.441  -34.497  34.043 0.0000000000
35602  29.052  -34.855  34.717 0.0000000000
37186  27.305  -32.186  34.863 0.0000000000
35595  27.423  -34.231  36.464 0.0000000000
35604  27.741  -33.936  35.499 0.0000000000
35594  28.095  -34.700  35.961 0.0000000000
34830  28.752  -35.124  35.566 0.0000000000
34820  28.587  -35.314  36.418 0.0000000000
34803  28.571  -35.498  37.359 0.0000000000
37873  23.775  -31.386  38.245 0.0000000000
93697  24.110  -31.277  37.549 0.0000000000
37151  23.956  -32.229  36.938 0.0000000000
34806  23.281  -35.254  37.029 0.0000000000
34790  25.449  -35.810  38.670 0.0000000000
49406  41.671  -16.569  25.133 0.0000000000
43329  32.089  -24.460  29.990 0.0000000000
44052  32.031  -23.719  29.999 0.0000000000
43344  32.615  -24.044  29.510 0.0000000000
43343  33.350  -24.284  29.088 0.0000000000
40266  32.345  -28.809  33.270 0.0000000000
105306  32.507  -28.229  31.293 0.0000000000
41055  32.086  -27.651  31.426 0.0000000000
41056  31.285  -27.159  31.741 0.0000000000
40283  36.833  -28.706  30.455 0.0000000000
40291  35.152  -28.283  30.201 0.0000000000
92686  34.436  -26.712  30.544 0.0000000000
43327  35.020  -25.077  30.145 0.0000000000
43342  34.414  -24.919  29.234 0.0000000000
43326  35.819  -25.044  30.302 0.0000000000
43325  37.422  -24.972  30.851 0.0000000000
34862  33.294  -35.152  33.317 0.0000000000
34846  34.706  -35.739  34.147 0.0000000000
34845  35.635  -35.600  34.330 0.0000000000
35619  36.058  -34.970  33.928 0.0000000000
34844  36.493  -35.384  34.534 0.0000000000
106236  38.318  -33.743  34.435 0.0000000000
56533  50.287  -7.229  19.620 0.0000000000
55730  50.582  -8.591  18.424 0.0000000000
54143  46.683  -10.295  23.059 0.0000000000
54150  46.939  -10.265  21.539 0.0000000000
54935  47.338  -9.780  20.950 0.0000000000
53398  48.861  -11.169  19.483 0.0000000000
97776  48.100  -10.910  19.803 0.0000000000
96644  43.455  -15.508  24.244 0.0000000000
50246  42.806  -15.714  24.384 0.0000000000
36477  32.891  -33.422  32.620 0.0000000000
51808  41.388  -13.608  24.749 0.0000000000
44104  35.019  -23.323  27.684 0.0000000000
43361  36.673  -24.680  28.342 0.0000000000
32332  13.461  -38.663  43.312 0.0000000000
31566  13.006  -39.149  43.672 0.0000000000
31546  11.283  -39.663  45.142 0.0000000000
30739  7.519  -40.730  51.697 0.0000000000
103918  26.520  -29.932  36.504 0.0000000000
38612  26.160  -29.813  37.237 0.0000000000
37884  24.905  -30.879  36.630 0.0000000000
33985  21.610  -37.258  39.909 0.0000000000
101282  31.187  -27.737  33.390 0.0000000000
38667  38.642  -30.194  32.129 0.0000000000
38663  39.110  -30.166  32.762 0.0000000000
46337  33.600  -20.531  30.224 0.0000000000
44842  32.573  -22.007  30.381 0.0000000000
34003  18.594  -36.706  39.056 0.0000000000
98670  16.027  -34.861  43.217 0.0000000000
33939  14.791  -35.697  42.828 0.0000000000
36375  19.395  -33.531  40.276 0.0000000000
107336  18.601  -36.193  38.728 0.0000000000
39442  33.729  -30.253  34.084 0.0000000000
37241  37.277  -32.317  32.177 0.0000000000
37229  37.609  -32.667  32.669 0.0000000000
51816  44.022  -14.083  23.142 0.0000000000
51077  46.848  -14.254  22.693 0.0000000000
47148  39.636  -19.470  25.979 0.0000000000
47896  35.478  -18.233  28.525 0.0000000000
100336  37.086  -22.347  27.079 0.0000000000
45626  36.909  -21.461  26.883 0.0000000000
45624  38.625  -22.115  26.715 0.0000000000
102046  30.791  -36.010  34.885 0.0000000000
102902  31.456  -36.766  36.197 0.0000000000
51011  39.357  -14.386  29.285 0.0000000000
51020  38.982  -14.040  28.038 0.0000000000
51779  39.550  -13.770  27.155 0.0000000000
51042  39.104  -14.451  26.043 0.0000000000
94856  18.261  -38.620  41.516 0.0000000000
32270  11.074  -38.202  48.286 0.0000000000
32288  10.886  -39.165  46.858 0.0000000000
29978  7.967  -41.299  49.053 0.0000000000
29996  8.279  -41.486  48.293 0.0000000000
28494  8.761  -43.061  47.765 0.0000000000
27808  8.815  -44.359  48.833 0.0000000000
27802  7.461  -44.307  49.935 0.0000000000
28459  6.715  -43.752  51.717 0.0000000000
27213  2.851  -45.893  54.993 0.0000000000
37210  29.431  -32.875  33.879 0.0000000000
36453  28.660  -33.261  34.087 0.0000000000
37152  23.166  -32.601  37.298 0.0000000000
33998  23.748  -36.720  39.196 0.0000000000
34780  24.055  -36.330  38.461 0.0000000000
33997  24.681  -36.411  39.142 0.0000000000
48649  41.901  -17.089  25.895 0.0000000000
44035  31.265  -23.663  31.940 0.0000000000
44042  31.173  -23.854  31.145 0.0000000000
44844  31.677  -23.355  30.660 0.0000000000
40293  33.568  -28.353  30.542 0.0000000000
92662  37.255  -27.673  30.843 0.0000000000
41053  35.995  -26.685  30.522 0.0000000000
41830  34.887  -25.963  30.543 0.0000000000
100398  35.438  -25.668  30.536 0.0000000000
42594  36.098  -25.624  30.647 0.0000000000
42600  36.561  -25.203  30.638 0.0000000000
34055  33.603  -36.846  35.186 0.0000000000
34054  34.163  -36.432  34.567 0.0000000000
34038  34.615  -36.918  35.456 0.0000000000
34053  35.666  -36.728  35.394 0.0000000000
54151  46.690  -10.968  21.479 0.0000000000
54160  49.465  -10.677  19.140 0.0000000000
35548  17.397  -34.449  41.534 0.0000000000
36374  20.116  -32.844  40.694 0.0000000000
92765  44.813  -15.513  24.692 0.0000000000
50235  44.296  -15.969  25.243 0.0000000000
104202  34.486  -33.263  32.148 0.0000000000
52544  42.419  -12.421  26.444 0.0000000000
97840  42.632  -12.219  25.653 0.0000000000
25836  7.498  -47.078  52.108 0.0000000000
50217  37.336  -15.814  26.892 0.0000000000
49395  37.107  -16.527  26.696 0.0000000000
100248  37.167  -18.588  26.118 0.0000000000
46363  34.729  -20.475  27.938 0.0000000000
44879  35.611  -22.611  27.455 0.0000000000
104171  37.180  -23.112  27.222 0.0000000000
43358  39.349  -24.363  28.306 0.0000000000
43338  38.979  -24.399  29.192 0.0000000000
34042  29.814  -36.132  36.873 0.0000000000
31564  14.476  -39.704  43.208 0.0000000000
30809  13.363  -41.108  45.140 0.0000000000
30037  12.554  -41.435  45.544 0.0000000000
30024  11.139  -41.701  46.004 0.0000000000
30770  8.349  -40.614  49.468 0.0000000000
29979  7.459  -41.814  49.539 0.0000000000
96709  7.161  -42.289  50.047 0.0000000000
29951  7.081  -41.321  52.206 0.0000000000
29958  7.062  -42.288  51.921 0.0000000000
38644  28.612  -30.718  35.328 0.0000000000
106161  27.967  -30.929  34.919 0.0000000000
38645  27.593  -30.551  35.376 0.0000000000
37187  26.669  -31.631  35.276 0.0000000000
38631  26.481  -30.457  35.851 0.0000000000
37166  26.217  -32.114  35.710 0.0000000000
34808  21.609  -34.997  37.095 0.0000000000
34807  22.510  -35.154  36.957 0.0000000000
34794  22.033  -35.887  37.312 0.0000000000
33999  22.803  -36.879  39.135 0.0000000000
47911  41.285  -18.483  26.486 0.0000000000
41807  30.694  -25.668  32.449 0.0000000000
42596  30.861  -25.857  31.796 0.0000000000
39472  35.727  -29.764  30.193 0.0000000000
39471  36.505  -29.607  30.319 0.0000000000
40282  37.657  -28.684  30.998 0.0000000000
47886  36.142  -17.985  30.310 0.0000000000
47120  34.565  -19.377  29.376 0.0000000000
46353  34.357  -20.273  28.776 0.0000000000
91835  34.149  -21.931  28.278 0.0000000000
106670  20.336  -37.496  40.208 0.0000000000
33198  18.365  -37.467  39.699 0.0000000000
33187  18.254  -37.879  40.288 0.0000000000
32375  16.701  -38.253  40.885 0.0000000000
32363  15.852  -38.069  41.040 0.0000000000
34769  16.721  -36.057  40.514 0.0000000000
33988  16.312  -36.744  40.691 0.0000000000
103192  13.780  -37.558  43.123 0.0000000000
33140  13.382  -37.711  43.532 0.0000000000
33118  13.029  -37.704  44.325 0.0000000000
38586  24.780  -30.512  39.078 0.0000000000
37874  23.149  -31.820  37.988 0.0000000000
37137  22.706  -32.298  37.839 0.0000000000
37128  21.574  -32.470  39.745 0.0000000000
35586  21.392  -34.040  37.337 0.0000000000
34016  20.674  -36.426  38.014 0.0000000000
40265  32.929  -29.309  32.755 0.0000000000
37965  34.709  -31.419  31.126 0.0000000000
38687  35.399  -30.504  30.492 0.0000000000
38686  36.269  -30.347  30.425 0.0000000000
37961  37.790  -30.913  31.484 0.0000000000
37952  38.165  -31.374  32.086 0.0000000000
97525  38.334  -30.779  31.903 0.0000000000
54136  45.602  -10.927  23.305 0.0000000000
52573  45.547  -12.677  22.274 0.0000000000
50249  40.964  -15.169  24.614 0.0000000000
47925  38.890  -17.532  25.773 0.0000000000
47905  35.679  -18.080  27.644 0.0000000000
47149  37.245  -19.364  25.971 0.0000000000
46362  35.912  -20.215  26.835 0.0000000000
45633  36.706  -20.636  26.561 0.0000000000
46371  37.449  -20.279  26.100 0.0000000000
101593  41.180  -21.511  27.157 0.0000000000
34863  32.391  -35.118  33.257 0.0000000000
101726  32.859  -36.746  35.055 0.0000000000
51799  40.411  -13.615  25.712 0.0000000000
51063  40.707  -14.645  24.801 0.0000000000
96166  19.078  -38.651  42.264 0.0000000000
31570  16.390  -39.421  42.538 0.0000000000
33096  12.625  -37.685  45.176 0.0000000000
32286  12.120  -37.215  46.606 0.0000000000
30812  10.769  -40.139  45.662 0.0000000000
31509  9.448  -39.787  48.517 0.0000000000
30793  9.184  -40.903  47.390 0.0000000000
28484  10.678  -43.477  48.548 0.0000000000
27228  8.636  -46.004  51.270 0.0000000000
27795  7.110  -44.665  50.553 0.0000000000
26606  7.235  -46.703  51.536 0.0000000000
25830  4.656  -47.821  53.171 0.0000000000
104574  5.780  -43.818  53.598 0.0000000000
27775  5.379  -44.435  53.731 0.0000000000
27219  4.803  -45.173  53.861 0.0000000000
35620  30.152  -34.839  33.949 0.0000000000
37212  27.869  -31.979  34.474 0.0000000000
36454  27.990  -32.758  34.455 0.0000000000
36431  28.140  -33.616  34.620 0.0000000000
106373  29.075  -35.681  35.958 0.0000000000
38614  24.575  -30.790  37.422 0.0000000000
34805  24.171  -34.753  37.098 0.0000000000
98297  24.992  -34.299  37.327 0.0000000000
35583  25.687  -34.421  37.429 0.0000000000
48628  42.664  -17.800  27.260 0.0000000000
45583  32.372  -21.693  31.206 0.0000000000
44843  32.252  -22.901  30.183 0.0000000000
44072  33.100  -23.485  29.117 0.0000000000
41035  31.788  -28.296  33.858 0.0000000000
40276  32.253  -28.558  31.962 0.0000000000
41048  30.881  -27.386  32.571 0.0000000000
41825  31.306  -26.258  31.461 0.0000000000
96804  33.683  -27.492  30.553 0.0000000000
41066  32.618  -26.854  31.037 0.0000000000
41833  32.167  -26.124  31.020 0.0000000000
42603  32.376  -25.334  30.388 0.0000000000
43328  33.688  -24.832  29.371 0.0000000000
99325  36.186  -24.972  29.300 0.0000000000
34861  34.203  -35.107  33.504 0.0000000000
35630  36.558  -34.455  33.523 0.0000000000
34825  36.880  -35.733  35.199 0.0000000000
36451  37.895  -33.741  33.998 0.0000000000
103708  47.025  -10.053  22.377 0.0000000000
53380  47.101  -12.000  20.821 0.0000000000
55724  49.110  -8.846  19.335 0.0000000000
54948  49.647  -9.439  18.805 0.0000000000
55731  49.809  -8.839  18.729 0.0000000000
25828  6.448  -48.026  52.471 0.0000000000
94801  11.178  -43.103  48.542 0.0000000000
