#!ascii label  , from subject OASIS_0001 vox2ras=TkReg
806
73914  40.776  17.901  20.416 0.0000000000
98244  44.617  20.715  23.399 0.0000000000
70091  42.631  11.070  28.062 0.0000000000
98820  36.126  17.180  21.881 0.0000000000
70776  36.555  11.938  23.405 0.0000000000
73971  45.446  18.859  15.361 0.0000000000
75928  40.022  22.846  22.441 0.0000000000
99137  42.146  24.268  20.508 0.0000000000
71290  48.102  13.830  28.124 0.0000000000
70141  46.203  11.303  22.150 0.0000000000
73901  44.551  17.869  21.976 0.0000000000
71311  40.204  13.374  24.311 0.0000000000
71838  40.963  14.718  24.826 0.0000000000
71807  42.748  16.053  29.537 0.0000000000
79117  45.172  29.585  17.605 0.0000000000
75464  47.890  21.243  19.511 0.0000000000
68600  41.149  9.281  22.953 0.0000000000
73355  38.880  17.292  21.420 0.0000000000
96713  36.638  14.521  22.715 0.0000000000
71857  38.906  14.436  22.588 0.0000000000
107313  42.959  18.652  17.936 0.0000000000
74456  39.791  19.523  18.727 0.0000000000
77478  39.199  25.868  23.135 0.0000000000
69325  48.743  10.866  28.093 0.0000000000
70106  50.077  12.076  25.117 0.0000000000
68585  49.016  10.223  24.392 0.0000000000
79126  45.781  28.720  14.008 0.0000000000
73885  45.578  18.576  23.031 0.0000000000
72842  43.528  16.322  23.124 0.0000000000
98916  43.008  17.461  23.526 0.0000000000
72339  38.537  15.624  27.805 0.0000000000
72345  39.413  15.657  27.807 0.0000000000
71801  40.822  15.426  30.012 0.0000000000
71792  44.309  15.420  30.904 0.0000000000
76901  44.894  24.860  23.342 0.0000000000
76433  44.875  23.158  20.867 0.0000000000
75435  47.694  21.967  22.969 0.0000000000
74445  47.979  19.087  20.766 0.0000000000
70100  40.306  11.443  26.682 0.0000000000
69356  39.631  10.640  25.643 0.0000000000
104031  42.372  10.202  25.384 0.0000000000
69387  35.630  11.072  22.043 0.0000000000
68627  37.412  9.583  20.995 0.0000000000
75492  47.548  21.182  16.340 0.0000000000
75506  44.371  20.471  15.460 0.0000000000
75926  42.898  22.506  22.811 0.0000000000
74418  40.963  19.239  23.506 0.0000000000
79591  41.130  30.379  21.575 0.0000000000
79107  41.503  28.904  19.382 0.0000000000
77475  42.151  25.671  23.144 0.0000000000
70076  45.534  12.520  28.325 0.0000000000
69351  44.739  10.843  25.406 0.0000000000
70107  47.358  12.676  25.300 0.0000000000
70780  49.560  13.453  22.359 0.0000000000
73369  42.201  17.353  20.840 0.0000000000
72381  41.119  14.994  22.183 0.0000000000
72379  42.865  15.519  22.613 0.0000000000
71845  41.617  14.496  24.282 0.0000000000
92745  40.431  13.258  27.117 0.0000000000
72837  39.841  16.763  24.810 0.0000000000
71824  40.158  15.064  27.567 0.0000000000
99005  42.525  13.830  29.178 0.0000000000
71266  45.452  15.290  29.674 0.0000000000
70694  47.051  13.249  30.522 0.0000000000
79639  45.083  30.081  16.175 0.0000000000
78627  46.606  26.745  16.560 0.0000000000
76951  45.748  24.546  17.784 0.0000000000
75975  48.008  23.115  17.357 0.0000000000
74484  48.992  18.844  17.405 0.0000000000
74470  44.647  19.014  18.851 0.0000000000
70774  38.156  12.537  23.740 0.0000000000
68592  38.303  9.306  23.688 0.0000000000
67854  40.248  8.710  21.283 0.0000000000
69376  43.739  10.247  22.865 0.0000000000
73372  39.370  17.884  20.990 0.0000000000
72847  38.672  16.024  22.150 0.0000000000
72392  39.776  15.620  21.744 0.0000000000
89407  41.409  18.633  19.289 0.0000000000
73948  40.893  19.222  18.644 0.0000000000
73931  40.517  18.782  19.622 0.0000000000
73916  38.820  18.671  20.394 0.0000000000
105286  48.171  10.045  28.155 0.0000000000
68558  49.052  10.133  26.961 0.0000000000
104876  48.340  9.695  26.223 0.0000000000
69431  38.336  10.948  18.783 0.0000000000
74414  45.260  18.992  23.317 0.0000000000
74415  44.348  18.405  23.211 0.0000000000
100587  43.577  19.114  23.372 0.0000000000
71810  39.173  14.765  28.944 0.0000000000
71816  39.642  15.387  28.710 0.0000000000
75915  45.382  22.744  23.708 0.0000000000
75924  46.222  23.959  23.302 0.0000000000
75426  45.989  21.635  23.643 0.0000000000
74954  47.435  20.082  22.952 0.0000000000
70093  40.799  11.423  27.382 0.0000000000
69342  40.779  10.785  26.669 0.0000000000
69340  42.517  10.516  26.573 0.0000000000
72859  35.263  16.707  21.807 0.0000000000
107113  35.496  14.861  22.298 0.0000000000
71319  36.397  12.839  23.103 0.0000000000
89227  35.441  12.650  22.447 0.0000000000
69386  35.973  10.720  22.691 0.0000000000
104970  36.385  10.391  21.476 0.0000000000
68605  36.524  10.117  22.690 0.0000000000
75005  47.206  19.758  16.001 0.0000000000
75493  46.435  21.328  16.278 0.0000000000
75007  44.701  19.612  14.948 0.0000000000
73918  36.744  18.732  20.439 0.0000000000
73904  36.233  18.048  21.276 0.0000000000
75927  41.081  22.901  22.434 0.0000000000
74958  40.736  20.834  22.464 0.0000000000
92595  39.841  21.125  22.412 0.0000000000
76917  40.074  24.877  23.531 0.0000000000
77477  40.121  25.907  23.128 0.0000000000
76916  41.055  25.097  23.636 0.0000000000
76407  42.161  24.779  23.582 0.0000000000
70737  46.791  13.342  27.922 0.0000000000
70087  47.122  12.911  26.946 0.0000000000
88968  48.201  13.703  26.964 0.0000000000
70124  50.959  12.048  23.419 0.0000000000
70770  50.585  13.001  23.820 0.0000000000
70786  50.018  13.096  21.917 0.0000000000
73368  42.802  17.394  21.056 0.0000000000
103071  42.348  16.233  21.659 0.0000000000
72852  43.509  16.522  22.548 0.0000000000
72367  42.590  15.287  24.103 0.0000000000
72377  42.370  14.726  23.985 0.0000000000
72368  41.996  14.918  24.479 0.0000000000
107488  40.402  13.671  26.496 0.0000000000
97585  40.557  13.972  25.972 0.0000000000
73873  39.880  18.048  24.226 0.0000000000
73343  40.820  17.827  23.986 0.0000000000
73317  39.162  16.912  25.245 0.0000000000
104749  40.793  15.760  28.806 0.0000000000
72337  40.071  15.611  28.266 0.0000000000
71814  41.393  15.616  28.724 0.0000000000
71279  41.091  14.472  28.353 0.0000000000
71268  42.900  15.340  29.323 0.0000000000
70706  44.717  13.885  29.419 0.0000000000
71806  43.620  15.821  29.775 0.0000000000
71253  44.584  13.952  31.940 0.0000000000
71251  46.316  14.434  31.376 0.0000000000
79122  45.224  29.647  16.719 0.0000000000
79121  45.290  28.844  16.158 0.0000000000
78628  46.139  27.355  16.962 0.0000000000
78068  41.441  26.178  18.742 0.0000000000
78620  42.063  28.001  18.561 0.0000000000
77521  41.968  25.456  18.677 0.0000000000
75955  46.110  22.187  19.780 0.0000000000
76457  44.973  23.623  18.417 0.0000000000
92685  46.083  22.613  18.538 0.0000000000
76465  47.132  23.836  17.554 0.0000000000
75963  47.664  21.995  17.858 0.0000000000
75482  48.285  21.318  16.853 0.0000000000
74984  49.043  19.956  18.512 0.0000000000
74446  46.466  19.114  20.934 0.0000000000
104495  47.137  19.111  20.096 0.0000000000
73928  44.435  18.955  20.034 0.0000000000
89169  43.565  18.484  19.327 0.0000000000
71852  41.014  14.358  23.215 0.0000000000
71316  39.290  13.618  23.158 0.0000000000
106181  39.659  13.114  24.005 0.0000000000
68581  40.507  9.647  24.615 0.0000000000
68583  38.753  9.703  24.384 0.0000000000
68590  40.210  9.295  23.669 0.0000000000
67847  39.097  8.546  22.332 0.0000000000
68613  40.980  8.929  22.001 0.0000000000
70127  46.098  11.397  24.160 0.0000000000
94802  44.681  10.538  24.011 0.0000000000
69383  45.356  10.858  22.731 0.0000000000
73356  37.955  17.469  21.606 0.0000000000
72849  36.489  15.884  22.411 0.0000000000
72848  37.468  15.968  22.359 0.0000000000
71858  37.708  14.322  22.752 0.0000000000
71324  37.623  13.481  23.130 0.0000000000
73957  43.705  18.654  16.415 0.0000000000
73917  37.773  18.798  20.444 0.0000000000
70075  48.681  11.862  28.488 0.0000000000
70742  49.094  13.528  26.678 0.0000000000
69336  49.696  11.362  26.440 0.0000000000
69364  49.617  10.696  24.657 0.0000000000
96329  45.252  18.317  22.241 0.0000000000
73349  43.714  16.741  22.842 0.0000000000
73897  44.752  17.984  22.752 0.0000000000
73340  43.786  17.076  23.120 0.0000000000
72844  42.566  16.082  24.023 0.0000000000
72819  38.396  16.286  26.532 0.0000000000
72830  38.777  16.616  25.816 0.0000000000
72338  39.503  15.593  28.172 0.0000000000
72333  40.365  15.653  28.787 0.0000000000
72323  42.040  16.039  29.602 0.0000000000
71798  43.443  15.796  30.166 0.0000000000
71799  42.518  15.548  30.420 0.0000000000
89561  43.568  13.642  31.748 0.0000000000
70687  44.130  12.709  32.284 0.0000000000
79111  45.214  30.416  18.322 0.0000000000
76922  43.523  24.819  22.203 0.0000000000
76435  42.865  23.659  19.902 0.0000000000
95759  45.389  24.318  22.478 0.0000000000
75940  46.757  23.234  22.286 0.0000000000
95421  48.278  21.495  21.248 0.0000000000
74974  49.276  19.983  20.670 0.0000000000
74967  48.570  20.130  21.813 0.0000000000
74436  47.351  19.298  22.146 0.0000000000
70764  39.816  13.044  25.199 0.0000000000
70754  39.013  11.946  25.038 0.0000000000
69343  40.124  10.901  26.216 0.0000000000
68571  40.819  9.996  25.347 0.0000000000
68580  41.454  9.753  24.684 0.0000000000
91875  46.928  12.111  20.746 0.0000000000
98408  46.024  11.441  21.048 0.0000000000
70789  35.153  12.500  21.230 0.0000000000
71859  35.797  14.170  22.566 0.0000000000
70783  35.354  11.896  22.089 0.0000000000
70152  35.726  12.079  20.464 0.0000000000
69407  36.412  11.357  20.196 0.0000000000
101938  37.392  10.112  20.292 0.0000000000
68641  38.557  9.905  19.408 0.0000000000
75986  47.505  22.294  15.863 0.0000000000
76477  45.221  22.643  16.363 0.0000000000
102435  43.793  22.160  23.150 0.0000000000
74942  43.269  20.085  23.353 0.0000000000
104610  42.222  20.447  22.862 0.0000000000
74419  39.995  19.398  23.433 0.0000000000
73891  39.480  18.646  23.940 0.0000000000
73319  37.877  17.586  25.428 0.0000000000
72820  37.683  16.410  26.571 0.0000000000
79605  40.825  29.164  19.926 0.0000000000
78613  40.412  27.258  19.190 0.0000000000
96792  40.594  25.173  20.249 0.0000000000
76923  42.243  25.521  22.753 0.0000000000
77474  43.358  25.427  23.243 0.0000000000
75925  43.934  23.235  23.372 0.0000000000
70077  44.365  11.998  28.609 0.0000000000
70099  44.049  10.958  27.033 0.0000000000
70098  45.042  11.266  26.836 0.0000000000
100502  46.520  11.907  25.258 0.0000000000
70126  46.920  11.965  23.957 0.0000000000
70750  49.655  13.537  25.099 0.0000000000
70763  48.734  13.407  23.770 0.0000000000
70132  47.852  12.654  22.316 0.0000000000
73370  41.561  17.454  20.728 0.0000000000
72855  40.968  16.111  21.514 0.0000000000
72854  41.750  16.155  21.554 0.0000000000
72389  42.334  15.669  21.990 0.0000000000
71854  41.625  14.559  22.863 0.0000000000
72375  43.134  15.601  23.154 0.0000000000
71850  42.397  14.712  23.331 0.0000000000
71310  40.941  14.076  24.299 0.0000000000
70752  40.100  13.200  26.129 0.0000000000
70745  40.432  12.257  27.135 0.0000000000
99629  40.713  12.192  27.933 0.0000000000
73888  42.344  18.292  23.559 0.0000000000
73329  41.129  17.091  24.153 0.0000000000
72836  40.859  16.440  24.533 0.0000000000
72352  39.226  15.706  26.973 0.0000000000
72351  39.721  15.216  26.353 0.0000000000
71834  40.080  14.652  26.608 0.0000000000
71291  40.569  14.308  27.802 0.0000000000
70725  41.354  13.489  28.527 0.0000000000
70078  43.193  11.824  28.673 0.0000000000
70722  43.933  12.715  29.187 0.0000000000
70705  45.968  14.318  29.379 0.0000000000
71278  47.040  14.512  29.377 0.0000000000
72319  45.730  15.629  30.411 0.0000000000
71796  46.889  15.081  30.318 0.0000000000
71263  47.849  13.754  29.242 0.0000000000
70064  47.644  11.621  29.609 0.0000000000
79124  45.295  29.462  15.325 0.0000000000
78643  46.475  27.321  15.684 0.0000000000
77546  47.921  25.366  16.101 0.0000000000
76939  43.120  23.920  18.947 0.0000000000
78080  45.872  26.810  17.287 0.0000000000
77533  46.242  25.964  17.053 0.0000000000
77531  47.608  25.154  16.651 0.0000000000
76475  48.460  24.036  16.249 0.0000000000
75481  48.423  22.423  16.462 0.0000000000
74998  48.366  19.346  16.468 0.0000000000
73964  47.004  18.423  16.077 0.0000000000
74454  49.101  18.837  19.353 0.0000000000
73943  47.938  18.560  18.005 0.0000000000
91634  45.108  18.631  16.338 0.0000000000
94128  43.924  18.648  18.134 0.0000000000
73929  42.785  18.323  19.413 0.0000000000
71856  39.827  14.526  22.514 0.0000000000
71317  38.425  13.227  23.317 0.0000000000
70775  37.424  11.944  23.715 0.0000000000
70111  38.728  11.315  24.881 0.0000000000
69370  37.887  10.643  24.229 0.0000000000
69378  37.311  10.442  23.728 0.0000000000
68603  37.834  8.910  22.996 0.0000000000
67866  38.853  8.684  20.925 0.0000000000
69352  43.730  10.559  25.435 0.0000000000
68588  42.969  9.902  24.330 0.0000000000
103520  42.540  9.831  22.605 0.0000000000
104377  44.523  10.333  21.595 0.0000000000
98415  41.938  9.548  22.218 0.0000000000
68578  47.293  9.205  24.583 0.0000000000
90891  48.323  9.939  22.303 0.0000000000
73371  40.263  17.574  20.961 0.0000000000
73354  39.824  17.077  21.434 0.0000000000
73915  39.856  18.334  20.345 0.0000000000
89670  47.978  9.780  27.525 0.0000000000
74940  45.492  20.319  23.487 0.0000000000
74941  44.372  19.720  23.451 0.0000000000
75427  45.094  21.571  23.625 0.0000000000
100068  41.827  11.135  27.950 0.0000000000
69332  41.357  10.943  27.426 0.0000000000
69331  42.137  10.720  27.381 0.0000000000
72850  35.549  15.752  22.242 0.0000000000
99497  36.017  16.477  22.223 0.0000000000
70782  35.767  11.906  22.827 0.0000000000
70129  36.071  11.191  23.173 0.0000000000
69379  36.532  10.556  23.257 0.0000000000
98220  45.976  19.015  15.292 0.0000000000
75006  45.967  19.510  15.409 0.0000000000
74508  45.028  19.157  14.946 0.0000000000
73357  36.998  17.426  21.777 0.0000000000
73358  35.520  17.504  21.473 0.0000000000
75438  40.427  21.895  22.178 0.0000000000
100311  39.661  21.979  22.249 0.0000000000
76418  39.526  23.767  22.781 0.0000000000
76417  40.496  24.004  22.972 0.0000000000
95699  41.338  24.139  23.165 0.0000000000
71277  47.585  14.028  28.626 0.0000000000
70736  47.879  13.761  27.701 0.0000000000
70735  48.528  13.697  27.386 0.0000000000
70131  50.632  12.248  22.432 0.0000000000
73367  43.591  17.604  21.405 0.0000000000
73353  43.300  16.763  21.865 0.0000000000
73352  43.897  17.135  22.528 0.0000000000
73330  39.295  17.496  24.743 0.0000000000
72331  41.789  16.068  29.149 0.0000000000
72336  41.340  15.963  28.951 0.0000000000
71813  42.069  16.022  29.107 0.0000000000
70686  44.958  13.191  32.147 0.0000000000
79618  45.366  30.768  17.972 0.0000000000
79627  45.232  30.543  17.252 0.0000000000
79116  45.561  28.513  17.015 0.0000000000
78629  45.559  28.037  17.295 0.0000000000
77503  41.119  25.339  19.396 0.0000000000
77502  41.831  24.662  19.334 0.0000000000
75465  46.805  21.766  19.396 0.0000000000
75964  45.924  22.215  19.087 0.0000000000
93930  46.702  22.076  18.607 0.0000000000
75474  47.590  21.384  18.689 0.0000000000
75473  48.273  20.942  17.725 0.0000000000
75463  48.508  20.611  19.068 0.0000000000
73911  45.527  18.650  21.628 0.0000000000
74447  45.199  19.161  20.727 0.0000000000
73912  44.484  18.735  21.060 0.0000000000
96474  43.687  18.341  20.560 0.0000000000
71315  40.751  13.936  23.733 0.0000000000
102287  39.904  13.477  23.603 0.0000000000
94366  41.247  9.475  23.877 0.0000000000
104432  40.410  8.984  22.749 0.0000000000
70134  46.359  11.478  23.213 0.0000000000
69374  45.399  10.840  23.662 0.0000000000
72857  37.695  16.732  21.989 0.0000000000
72384  38.197  15.172  22.482 0.0000000000
73958  43.073  18.958  17.015 0.0000000000
74485  43.186  18.887  15.686 0.0000000000
73959  42.345  19.015  17.608 0.0000000000
74471  41.178  19.371  17.466 0.0000000000
73902  38.367  18.143  21.123 0.0000000000
73903  37.335  18.189  21.251 0.0000000000
70074  49.211  11.915  27.860 0.0000000000
104004  49.131  11.034  27.567 0.0000000000
68576  49.109  10.113  25.363 0.0000000000
69350  49.483  10.501  25.564 0.0000000000
69373  49.922  10.720  23.909 0.0000000000
79130  45.421  29.747  13.451 0.0000000000
73347  45.517  18.474  22.731 0.0000000000
73351  44.605  17.783  22.682 0.0000000000
105222  44.099  17.675  23.134 0.0000000000
73341  43.140  16.565  23.542 0.0000000000
72813  38.081  16.000  27.233 0.0000000000
71809  39.922  15.268  29.266 0.0000000000
71808  40.655  15.669  29.391 0.0000000000
72324  41.334  15.932  29.496 0.0000000000
71800  41.487  15.491  30.246 0.0000000000
71258  41.930  14.454  30.823 0.0000000000
71254  42.512  13.531  31.422 0.0000000000
70688  43.109  12.659  31.950 0.0000000000
91179  44.275  25.237  22.817 0.0000000000
76426  44.261  24.305  21.889 0.0000000000
76921  44.913  24.993  22.837 0.0000000000
75913  47.071  22.973  23.153 0.0000000000
76414  46.788  23.520  22.911 0.0000000000
75939  47.377  22.721  22.599 0.0000000000
75946  47.438  22.315  21.473 0.0000000000
75448  47.969  21.688  22.093 0.0000000000
75447  48.713  20.649  21.442 0.0000000000
75434  48.047  20.758  22.428 0.0000000000
74431  46.409  18.887  23.005 0.0000000000
74430  47.087  19.373  22.657 0.0000000000
73896  46.548  18.907  22.599 0.0000000000
73900  46.092  18.638  22.261 0.0000000000
70746  39.915  12.234  26.481 0.0000000000
70101  39.660  11.438  26.126 0.0000000000
69354  41.180  10.357  25.998 0.0000000000
68570  41.692  10.100  25.357 0.0000000000
71327  34.743  13.718  21.734 0.0000000000
70784  34.902  12.998  21.723 0.0000000000
72386  36.152  15.068  22.522 0.0000000000
70142  35.519  11.623  21.496 0.0000000000
98766  35.958  10.952  21.217 0.0000000000
68615  36.779  9.830  21.824 0.0000000000
69406  36.692  10.374  20.825 0.0000000000
68642  37.998  9.587  20.200 0.0000000000
75985  48.172  22.566  15.819 0.0000000000
75494  45.107  21.563  16.338 0.0000000000
75495  43.865  21.428  16.182 0.0000000000
74956  43.237  21.187  22.846 0.0000000000
75436  42.160  21.490  22.501 0.0000000000
74433  40.761  19.908  22.971 0.0000000000
73332  37.906  18.256  24.830 0.0000000000
80155  42.123  30.430  21.277 0.0000000000
79598  40.878  29.811  20.708 0.0000000000
78614  39.635  27.490  19.564 0.0000000000
78059  39.650  26.415  19.751 0.0000000000
78058  40.584  26.150  19.273 0.0000000000
77476  41.140  25.733  23.179 0.0000000000
99711  41.034  25.799  22.861 0.0000000000
106506  41.534  25.585  22.665 0.0000000000
77490  41.830  25.764  23.065 0.0000000000
77489  42.572  25.651  23.052 0.0000000000
107366  42.707  25.557  23.161 0.0000000000
98612  42.072  23.416  22.868 0.0000000000
76416  43.069  23.965  23.440 0.0000000000
70089  44.758  11.549  27.736 0.0000000000
70088  45.859  12.109  27.388 0.0000000000
70744  47.898  13.384  26.189 0.0000000000
70108  46.821  12.195  25.977 0.0000000000
70119  46.741  12.024  24.652 0.0000000000
70118  47.824  12.851  24.425 0.0000000000
70085  49.654  12.752  26.443 0.0000000000
100224  49.408  13.469  25.987 0.0000000000
70749  50.049  13.028  25.556 0.0000000000
70771  49.668  13.575  23.294 0.0000000000
70772  48.692  13.427  22.825 0.0000000000
70781  48.747  13.296  21.941 0.0000000000
70139  47.987  12.853  21.588 0.0000000000
70788  48.606  13.309  21.129 0.0000000000
103328  41.328  16.794  21.300 0.0000000000
72870  41.977  16.770  21.252 0.0000000000
72380  42.205  14.990  22.507 0.0000000000
72846  43.367  16.106  22.763 0.0000000000
71851  41.735  14.370  23.754 0.0000000000
71303  40.392  13.646  25.134 0.0000000000
105510  40.251  12.760  26.712 0.0000000000
106427  40.561  12.678  27.598 0.0000000000
74417  41.591  19.714  23.194 0.0000000000
74416  42.576  19.288  23.424 0.0000000000
93906  41.760  19.021  23.529 0.0000000000
97170  40.273  17.311  24.393 0.0000000000
102021  40.295  16.123  24.992 0.0000000000
72353  38.839  15.812  27.386 0.0000000000
72818  38.947  16.115  26.419 0.0000000000
72344  39.638  15.363  27.313 0.0000000000
106548  41.878  14.637  28.822 0.0000000000
70724  41.871  13.071  28.903 0.0000000000
70723  42.762  12.757  29.093 0.0000000000
71265  46.586  15.090  29.771 0.0000000000
72321  44.325  15.814  30.124 0.0000000000
72314  44.940  15.677  30.635 0.0000000000
71250  46.615  15.061  30.905 0.0000000000
71257  46.949  14.386  30.829 0.0000000000
71264  47.321  14.254  29.970 0.0000000000
70704  47.495  12.907  29.785 0.0000000000
70703  47.938  12.644  29.293 0.0000000000
79640  44.475  30.207  15.974 0.0000000000
79641  43.405  30.155  15.627 0.0000000000
79649  45.232  29.760  15.188 0.0000000000
78637  46.084  27.626  16.446 0.0000000000
78644  45.571  28.236  15.543 0.0000000000
78636  47.037  26.649  16.050 0.0000000000
78093  47.244  26.051  16.341 0.0000000000
76434  43.670  23.384  20.377 0.0000000000
76446  43.518  23.438  19.422 0.0000000000
76952  44.836  24.552  18.031 0.0000000000
77518  44.841  25.413  17.703 0.0000000000
77534  45.710  25.906  17.369 0.0000000000
76963  46.364  25.342  17.387 0.0000000000
76962  47.255  24.839  17.191 0.0000000000
93160  47.972  24.057  16.989 0.0000000000
76961  47.944  24.612  16.649 0.0000000000
76464  48.526  23.363  16.651 0.0000000000
76474  48.593  23.512  16.142 0.0000000000
75973  48.586  23.000  16.358 0.0000000000
74991  48.742  20.117  17.374 0.0000000000
96885  48.388  20.214  16.714 0.0000000000
74997  48.824  19.376  17.018 0.0000000000
104451  48.107  18.900  16.282 0.0000000000
73963  48.034  18.596  16.540 0.0000000000
74444  49.049  19.271  20.546 0.0000000000
74443  49.318  19.407  19.966 0.0000000000
93440  48.449  18.819  19.876 0.0000000000
74469  45.786  19.064  18.575 0.0000000000
74468  47.132  18.898  19.040 0.0000000000
73944  46.638  18.625  17.663 0.0000000000
88924  45.168  18.816  17.580 0.0000000000
73956  44.224  18.645  17.047 0.0000000000
73913  43.035  18.108  20.348 0.0000000000
73380  42.436  17.989  20.257 0.0000000000
73381  41.976  17.870  20.262 0.0000000000
72391  40.565  15.479  21.731 0.0000000000
72382  40.238  15.043  22.062 0.0000000000
71322  39.384  14.088  22.807 0.0000000000
70110  39.199  11.352  25.488 0.0000000000
69357  39.086  10.721  25.148 0.0000000000
69369  38.545  10.473  24.631 0.0000000000
69377  37.980  9.959  24.137 0.0000000000
68593  37.522  9.616  23.489 0.0000000000
67855  39.389  8.590  21.490 0.0000000000
67856  38.554  8.625  21.664 0.0000000000
67865  39.536  8.646  20.637 0.0000000000
68625  38.802  8.988  20.095 0.0000000000
69338  44.336  10.854  26.164 0.0000000000
69339  43.424  10.646  26.343 0.0000000000
89003  43.826  10.224  23.881 0.0000000000
69367  43.580  10.286  24.695 0.0000000000
95757  42.885  9.914  23.350 0.0000000000
104293  45.701  11.208  20.156 0.0000000000
69392  45.305  10.711  21.775 0.0000000000
69393  45.039  10.619  20.858 0.0000000000
93263  38.510  16.814  21.769 0.0000000000
72856  39.337  16.475  21.668 0.0000000000
72383  39.322  15.115  22.275 0.0000000000
73947  41.845  18.753  18.554 0.0000000000
73932  39.307  19.182  19.619 0.0000000000
68552  48.427  10.299  28.172 0.0000000000
69329  48.861  10.364  27.595 0.0000000000
102477  48.623  10.065  27.611 0.0000000000
68568  48.537  9.769  25.708 0.0000000000
74413  46.145  19.347  23.295 0.0000000000
73886  44.841  18.237  23.034 0.0000000000
73887  43.422  18.156  23.403 0.0000000000
71817  38.867  15.231  28.374 0.0000000000
71802  40.214  14.917  29.885 0.0000000000
76404  45.301  24.357  23.612 0.0000000000
92248  45.568  23.720  23.682 0.0000000000
75914  46.218  22.855  23.428 0.0000000000
75425  47.037  21.901  23.439 0.0000000000
107557  47.475  21.059  23.145 0.0000000000
74939  46.679  20.520  23.416 0.0000000000
69341  41.608  10.556  26.716 0.0000000000
89831  42.031  10.345  25.953 0.0000000000
89637  36.618  13.783  22.922 0.0000000000
71325  35.834  13.361  22.703 0.0000000000
70135  35.707  11.298  22.546 0.0000000000
69395  36.135  10.470  22.006 0.0000000000
75504  46.536  20.367  16.044 0.0000000000
75505  45.508  20.396  15.739 0.0000000000
93356  35.771  18.636  20.316 0.0000000000
106148  41.887  22.374  22.441 0.0000000000
75437  41.297  21.729  22.280 0.0000000000
76907  39.657  25.416  23.393 0.0000000000
76906  40.428  25.454  23.446 0.0000000000
76905  41.834  25.330  23.470 0.0000000000
70117  50.570  12.020  24.250 0.0000000000
70761  50.367  12.951  24.704 0.0000000000
70779  50.409  13.108  22.857 0.0000000000
72869  42.596  16.709  21.464 0.0000000000
72853  42.895  16.074  22.070 0.0000000000
72843  43.047  15.755  23.632 0.0000000000
71839  40.743  14.181  24.926 0.0000000000
71299  40.313  14.103  26.917 0.0000000000
73890  40.408  18.680  23.824 0.0000000000
73889  41.371  18.423  23.705 0.0000000000
71815  40.705  15.510  28.411 0.0000000000
70707  43.486  13.844  29.345 0.0000000000
71267  44.167  15.059  29.576 0.0000000000
106357  44.633  15.762  29.853 0.0000000000
94782  44.727  14.856  31.651 0.0000000000
71791  45.186  15.375  31.270 0.0000000000
71252  45.412  14.456  31.766 0.0000000000
70685  45.683  13.421  31.742 0.0000000000
80192  44.999  31.311  17.371 0.0000000000
79628  45.069  30.873  16.905 0.0000000000
79638  45.251  29.764  15.874 0.0000000000
78069  41.183  27.069  18.729 0.0000000000
79114  42.090  28.794  18.888 0.0000000000
104468  42.236  26.246  18.420 0.0000000000
75956  45.309  22.446  19.725 0.0000000000
76445  44.300  22.889  19.410 0.0000000000
75965  45.314  22.706  18.779 0.0000000000
76456  46.035  23.495  18.035 0.0000000000
76466  46.535  24.531  17.587 0.0000000000
76455  46.889  22.828  17.995 0.0000000000
75974  48.484  22.362  16.926 0.0000000000
74990  49.183  19.341  17.928 0.0000000000
74455  45.734  19.166  19.766 0.0000000000
71855  40.664  14.593  22.562 0.0000000000
71321  40.130  14.138  23.069 0.0000000000
70773  39.055  12.990  23.769 0.0000000000
68572  39.965  9.962  25.269 0.0000000000
69368  39.260  10.134  24.972 0.0000000000
68582  39.573  9.631  24.533 0.0000000000
68591  39.133  9.141  23.813 0.0000000000
67842  38.678  8.768  23.100 0.0000000000
68602  39.583  8.839  22.996 0.0000000000
68601  39.983  8.690  22.148 0.0000000000
69365  45.285  10.907  24.612 0.0000000000
69375  44.533  10.566  23.224 0.0000000000
72858  36.771  16.633  22.155 0.0000000000
72385  37.102  15.185  22.575 0.0000000000
102584  44.310  18.590  16.038 0.0000000000
73972  44.394  18.893  14.716 0.0000000000
74498  42.378  19.333  15.090 0.0000000000
104833  41.718  19.343  16.716 0.0000000000
73933  38.183  19.311  19.559 0.0000000000
76908  38.699  25.294  23.353 0.0000000000
76918  39.096  24.583  23.171 0.0000000000
98922  48.279  13.700  28.122 0.0000000000
70718  48.795  13.047  27.987 0.0000000000
70086  49.623  11.779  27.204 0.0000000000
70096  49.820  12.043  25.833 0.0000000000
69337  49.427  10.465  26.321 0.0000000000
69349  49.712  11.110  25.685 0.0000000000
69363  49.848  11.282  24.824 0.0000000000
69372  50.481  11.225  23.962 0.0000000000
69381  50.492  11.137  23.083 0.0000000000
73348  44.164  17.306  22.826 0.0000000000
104576  43.948  17.023  22.873 0.0000000000
73339  44.399  17.501  22.846 0.0000000000
93988  41.954  15.719  24.457 0.0000000000
73318  38.621  17.264  25.363 0.0000000000
72332  41.127  16.017  29.033 0.0000000000
72330  42.427  16.070  29.370 0.0000000000
72329  43.371  16.100  29.641 0.0000000000
72322  42.726  16.007  29.662 0.0000000000
102228  43.403  15.245  30.844 0.0000000000
71793  42.923  14.577  31.228 0.0000000000
92076  43.923  14.639  31.500 0.0000000000
70037  44.359  12.132  32.457 0.0000000000
103781  45.058  29.465  18.058 0.0000000000
92437  42.606  24.784  21.933 0.0000000000
76929  43.071  24.059  21.096 0.0000000000
76425  46.212  24.031  22.844 0.0000000000
76432  45.919  23.486  21.982 0.0000000000
75947  46.189  22.675  20.908 0.0000000000
75455  46.834  22.108  20.357 0.0000000000
100195  47.786  21.684  20.462 0.0000000000
75454  48.743  20.804  20.436 0.0000000000
96570  49.082  19.928  21.292 0.0000000000
74435  48.285  19.553  21.545 0.0000000000
74429  47.887  19.775  22.307 0.0000000000
93001  47.355  19.163  21.506 0.0000000000
73899  46.585  18.912  21.889 0.0000000000
70765  39.359  12.688  24.605 0.0000000000
70753  39.432  12.315  25.675 0.0000000000
69355  40.379  10.444  25.864 0.0000000000
70140  47.118  12.045  21.622 0.0000000000
70790  34.506  13.349  20.700 0.0000000000
71326  35.238  13.465  22.248 0.0000000000
69418  37.848  10.454  19.599 0.0000000000
75987  46.242  22.428  16.244 0.0000000000
74509  43.961  19.103  14.239 0.0000000000
75008  43.705  19.750  14.473 0.0000000000
75428  44.208  21.450  23.267 0.0000000000
74955  43.927  20.631  23.292 0.0000000000
74957  41.543  20.956  22.485 0.0000000000
74432  41.362  20.349  22.747 0.0000000000
73331  38.573  17.919  24.897 0.0000000000
72831  38.143  16.838  25.922 0.0000000000
79109  39.762  28.405  19.831 0.0000000000
79108  40.487  28.286  19.385 0.0000000000
107288  40.587  25.550  19.664 0.0000000000
76941  41.248  24.726  20.405 0.0000000000
90006  40.296  26.004  22.916 0.0000000000
77495  40.142  25.356  20.941 0.0000000000
77494  40.836  25.252  21.609 0.0000000000
76930  41.680  24.907  21.696 0.0000000000
77485  44.009  25.398  23.069 0.0000000000
76902  44.453  25.071  23.395 0.0000000000
94030  43.180  24.839  23.680 0.0000000000
76406  43.993  24.379  23.656 0.0000000000
76405  44.625  24.674  23.599 0.0000000000
96185  44.927  23.809  23.900 0.0000000000
75916  44.609  22.527  23.611 0.0000000000
70090  43.677  11.230  27.935 0.0000000000
69330  43.065  10.738  27.251 0.0000000000
102313  45.168  11.135  26.077 0.0000000000
70097  45.962  11.736  26.474 0.0000000000
70109  45.761  11.417  25.514 0.0000000000
70120  46.034  11.506  24.832 0.0000000000
70743  48.724  13.654  26.501 0.0000000000
70751  48.592  13.481  25.435 0.0000000000
70762  49.765  13.563  24.217 0.0000000000
101907  48.970  13.558  24.599 0.0000000000
70125  47.623  12.479  23.292 0.0000000000
70133  47.070  11.846  22.523 0.0000000000
106977  40.956  17.327  20.986 0.0000000000
72871  40.606  16.865  21.379 0.0000000000
72390  41.484  15.508  21.845 0.0000000000
72376  42.788  15.116  23.576 0.0000000000
101909  42.785  15.065  23.051 0.0000000000
70092  41.226  11.569  28.056 0.0000000000
73342  42.046  17.294  23.858 0.0000000000
73328  41.797  16.480  24.234 0.0000000000
72369  41.019  15.511  24.766 0.0000000000
72829  39.510  16.289  25.542 0.0000000000
72362  39.432  15.739  26.152 0.0000000000
72361  40.197  15.440  25.473 0.0000000000
94766  40.405  14.646  25.695 0.0000000000
70738  40.743  13.190  28.098 0.0000000000
70080  41.247  12.492  28.394 0.0000000000
70079  42.024  11.910  28.543 0.0000000000
70721  45.146  13.000  29.139 0.0000000000
70720  46.446  13.724  28.804 0.0000000000
93787  47.520  14.286  29.309 0.0000000000
101958  44.412  15.848  29.937 0.0000000000
72328  45.278  15.764  29.972 0.0000000000
71790  45.950  15.305  31.126 0.0000000000
71797  46.331  15.390  30.576 0.0000000000
71805  46.110  15.479  30.085 0.0000000000
103331  47.161  14.776  29.800 0.0000000000
71276  48.025  13.956  28.669 0.0000000000
70719  48.309  13.137  28.674 0.0000000000
70063  48.141  11.710  29.064 0.0000000000
69326  48.244  10.665  28.774 0.0000000000
78651  45.485  28.846  14.816 0.0000000000
78650  46.298  27.674  14.730 0.0000000000
78092  48.118  25.757  15.535 0.0000000000
79118  45.041  28.456  17.695 0.0000000000
76940  42.442  24.173  19.374 0.0000000000
77520  42.771  24.826  18.538 0.0000000000
76458  43.993  23.722  18.674 0.0000000000
78081  45.051  27.320  17.637 0.0000000000
78079  46.548  26.263  16.792 0.0000000000
77532  46.846  25.536  16.954 0.0000000000
77547  47.189  25.645  16.615 0.0000000000
76972  48.448  24.599  15.848 0.0000000000
76971  48.779  23.955  15.398 0.0000000000
75491  48.138  21.683  16.410 0.0000000000
74999  48.041  20.112  16.413 0.0000000000
74506  47.792  19.183  16.063 0.0000000000
74496  47.456  18.718  15.954 0.0000000000
73970  46.499  18.655  15.662 0.0000000000
74979  49.243  19.960  19.745 0.0000000000
74983  49.293  19.300  19.054 0.0000000000
74467  49.115  18.814  18.298 0.0000000000
73927  48.584  18.643  18.978 0.0000000000
73953  48.465  18.527  17.317 0.0000000000
73954  47.483  18.402  16.849 0.0000000000
73955  46.311  18.410  16.486 0.0000000000
89520  43.506  18.663  17.590 0.0000000000
73945  43.190  18.496  18.508 0.0000000000
73946  42.558  18.509  18.588 0.0000000000
73930  42.096  18.304  19.472 0.0000000000
73382  41.454  18.169  20.000 0.0000000000
92665  40.159  16.143  21.483 0.0000000000
71323  38.635  13.824  22.874 0.0000000000
71318  37.470  12.704  23.440 0.0000000000
70128  36.883  11.193  23.558 0.0000000000
70766  38.553  12.146  24.413 0.0000000000
70121  38.147  11.329  24.403 0.0000000000
70122  37.577  11.247  23.960 0.0000000000
68594  36.915  9.964  23.269 0.0000000000
68604  37.114  9.445  22.762 0.0000000000
68614  37.648  8.990  21.959 0.0000000000
67848  38.334  8.662  22.435 0.0000000000
68626  38.151  8.995  20.930 0.0000000000
69353  42.843  10.409  25.772 0.0000000000
69366  44.277  10.566  24.683 0.0000000000
68579  42.978  10.174  25.086 0.0000000000
100602  42.281  9.937  24.813 0.0000000000
68589  42.154  9.649  24.061 0.0000000000
68599  41.975  9.605  23.178 0.0000000000
69384  44.518  10.427  22.359 0.0000000000
69394  44.138  10.050  21.121 0.0000000000
69385  43.754  10.033  21.977 0.0000000000
106886  43.120  10.027  22.527 0.0000000000
67853  41.072  8.802  21.007 0.0000000000
68569  47.596  9.358  25.646 0.0000000000
68586  48.060  9.616  23.995 0.0000000000
68596  47.780  9.448  23.032 0.0000000000
68559  48.588  9.846  26.894 0.0000000000
68567  49.081  10.031  26.207 0.0000000000
68577  48.304  9.660  24.978 0.0000000000
70734  49.284  12.951  27.302 0.0000000000
70767  37.933  11.895  24.045 0.0000000000
72313  45.432  15.622  30.742 0.0000000000
72320  45.096  15.785  30.221 0.0000000000
73941  48.881  18.648  17.643 0.0000000000
73942  48.849  18.610  18.278 0.0000000000
73962  48.686  18.617  17.077 0.0000000000
73965  45.972  18.440  15.771 0.0000000000
73966  44.852  18.753  15.481 0.0000000000
74412  46.795  19.568  23.066 0.0000000000
74495  48.605  18.863  16.719 0.0000000000
74507  46.877  19.014  15.565 0.0000000000
74518  43.133  19.429  14.267 0.0000000000
76415  45.395  24.666  23.130 0.0000000000
76903  43.826  25.086  23.608 0.0000000000
76904  42.746  25.250  23.500 0.0000000000
76914  44.649  25.175  23.132 0.0000000000
76915  43.293  25.422  22.843 0.0000000000
77473  44.123  25.250  23.326 0.0000000000
78621  41.207  28.077  18.963 0.0000000000
94580  49.320  10.731  27.031 0.0000000000
97598  42.062  27.003  18.387 0.0000000000
104129  43.735  18.924  14.357 0.0000000000
104627  45.579  25.241  17.622 0.0000000000
104699  44.027  18.063  21.269 0.0000000000
