#!ascii label  , from subject OASIS_0001 vox2ras=TkReg
754
63718  41.912  1.980  27.549 0.0000000000
65086  47.571  5.088  18.153 0.0000000000
69451  48.993  11.444  16.064 0.0000000000
65174  42.935  3.901  5.374 0.0000000000
62468  41.032  0.544  22.330 0.0000000000
69390  50.213  11.507  21.938 0.0000000000
65784  47.540  6.245  11.373 0.0000000000
68708  40.913  10.462  14.479 0.0000000000
66423  46.610  6.364  20.641 0.0000000000
64413  47.105  2.802  24.234 0.0000000000
63122  43.780  1.965  17.989 0.0000000000
68667  43.842  8.835  17.342 0.0000000000
68739  43.314  10.173  10.781 0.0000000000
67151  52.148  7.176  16.587 0.0000000000
105181  48.170  9.212  8.805 0.0000000000
70195  40.150  11.770  16.109 0.0000000000
65050  45.528  3.695  24.786 0.0000000000
63102  44.312  1.651  25.773 0.0000000000
92103  42.449  1.900  20.349 0.0000000000
70809  47.589  12.578  18.865 0.0000000000
69404  45.151  10.635  20.070 0.0000000000
69454  46.361  10.374  17.056 0.0000000000
68704  44.296  9.080  14.540 0.0000000000
68702  46.266  9.191  14.003 0.0000000000
65068  50.656  5.014  20.981 0.0000000000
66440  49.457  6.746  18.943 0.0000000000
65739  50.767  5.751  17.742 0.0000000000
65165  46.364  5.403  7.213 0.0000000000
66526  48.859  6.811  9.090 0.0000000000
67204  46.652  6.689  7.034 0.0000000000
91956  44.937  8.467  7.938 0.0000000000
65160  43.085  4.918  7.705 0.0000000000
63811  42.238  2.537  10.153 0.0000000000
97309  40.411  0.665  26.713 0.0000000000
62463  42.882  0.054  25.215 0.0000000000
101604  49.521  12.598  18.942 0.0000000000
65110  45.549  4.595  15.479 0.0000000000
92448  47.818  6.408  14.729 0.0000000000
65134  45.664  4.042  12.234 0.0000000000
64493  44.821  3.562  8.396 0.0000000000
67840  46.133  8.702  23.100 0.0000000000
66415  44.693  6.463  22.467 0.0000000000
102244  47.978  4.422  23.502 0.0000000000
64425  47.217  3.647  21.253 0.0000000000
63110  43.496  1.759  23.781 0.0000000000
63755  44.049  3.156  21.128 0.0000000000
64433  45.391  3.994  18.593 0.0000000000
63782  44.512  2.617  15.808 0.0000000000
62451  38.047  0.542  27.112 0.0000000000
93900  42.794  9.460  20.884 0.0000000000
68653  41.035  9.165  17.742 0.0000000000
89992  42.099  10.561  15.436 0.0000000000
90279  41.970  9.702  12.922 0.0000000000
67188  40.698  8.790  9.992 0.0000000000
67850  47.091  9.039  20.917 0.0000000000
68647  48.876  9.492  18.018 0.0000000000
69449  51.007  10.981  15.787 0.0000000000
66491  50.528  6.687  13.265 0.0000000000
67919  51.570  8.642  12.425 0.0000000000
68724  49.056  10.158  12.318 0.0000000000
68746  45.516  10.908  10.025 0.0000000000
67950  42.889  9.495  9.027 0.0000000000
70184  39.610  11.954  16.621 0.0000000000
69442  39.755  11.609  17.109 0.0000000000
64400  42.960  3.345  25.665 0.0000000000
63728  43.382  2.139  26.641 0.0000000000
70182  48.161  12.385  17.586 0.0000000000
69427  46.520  11.550  18.391 0.0000000000
69453  47.135  10.797  16.811 0.0000000000
68690  46.844  9.783  15.453 0.0000000000
68689  47.820  9.988  14.846 0.0000000000
65078  49.446  4.594  19.681 0.0000000000
101055  50.879  5.313  19.720 0.0000000000
65740  49.442  5.461  17.920 0.0000000000
65177  44.809  4.882  5.915 0.0000000000
104524  46.655  5.765  6.809 0.0000000000
65831  44.269  5.630  5.765 0.0000000000
66541  44.539  6.393  6.469 0.0000000000
65167  43.201  5.206  6.041 0.0000000000
65161  42.655  4.275  7.304 0.0000000000
99270  42.283  3.380  5.721 0.0000000000
61727  41.139  -1.128  25.391 0.0000000000
70798  49.437  13.154  20.390 0.0000000000
69414  50.003  11.736  20.004 0.0000000000
64465  45.524  3.768  13.983 0.0000000000
65129  45.668  4.776  13.544 0.0000000000
64470  45.623  3.099  12.677 0.0000000000
63817  44.687  2.597  9.299 0.0000000000
63822  44.472  2.655  7.979 0.0000000000
64498  44.666  3.529  7.163 0.0000000000
64405  46.682  3.110  25.299 0.0000000000
65057  46.362  4.110  24.261 0.0000000000
64411  48.090  3.773  24.136 0.0000000000
64415  48.576  3.865  23.070 0.0000000000
64421  47.620  3.491  22.485 0.0000000000
62466  41.942  0.083  23.972 0.0000000000
62462  43.413  0.620  24.961 0.0000000000
63112  41.775  1.224  22.665 0.0000000000
102391  43.119  1.971  19.245 0.0000000000
100688  43.196  2.595  20.778 0.0000000000
63760  43.590  2.631  19.332 0.0000000000
64431  44.967  3.605  19.800 0.0000000000
64434  44.637  3.341  18.171 0.0000000000
64444  44.723  3.155  17.199 0.0000000000
63770  44.170  2.432  17.451 0.0000000000
103986  45.052  0.109  14.778 0.0000000000
68650  44.529  9.747  18.802 0.0000000000
107565  43.998  9.844  20.052 0.0000000000
68652  43.289  8.992  18.901 0.0000000000
67875  42.162  8.557  19.366 0.0000000000
67894  42.562  8.781  17.363 0.0000000000
68683  41.736  10.491  16.099 0.0000000000
68682  42.486  9.608  16.106 0.0000000000
89172  43.589  9.802  12.777 0.0000000000
68705  43.037  9.869  13.631 0.0000000000
68730  42.114  9.758  11.899 0.0000000000
68741  41.002  9.596  10.702 0.0000000000
94583  41.290  9.789  10.105 0.0000000000
67852  45.669  7.805  21.677 0.0000000000
68597  46.848  9.021  22.795 0.0000000000
67861  46.446  8.164  20.228 0.0000000000
67137  51.140  6.707  17.998 0.0000000000
67882  48.685  8.518  17.775 0.0000000000
67892  50.312  8.592  16.671 0.0000000000
95717  50.489  10.564  16.577 0.0000000000
67902  51.439  8.596  15.454 0.0000000000
65774  47.483  6.258  12.246 0.0000000000
66484  48.753  6.603  14.104 0.0000000000
66500  48.493  6.603  11.705 0.0000000000
67190  49.588  7.445  9.231 0.0000000000
66518  50.689  7.317  10.875 0.0000000000
67933  50.060  9.296  10.903 0.0000000000
67920  50.521  9.779  12.484 0.0000000000
67926  49.123  10.084  11.412 0.0000000000
68726  47.464  9.847  11.591 0.0000000000
67941  47.672  10.491  9.025 0.0000000000
66528  44.226  7.317  8.901 0.0000000000
67949  43.953  9.655  8.818 0.0000000000
99699  43.559  7.619  9.623 0.0000000000
67186  42.609  7.887  10.103 0.0000000000
69373  49.922  10.720  23.909 0.0000000000
69470  39.827  11.548  15.683 0.0000000000
70203  40.380  11.452  15.470 0.0000000000
65060  43.083  5.425  23.839 0.0000000000
64408  43.520  3.675  25.040 0.0000000000
64407  44.896  3.303  25.484 0.0000000000
63738  46.308  2.438  25.108 0.0000000000
63115  41.513  1.248  21.707 0.0000000000
70160  46.251  11.577  19.438 0.0000000000
95660  45.499  10.881  18.884 0.0000000000
68666  44.630  9.522  17.927 0.0000000000
68692  43.951  9.126  15.756 0.0000000000
90753  45.036  9.148  15.983 0.0000000000
68703  45.227  8.867  14.233 0.0000000000
68727  45.215  9.536  12.295 0.0000000000
65728  49.663  5.208  21.634 0.0000000000
66431  48.002  6.679  19.549 0.0000000000
66420  50.706  5.603  20.415 0.0000000000
66438  51.345  6.065  18.982 0.0000000000
66459  52.225  6.433  16.831 0.0000000000
65810  47.256  5.754  8.820 0.0000000000
66521  48.363  6.555  9.862 0.0000000000
65809  47.583  6.028  8.084 0.0000000000
67196  47.796  6.770  8.128 0.0000000000
67197  47.080  7.279  7.849 0.0000000000
67948  46.306  9.754  8.284 0.0000000000
67198  45.867  7.634  7.777 0.0000000000
66534  44.560  7.035  7.474 0.0000000000
65153  43.133  4.984  8.803 0.0000000000
63818  42.101  2.787  9.020 0.0000000000
62437  41.447  0.931  27.275 0.0000000000
62447  42.712  0.294  26.359 0.0000000000
61720  41.707  -0.239  26.056 0.0000000000
61736  41.789  -0.805  25.082 0.0000000000
61751  41.081  -0.207  23.314 0.0000000000
70799  48.393  13.120  20.316 0.0000000000
70808  48.430  13.070  19.069 0.0000000000
97424  48.933  12.364  17.266 0.0000000000
65098  46.342  5.070  16.876 0.0000000000
65750  47.095  5.506  16.391 0.0000000000
65758  45.924  5.418  14.996 0.0000000000
65128  46.225  5.598  13.335 0.0000000000
65785  46.681  5.547  11.828 0.0000000000
103086  45.234  3.062  10.960 0.0000000000
65147  45.724  4.280  10.659 0.0000000000
100641  46.202  4.836  10.223 0.0000000000
65159  45.816  4.981  7.851 0.0000000000
64497  45.083  4.346  6.467 0.0000000000
64509  44.079  3.663  5.248 0.0000000000
64511  42.662  2.965  5.342 0.0000000000
67109  44.926  7.619  23.082 0.0000000000
66418  45.345  6.423  21.852 0.0000000000
65712  44.185  5.078  23.194 0.0000000000
65718  45.462  5.475  22.523 0.0000000000
65723  47.275  5.566  21.670 0.0000000000
65716  48.820  4.477  22.706 0.0000000000
65070  49.226  4.247  21.457 0.0000000000
65075  47.352  4.422  19.653 0.0000000000
99003  43.776  0.874  25.766 0.0000000000
63739  44.981  1.634  24.889 0.0000000000
63743  45.393  2.193  24.301 0.0000000000
63749  42.836  2.222  22.161 0.0000000000
63751  44.325  2.885  22.253 0.0000000000
64418  45.321  2.878  22.751 0.0000000000
64422  46.234  3.423  21.604 0.0000000000
91183  46.679  4.122  20.137 0.0000000000
65081  45.942  4.442  18.187 0.0000000000
65088  45.742  4.496  17.322 0.0000000000
64459  44.883  3.106  15.412 0.0000000000
63787  45.430  2.274  14.108 0.0000000000
94572  44.067  1.132  15.850 0.0000000000
63149  45.282  1.569  14.422 0.0000000000
62439  39.684  0.904  27.625 0.0000000000
62450  39.083  0.616  26.794 0.0000000000
61730  36.830  0.278  25.227 0.0000000000
68610  43.283  9.757  21.356 0.0000000000
67853  41.072  8.802  21.007 0.0000000000
68670  40.703  10.291  17.207 0.0000000000
69456  41.202  11.336  15.764 0.0000000000
69477  41.404  11.126  14.834 0.0000000000
68694  42.369  10.505  14.941 0.0000000000
69476  41.957  10.713  14.666 0.0000000000
68721  41.363  9.636  13.584 0.0000000000
68608  48.736  10.096  21.519 0.0000000000
67873  47.455  8.497  19.103 0.0000000000
68635  47.962  9.304  19.510 0.0000000000
69415  49.593  10.843  19.530 0.0000000000
69425  49.917  11.589  18.158 0.0000000000
70192  49.947  11.342  17.192 0.0000000000
103334  49.958  11.456  15.932 0.0000000000
88848  48.907  6.029  16.070 0.0000000000
66472  50.089  6.432  14.948 0.0000000000
66481  52.181  6.907  14.832 0.0000000000
66509  49.692  6.395  10.963 0.0000000000
66497  51.252  7.246  12.626 0.0000000000
104240  52.154  8.164  14.026 0.0000000000
68698  51.716  9.374  14.137 0.0000000000
69474  50.548  10.847  14.422 0.0000000000
69475  49.085  10.662  14.449 0.0000000000
68714  48.068  9.721  12.923 0.0000000000
89535  46.322  9.775  12.053 0.0000000000
68738  44.338  10.546  10.483 0.0000000000
68754  45.379  10.377  8.265 0.0000000000
69500  43.728  10.752  9.055 0.0000000000
68747  42.797  10.401  9.239 0.0000000000
102924  41.250  9.110  9.590 0.0000000000
64485  42.724  3.178  10.675 0.0000000000
69430  39.385  11.096  17.719 0.0000000000
64380  42.145  2.399  27.184 0.0000000000
64391  42.687  2.576  26.786 0.0000000000
63729  42.590  2.040  27.188 0.0000000000
70194  48.499  12.016  16.797 0.0000000000
69438  47.560  11.705  17.220 0.0000000000
69452  47.988  11.228  16.361 0.0000000000
69466  47.461  10.457  15.876 0.0000000000
69465  48.463  10.821  15.435 0.0000000000
65735  48.754  5.052  18.601 0.0000000000
99932  48.215  5.362  17.727 0.0000000000
65837  44.463  5.150  5.725 0.0000000000
65830  45.049  5.415  6.117 0.0000000000
65838  43.900  5.028  5.513 0.0000000000
65832  43.751  5.474  5.741 0.0000000000
65173  43.321  4.740  5.552 0.0000000000
65168  42.623  4.421  5.980 0.0000000000
70138  50.262  12.523  21.461 0.0000000000
69402  50.084  11.782  20.960 0.0000000000
95238  45.561  2.898  13.512 0.0000000000
63176  44.466  1.770  8.636 0.0000000000
63180  44.300  1.813  7.488 0.0000000000
67916  40.718  8.985  13.932 0.0000000000
63741  46.967  2.760  24.962 0.0000000000
65056  47.348  3.601  24.615 0.0000000000
64412  47.407  3.296  24.529 0.0000000000
64416  47.984  3.471  23.766 0.0000000000
106001  41.559  0.568  23.195 0.0000000000
63108  42.315  0.831  23.562 0.0000000000
63123  43.461  1.934  18.625 0.0000000000
63762  43.964  2.636  18.407 0.0000000000
90057  44.284  3.270  19.079 0.0000000000
96313  43.905  9.447  19.080 0.0000000000
68651  43.780  9.135  18.292 0.0000000000
67884  42.893  8.683  18.079 0.0000000000
67893  43.170  8.752  17.584 0.0000000000
67904  42.920  8.807  16.873 0.0000000000
68729  43.009  9.888  11.855 0.0000000000
68740  42.235  10.002  10.727 0.0000000000
67121  45.900  6.919  20.649 0.0000000000
67117  45.962  7.515  20.776 0.0000000000
67120  46.281  7.221  19.938 0.0000000000
67144  51.573  7.253  17.179 0.0000000000
67903  51.123  8.116  16.209 0.0000000000
66493  48.500  6.469  12.885 0.0000000000
67946  49.042  8.279  8.864 0.0000000000
67939  49.833  8.640  9.716 0.0000000000
67934  49.148  9.890  10.458 0.0000000000
68735  47.940  10.499  10.229 0.0000000000
66529  43.844  6.723  9.280 0.0000000000
66522  43.322  6.739  10.008 0.0000000000
70196  39.476  11.957  16.222 0.0000000000
89494  40.095  11.686  15.802 0.0000000000
70202  40.626  11.510  15.580 0.0000000000
65052  42.960  4.646  24.300 0.0000000000
65043  42.424  4.002  24.971 0.0000000000
63735  44.146  2.529  26.177 0.0000000000
64399  44.028  3.084  25.920 0.0000000000
104884  44.798  2.973  25.882 0.0000000000
64398  45.549  2.982  25.649 0.0000000000
63101  45.311  1.902  25.162 0.0000000000
70150  47.429  12.509  20.159 0.0000000000
70151  46.535  11.832  20.148 0.0000000000
70159  47.099  12.227  19.465 0.0000000000
69439  46.603  11.163  17.691 0.0000000000
69428  45.918  10.945  18.383 0.0000000000
68649  45.219  10.290  18.504 0.0000000000
68665  45.627  10.140  17.621 0.0000000000
68679  45.769  9.646  16.657 0.0000000000
105107  46.883  9.582  14.655 0.0000000000
91567  45.974  9.416  14.882 0.0000000000
68716  45.402  9.250  13.265 0.0000000000
65727  50.322  4.962  21.373 0.0000000000
66421  50.251  5.423  20.900 0.0000000000
65726  50.763  5.121  20.763 0.0000000000
106325  50.579  5.528  18.699 0.0000000000
65731  51.027  5.559  19.818 0.0000000000
65733  51.323  5.913  18.764 0.0000000000
93909  51.536  6.321  17.819 0.0000000000
65738  51.944  6.018  17.219 0.0000000000
65158  46.449  5.405  8.265 0.0000000000
65816  47.060  5.774  7.618 0.0000000000
66539  46.359  6.251  6.485 0.0000000000
65823  47.034  6.089  7.059 0.0000000000
67203  47.272  6.412  7.530 0.0000000000
67205  45.682  6.907  6.724 0.0000000000
65817  44.009  6.213  6.810 0.0000000000
66535  44.065  6.431  8.360 0.0000000000
65818  43.727  5.557  8.018 0.0000000000
63823  41.820  2.746  7.653 0.0000000000
64494  42.373  3.542  8.114 0.0000000000
62449  41.244  0.529  26.620 0.0000000000
62448  42.049  0.284  26.572 0.0000000000
92747  41.318  -1.172  24.707 0.0000000000
61746  41.620  -0.681  24.310 0.0000000000
61747  40.966  -1.262  23.917 0.0000000000
70807  49.380  12.938  19.669 0.0000000000
93206  48.935  13.285  19.738 0.0000000000
70818  49.108  13.028  18.882 0.0000000000
70827  49.014  12.526  18.057 0.0000000000
70817  49.699  12.454  18.333 0.0000000000
65109  46.131  5.230  15.997 0.0000000000
65765  45.903  5.376  14.132 0.0000000000
65133  45.871  4.973  12.494 0.0000000000
65775  46.602  5.753  12.496 0.0000000000
65140  46.054  4.858  11.638 0.0000000000
63802  45.416  2.787  11.623 0.0000000000
95568  45.091  2.240  11.172 0.0000000000
63816  45.132  3.492  9.486 0.0000000000
64483  45.398  3.659  10.303 0.0000000000
105571  45.436  3.946  9.614 0.0000000000
65152  45.747  4.454  9.732 0.0000000000
100656  45.827  5.013  8.827 0.0000000000
64489  45.382  4.321  8.784 0.0000000000
63832  44.072  2.846  5.404 0.0000000000
64505  44.577  3.603  5.860 0.0000000000
63836  43.541  2.803  5.236 0.0000000000
63837  42.894  2.459  5.215 0.0000000000
67110  44.389  7.235  23.553 0.0000000000
67115  44.584  7.040  22.845 0.0000000000
67114  45.117  7.239  22.222 0.0000000000
65059  43.675  4.858  23.661 0.0000000000
65058  44.761  4.429  23.823 0.0000000000
92727  47.644  4.233  24.009 0.0000000000
65063  46.267  4.648  23.291 0.0000000000
95335  46.994  4.800  22.999 0.0000000000
65724  46.420  5.569  22.100 0.0000000000
65717  48.046  4.761  22.844 0.0000000000
65722  48.898  5.082  22.283 0.0000000000
64420  48.544  3.773  22.027 0.0000000000
65066  49.113  4.396  22.366 0.0000000000
65071  48.007  3.990  20.818 0.0000000000
65074  48.731  4.276  20.256 0.0000000000
62455  42.908  0.005  25.763 0.0000000000
62446  43.368  0.487  26.068 0.0000000000
62454  43.363  0.477  25.550 0.0000000000
63106  43.946  1.332  24.637 0.0000000000
63744  44.318  2.074  24.058 0.0000000000
63117  41.960  1.662  20.988 0.0000000000
63114  42.166  1.821  21.979 0.0000000000
63753  42.621  2.240  21.206 0.0000000000
63752  43.394  2.619  21.717 0.0000000000
64423  45.164  3.259  21.879 0.0000000000
64427  45.007  3.574  20.850 0.0000000000
93997  44.907  3.698  18.997 0.0000000000
64430  45.643  3.987  19.520 0.0000000000
64429  46.266  4.340  19.120 0.0000000000
93852  45.257  3.871  17.726 0.0000000000
64452  44.715  3.160  16.312 0.0000000000
63781  44.896  2.276  15.033 0.0000000000
62500  45.147  0.826  14.622 0.0000000000
62508  45.560  0.877  13.940 0.0000000000
63093  39.246  1.265  27.849 0.0000000000
62440  38.680  0.880  27.580 0.0000000000
62457  38.312  0.559  25.801 0.0000000000
68622  43.589  9.692  20.525 0.0000000000
69394  44.138  10.050  21.121 0.0000000000
68598  42.828  9.837  22.013 0.0000000000
68611  42.420  9.513  21.473 0.0000000000
68612  41.690  9.210  21.515 0.0000000000
68624  41.977  8.977  20.765 0.0000000000
67886  41.560  8.545  18.516 0.0000000000
68654  40.289  9.561  17.984 0.0000000000
69455  41.577  11.127  15.426 0.0000000000
69468  41.210  11.375  15.182 0.0000000000
69467  41.716  11.055  15.066 0.0000000000
106434  44.355  9.020  15.283 0.0000000000
90790  42.848  9.740  15.457 0.0000000000
68693  43.312  9.654  14.866 0.0000000000
68719  42.185  10.184  13.908 0.0000000000
69482  41.670  10.625  14.465 0.0000000000
68720  41.743  10.052  13.838 0.0000000000
99302  41.625  9.538  12.900 0.0000000000
68750  40.753  9.209  10.205 0.0000000000
67836  46.377  8.684  24.100 0.0000000000
68609  47.092  9.318  22.009 0.0000000000
102545  47.854  9.621  21.499 0.0000000000
90891  48.323  9.939  22.303 0.0000000000
68621  48.087  9.582  20.615 0.0000000000
66441  48.484  6.889  19.096 0.0000000000
67129  47.475  7.558  18.907 0.0000000000
103221  48.308  7.452  18.629 0.0000000000
68648  48.159  9.036  18.696 0.0000000000
68634  48.792  9.878  18.990 0.0000000000
68620  48.879  10.024  20.013 0.0000000000
69426  49.567  10.771  18.482 0.0000000000
98908  50.836  10.883  16.184 0.0000000000
69450  50.330  11.114  16.821 0.0000000000
101562  50.635  11.071  16.453 0.0000000000
70201  50.473  11.267  16.317 0.0000000000
69463  50.767  11.233  15.430 0.0000000000
95915  47.812  6.091  15.710 0.0000000000
90493  48.335  5.619  16.820 0.0000000000
66483  49.901  6.388  14.045 0.0000000000
106993  49.390  6.517  14.566 0.0000000000
66471  51.433  6.311  15.665 0.0000000000
66482  51.005  6.680  14.350 0.0000000000
66520  49.538  6.717  10.028 0.0000000000
67178  50.928  7.661  11.611 0.0000000000
66507  50.872  7.189  11.938 0.0000000000
67174  51.543  7.700  12.117 0.0000000000
67165  52.203  7.538  13.772 0.0000000000
67915  52.152  8.463  13.254 0.0000000000
105483  49.728  10.056  12.378 0.0000000000
90123  50.571  10.308  13.357 0.0000000000
68713  49.749  10.070  12.906 0.0000000000
68700  49.573  10.298  13.650 0.0000000000
97879  48.986  10.288  13.024 0.0000000000
68701  48.426  10.040  13.830 0.0000000000
68736  46.545  10.332  10.770 0.0000000000
90243  47.373  9.563  12.392 0.0000000000
68737  45.309  9.960  11.253 0.0000000000
67956  45.535  9.036  8.012 0.0000000000
67957  44.767  9.489  8.301 0.0000000000
68755  44.067  10.663  8.743 0.0000000000
68756  42.915  10.286  8.950 0.0000000000
68757  42.260  10.059  9.218 0.0000000000
67951  42.054  9.556  9.203 0.0000000000
67179  41.964  7.445  10.609 0.0000000000
90901  41.586  8.189  10.127 0.0000000000
99110  42.596  3.202  9.861 0.0000000000
70828  38.979  12.470  16.775 0.0000000000
69441  40.339  11.406  16.699 0.0000000000
100683  42.607  3.064  26.294 0.0000000000
64390  43.343  2.818  26.350 0.0000000000
105525  43.936  1.926  26.293 0.0000000000
70171  46.813  11.891  18.833 0.0000000000
70183  47.238  12.187  18.087 0.0000000000
68678  46.619  10.077  16.307 0.0000000000
65073  49.951  4.588  20.805 0.0000000000
65077  50.577  4.869  20.204 0.0000000000
65734  50.083  4.955  19.126 0.0000000000
65172  45.259  4.916  6.296 0.0000000000
65824  45.881  5.424  6.538 0.0000000000
65829  45.794  5.794  6.261 0.0000000000
66540  45.348  6.347  6.307 0.0000000000
66542  44.074  6.036  5.942 0.0000000000
104656  43.686  5.764  6.123 0.0000000000
100531  42.878  4.942  6.654 0.0000000000
64499  42.231  3.511  6.821 0.0000000000
63828  41.729  2.693  6.368 0.0000000000
61722  40.018  0.291  25.966 0.0000000000
61721  40.964  0.003  26.003 0.0000000000
95182  40.691  -0.773  25.609 0.0000000000
70787  49.433  13.367  21.475 0.0000000000
95801  49.809  13.194  21.058 0.0000000000
70148  49.867  12.595  20.483 0.0000000000
70158  49.784  12.283  19.451 0.0000000000
64458  45.232  3.849  14.963 0.0000000000
65119  45.582  4.655  14.520 0.0000000000
96572  45.725  3.814  13.072 0.0000000000
63810  44.769  2.156  10.315 0.0000000000
63827  44.366  2.690  6.598 0.0000000000
66416  44.097  6.501  23.189 0.0000000000
65049  46.680  3.428  25.094 0.0000000000
65062  48.640  4.110  23.151 0.0000000000
106831  48.435  3.899  23.656 0.0000000000
61745  42.248  -0.270  24.758 0.0000000000
62465  42.644  0.407  24.452 0.0000000000
63107  43.068  1.122  24.102 0.0000000000
63111  42.716  1.668  23.033 0.0000000000
63120  42.640  1.526  19.552 0.0000000000
106877  42.784  2.277  20.544 0.0000000000
63757  42.996  2.281  19.966 0.0000000000
63756  43.560  2.803  20.226 0.0000000000
63759  44.191  3.242  20.060 0.0000000000
63777  44.362  2.503  16.601 0.0000000000
62501  44.632  0.594  15.270 0.0000000000
99462  45.508  0.145  14.236 0.0000000000
94315  44.931  10.409  19.709 0.0000000000
69405  44.470  10.184  20.308 0.0000000000
68636  44.373  9.915  19.580 0.0000000000
68637  43.537  9.442  19.676 0.0000000000
68623  42.711  9.073  20.113 0.0000000000
68638  42.887  8.876  19.378 0.0000000000
67885  42.491  8.593  18.660 0.0000000000
67895  41.900  8.793  17.597 0.0000000000
68669  41.416  9.837  16.935 0.0000000000
68668  42.143  9.323  16.794 0.0000000000
68717  44.219  9.418  13.598 0.0000000000
103215  43.389  9.709  14.161 0.0000000000
68718  42.651  9.748  12.874 0.0000000000
68731  41.352  9.576  11.785 0.0000000000
103144  41.504  9.764  10.986 0.0000000000
67846  45.469  8.097  22.573 0.0000000000
67845  46.204  8.579  22.215 0.0000000000
67851  46.367  8.396  21.292 0.0000000000
99548  50.448  6.604  18.472 0.0000000000
67138  48.934  7.594  18.111 0.0000000000
67145  49.831  7.754  17.371 0.0000000000
68664  49.396  9.085  17.160 0.0000000000
68646  49.878  10.655  17.346 0.0000000000
68663  50.166  9.734  16.731 0.0000000000
68677  50.728  9.611  16.042 0.0000000000
68676  51.135  10.359  15.402 0.0000000000
65764  47.771  6.415  13.853 0.0000000000
66492  49.728  6.446  12.727 0.0000000000
66519  50.237  6.627  10.590 0.0000000000
67185  50.282  7.402  9.962 0.0000000000
67938  50.478  8.287  10.394 0.0000000000
67925  50.556  8.978  11.839 0.0000000000
103725  49.802  9.789  11.882 0.0000000000
68725  48.180  9.680  12.026 0.0000000000
67927  48.365  10.027  11.230 0.0000000000
68745  46.664  11.095  9.367 0.0000000000
67192  44.612  7.862  8.536 0.0000000000
100113  44.417  8.702  8.741 0.0000000000
67193  43.886  8.455  9.225 0.0000000000
67194  42.679  8.741  9.375 0.0000000000
66511  42.812  7.097  10.684 0.0000000000
69381  50.492  11.137  23.083 0.0000000000
69469  40.436  11.047  15.117 0.0000000000
65051  44.158  4.074  24.450 0.0000000000
64406  46.050  3.226  25.404 0.0000000000
102980  46.788  2.834  25.201 0.0000000000
63742  46.376  2.383  24.643 0.0000000000
62471  41.099  0.530  21.220 0.0000000000
63118  41.547  0.976  20.829 0.0000000000
62474  41.965  1.109  20.056 0.0000000000
63124  43.086  1.247  18.857 0.0000000000
93875  43.533  1.213  18.207 0.0000000000
63132  43.760  1.452  17.437 0.0000000000
104293  45.701  11.208  20.156 0.0000000000
70172  46.037  11.358  18.882 0.0000000000
69416  45.494  10.968  19.439 0.0000000000
68680  44.798  9.107  16.908 0.0000000000
68691  45.908  9.467  15.777 0.0000000000
91086  45.120  8.891  15.123 0.0000000000
89154  44.530  9.533  12.753 0.0000000000
68728  44.159  9.970  11.778 0.0000000000
65729  48.020  5.657  21.035 0.0000000000
66432  47.324  6.486  20.070 0.0000000000
66422  48.855  5.867  20.500 0.0000000000
66430  49.862  6.289  20.092 0.0000000000
66439  50.807  6.114  19.806 0.0000000000
65732  50.897  5.207  20.405 0.0000000000
66429  50.961  5.531  20.176 0.0000000000
67136  51.718  6.554  17.648 0.0000000000
66458  52.292  6.710  16.972 0.0000000000
65804  46.843  5.501  10.153 0.0000000000
65795  47.587  6.139  10.535 0.0000000000
107369  47.643  6.065  9.670 0.0000000000
65803  47.986  6.323  8.968 0.0000000000
65815  47.176  5.878  7.430 0.0000000000
66527  48.031  6.498  8.495 0.0000000000
67191  48.741  7.243  8.618 0.0000000000
67954  47.987  8.091  8.344 0.0000000000
67947  47.341  9.683  8.451 0.0000000000
67955  46.686  8.558  8.074 0.0000000000
67206  44.946  6.897  6.707 0.0000000000
67199  45.044  7.495  7.423 0.0000000000
102426  42.904  4.389  9.318 0.0000000000
64490  42.598  3.703  9.185 0.0000000000
63090  41.614  1.482  27.505 0.0000000000
63089  42.250  1.570  27.286 0.0000000000
62436  42.211  0.883  27.051 0.0000000000
61719  42.333  -0.230  25.976 0.0000000000
102574  41.320  -0.727  25.753 0.0000000000
61726  41.776  -0.642  25.640 0.0000000000
61735  42.344  -0.337  25.425 0.0000000000
70149  47.704  12.761  20.903 0.0000000000
70800  48.028  12.874  19.541 0.0000000000
101647  49.222  13.356  20.656 0.0000000000
70170  48.190  12.705  18.430 0.0000000000
65741  47.311  5.315  17.278 0.0000000000
101873  46.748  5.764  15.440 0.0000000000
105518  47.203  6.169  15.096 0.0000000000
90816  46.760  6.018  14.347 0.0000000000
65796  46.791  5.457  11.102 0.0000000000
98245  45.565  2.550  12.305 0.0000000000
64474  45.561  3.333  11.945 0.0000000000
64478  45.454  3.546  11.175 0.0000000000
63809  45.017  2.900  10.312 0.0000000000
65141  45.683  4.189  11.447 0.0000000000
65146  46.200  4.852  10.889 0.0000000000
65151  46.353  5.225  9.364 0.0000000000
65166  45.704  4.938  6.880 0.0000000000
64492  45.273  4.332  7.510 0.0000000000
64504  44.727  4.346  5.809 0.0000000000
65178  44.286  4.555  5.500 0.0000000000
65179  43.625  4.215  5.274 0.0000000000
64510  43.338  3.352  5.204 0.0000000000
63838  42.368  2.167  5.246 0.0000000000
67841  45.525  8.250  23.560 0.0000000000
67118  45.532  7.051  21.293 0.0000000000
66424  45.931  6.362  21.213 0.0000000000
65714  43.032  6.073  23.961 0.0000000000
65713  43.615  5.731  23.371 0.0000000000
65719  44.378  5.666  22.805 0.0000000000
65064  45.118  4.868  23.160 0.0000000000
65721  49.611  4.847  22.030 0.0000000000
65069  50.010  4.853  21.633 0.0000000000
65079  48.057  4.666  19.112 0.0000000000
63099  42.938  1.205  26.760 0.0000000000
63098  43.695  1.301  26.236 0.0000000000
63104  44.121  1.173  25.296 0.0000000000
97698  45.757  2.046  24.914 0.0000000000
63746  46.064  2.534  23.713 0.0000000000
63748  43.660  2.279  22.890 0.0000000000
63747  44.789  2.535  23.305 0.0000000000
64417  46.629  3.041  22.945 0.0000000000
64426  45.946  3.746  20.498 0.0000000000
65080  46.899  4.674  18.636 0.0000000000
65087  46.564  4.889  17.740 0.0000000000
65099  45.614  4.543  16.431 0.0000000000
64443  45.167  3.870  16.864 0.0000000000
64451  45.147  3.791  15.904 0.0000000000
93187  45.215  3.020  14.505 0.0000000000
106837  45.603  2.255  13.512 0.0000000000
63138  43.952  1.727  16.633 0.0000000000
63144  44.279  1.968  15.792 0.0000000000
63143  44.723  1.418  15.171 0.0000000000
63719  41.152  1.847  27.779 0.0000000000
63091  40.797  1.397  27.768 0.0000000000
62438  40.593  0.984  27.574 0.0000000000
105846  39.786  0.706  26.786 0.0000000000
62456  39.146  0.291  25.698 0.0000000000
62458  37.398  0.625  25.847 0.0000000000
61729  37.725  0.214  25.273 0.0000000000
61739  38.168  -0.593  24.882 0.0000000000
67862  41.884  8.571  19.985 0.0000000000
67863  41.198  8.561  20.176 0.0000000000
67864  40.362  8.591  20.379 0.0000000000
69429  40.035  10.723  17.501 0.0000000000
69440  41.095  11.007  16.479 0.0000000000
69457  40.717  11.486  16.126 0.0000000000
69478  40.896  11.344  14.957 0.0000000000
68681  43.494  9.017  16.300 0.0000000000
68706  42.593  10.196  14.383 0.0000000000
68707  41.315  10.699  14.484 0.0000000000
68732  40.988  9.192  12.184 0.0000000000
68595  49.002  10.279  23.297 0.0000000000
69382  49.529  10.556  22.282 0.0000000000
69391  49.555  10.809  21.362 0.0000000000
67130  46.943  7.145  19.384 0.0000000000
67874  46.741  7.887  19.399 0.0000000000
67860  47.145  8.764  19.859 0.0000000000
67883  48.025  8.258  18.406 0.0000000000
91802  49.018  10.192  20.843 0.0000000000
69403  49.564  10.940  20.497 0.0000000000
92667  49.888  11.664  19.033 0.0000000000
70169  49.912  12.190  18.377 0.0000000000
69437  49.895  11.611  17.618 0.0000000000
70180  49.950  12.075  17.931 0.0000000000
70181  49.660  12.160  17.647 0.0000000000
70193  49.495  11.771  16.770 0.0000000000
65749  49.809  5.573  16.791 0.0000000000
66473  48.905  6.453  15.144 0.0000000000
65757  50.075  6.023  15.898 0.0000000000
65748  51.104  5.900  16.684 0.0000000000
66460  51.999  6.176  16.617 0.0000000000
66470  52.221  6.610  16.084 0.0000000000
66480  52.414  6.905  15.568 0.0000000000
66510  48.550  6.476  10.707 0.0000000000
66499  49.521  6.553  11.937 0.0000000000
66498  50.432  6.652  12.289 0.0000000000
66508  50.379  6.633  11.397 0.0000000000
66490  51.775  7.126  13.491 0.0000000000
67164  52.294  7.344  14.729 0.0000000000
67158  52.240  7.346  15.600 0.0000000000
67911  51.979  8.388  14.747 0.0000000000
93330  51.513  9.655  14.861 0.0000000000
68688  51.295  10.598  14.903 0.0000000000
68712  51.457  9.580  13.212 0.0000000000
68699  51.300  10.370  13.981 0.0000000000
69464  49.686  11.182  15.243 0.0000000000
103255  47.376  9.605  13.923 0.0000000000
68715  46.697  9.374  13.071 0.0000000000
68753  46.494  10.769  8.685 0.0000000000
69491  46.096  11.181  8.913 0.0000000000
68760  44.574  10.375  8.395 0.0000000000
69503  44.811  10.910  8.443 0.0000000000
69492  45.542  11.226  9.052 0.0000000000
69493  44.505  11.070  9.363 0.0000000000
69494  43.489  10.690  9.689 0.0000000000
68748  42.061  10.149  9.617 0.0000000000
67952  41.621  9.691  9.547 0.0000000000
68749  41.051  9.300  9.793 0.0000000000
67942  41.692  8.780  9.560 0.0000000000
67187  40.956  8.617  10.018 0.0000000000
63833  42.012  2.468  5.528 0.0000000000
63181  41.484  1.788  6.112 0.0000000000
63732  46.335  2.855  25.408 0.0000000000
63733  45.826  2.470  25.372 0.0000000000
63734  45.056  2.447  25.722 0.0000000000
64404  47.094  3.087  25.112 0.0000000000
65825  43.365  5.504  6.796 0.0000000000
66450  52.072  6.544  17.209 0.0000000000
66469  52.332  6.792  16.402 0.0000000000
66533  47.508  6.122  7.760 0.0000000000
66547  44.774  5.953  6.108 0.0000000000
67143  52.138  6.770  17.180 0.0000000000
67169  52.058  7.685  12.809 0.0000000000
67924  51.140  8.242  11.801 0.0000000000
67932  50.752  8.397  11.143 0.0000000000
67940  48.716  9.554  9.454 0.0000000000
68587  47.079  9.068  23.606 0.0000000000
69417  45.025  10.388  19.171 0.0000000000
69498  45.494  11.072  8.631 0.0000000000
69499  44.676  11.109  8.771 0.0000000000
90667  42.700  10.390  9.877 0.0000000000
93173  48.345  8.821  18.212 0.0000000000
97640  48.437  4.171  23.593 0.0000000000
100423  47.179  6.190  13.169 0.0000000000
102202  49.476  6.477  13.387 0.0000000000
106056  50.748  7.117  11.479 0.0000000000
106195  45.839  9.498  12.713 0.0000000000
