#!ascii label  , from subject OASIS_0001 vox2ras=TkReg
492
53795  22.474  -12.004  -22.945 0.0000000000
58535  27.516  -5.423  -26.673 0.0000000000
64146  20.879  2.482  -25.783 0.0000000000
61446  18.904  -1.606  -24.572 0.0000000000
49878  23.841  -16.780  -21.485 0.0000000000
51468  26.750  -14.579  -22.789 0.0000000000
100292  25.237  -9.723  -25.907 0.0000000000
58538  22.645  -5.296  -26.707 0.0000000000
92705  24.905  -1.188  -27.362 0.0000000000
64790  26.985  3.032  -24.317 0.0000000000
66118  18.711  5.201  -23.492 0.0000000000
51471  23.464  -14.325  -22.406 0.0000000000
50687  25.510  -15.760  -22.717 0.0000000000
52210  24.686  -13.605  -23.712 0.0000000000
56950  21.823  -7.118  -25.042 0.0000000000
58521  20.420  -5.066  -24.676 0.0000000000
62852  19.726  0.775  -25.353 0.0000000000
62183  21.646  -0.774  -26.810 0.0000000000
62865  23.008  1.115  -27.344 0.0000000000
63483  25.897  1.245  -25.926 0.0000000000
94126  25.036  3.178  -26.241 0.0000000000
67461  15.643  7.471  -20.575 0.0000000000
99747  15.636  5.226  -21.239 0.0000000000
67504  18.940  7.588  -23.443 0.0000000000
56958  26.513  -7.434  -26.749 0.0000000000
54602  27.198  -9.967  -25.453 0.0000000000
56150  28.618  -8.560  -25.951 0.0000000000
63466  17.492  1.516  -23.140 0.0000000000
59956  28.706  -3.868  -25.705 0.0000000000
96613  21.898  -10.247  -23.242 0.0000000000
54595  23.919  -11.072  -24.596 0.0000000000
55383  23.142  -8.970  -24.950 0.0000000000
90153  24.309  -6.837  -27.009 0.0000000000
58546  25.348  -5.255  -27.844 0.0000000000
91918  20.778  -2.982  -25.702 0.0000000000
60759  23.397  -2.788  -27.515 0.0000000000
59966  26.344  -3.399  -27.044 0.0000000000
62177  27.261  -1.002  -25.705 0.0000000000
64090  16.541  2.987  -22.119 0.0000000000
64791  19.469  3.803  -24.397 0.0000000000
67524  22.483  7.569  -24.920 0.0000000000
66859  22.863  6.099  -26.392 0.0000000000
65480  23.172  4.709  -26.511 0.0000000000
66132  25.711  5.090  -24.646 0.0000000000
53015  26.002  -12.140  -24.324 0.0000000000
53796  21.945  -11.781  -22.345 0.0000000000
52993  22.143  -12.573  -22.294 0.0000000000
52992  22.794  -12.724  -22.822 0.0000000000
95968  24.120  -13.923  -23.002 0.0000000000
93385  23.765  -12.479  -23.845 0.0000000000
105541  19.772  1.467  -25.380 0.0000000000
62860  20.879  0.822  -26.456 0.0000000000
64144  22.042  2.020  -26.747 0.0000000000
64154  24.002  2.167  -26.984 0.0000000000
64143  22.901  3.068  -26.703 0.0000000000
68259  16.874  8.354  -21.181 0.0000000000
67492  16.988  7.284  -22.265 0.0000000000
68273  18.825  8.633  -22.630 0.0000000000
57732  27.345  -6.148  -26.749 0.0000000000
56947  28.101  -7.769  -26.444 0.0000000000
56946  28.705  -7.221  -26.070 0.0000000000
62835  17.341  0.265  -22.855 0.0000000000
62817  16.137  0.711  -21.622 0.0000000000
50678  22.815  -15.522  -21.470 0.0000000000
49081  22.974  -17.211  -21.132 0.0000000000
48334  24.199  -18.274  -21.589 0.0000000000
49089  25.457  -17.432  -22.032 0.0000000000
51469  25.847  -15.024  -23.134 0.0000000000
93051  26.839  -16.867  -22.263 0.0000000000
95242  22.516  -9.146  -24.481 0.0000000000
56145  22.014  -8.382  -24.507 0.0000000000
58528  22.106  -5.821  -25.925 0.0000000000
56962  23.046  -6.994  -25.980 0.0000000000
58537  23.416  -5.867  -27.016 0.0000000000
57742  24.613  -6.170  -27.535 0.0000000000
59247  24.335  -4.858  -27.820 0.0000000000
59947  20.131  -2.936  -25.062 0.0000000000
60747  19.882  -2.256  -25.066 0.0000000000
62190  22.924  -0.595  -27.529 0.0000000000
61464  22.791  -1.426  -27.481 0.0000000000
61462  24.184  -2.011  -27.665 0.0000000000
60757  25.138  -2.683  -27.693 0.0000000000
61456  25.550  -1.876  -27.156 0.0000000000
61455  26.369  -1.834  -26.566 0.0000000000
95337  25.943  -1.211  -26.574 0.0000000000
64132  26.122  2.139  -25.670 0.0000000000
63477  27.115  1.298  -25.012 0.0000000000
98287  17.313  5.172  -22.755 0.0000000000
64755  15.716  3.785  -21.284 0.0000000000
65445  17.578  4.511  -23.162 0.0000000000
64786  17.960  3.710  -23.513 0.0000000000
65468  19.625  4.700  -24.264 0.0000000000
66142  22.810  5.434  -26.501 0.0000000000
66856  24.608  5.830  -25.675 0.0000000000
66139  24.700  5.206  -25.535 0.0000000000
96844  24.813  -10.192  -25.524 0.0000000000
99162  24.918  -11.670  -24.970 0.0000000000
54604  25.523  -10.432  -25.510 0.0000000000
55363  27.825  -10.005  -24.466 0.0000000000
53804  27.303  -11.484  -23.689 0.0000000000
107552  22.142  -14.491  -21.536 0.0000000000
50689  23.487  -15.135  -22.051 0.0000000000
49888  24.843  -16.103  -22.326 0.0000000000
51470  24.312  -14.850  -22.679 0.0000000000
51482  24.826  -14.407  -23.422 0.0000000000
52209  25.366  -13.788  -23.694 0.0000000000
57719  20.656  -6.348  -24.435 0.0000000000
57728  21.004  -5.744  -24.819 0.0000000000
58530  21.023  -4.867  -25.100 0.0000000000
62171  19.183  -0.401  -24.799 0.0000000000
61452  19.980  -1.573  -25.434 0.0000000000
62184  20.964  -0.112  -26.522 0.0000000000
99211  22.255  -0.136  -27.134 0.0000000000
94444  24.212  0.037  -27.477 0.0000000000
101469  25.484  -0.049  -26.769 0.0000000000
63494  24.786  1.181  -26.609 0.0000000000
64142  25.067  2.456  -26.234 0.0000000000
64797  25.565  3.597  -25.638 0.0000000000
66786  14.076  6.169  -19.490 0.0000000000
66077  15.134  5.824  -20.569 0.0000000000
66822  16.843  6.518  -22.392 0.0000000000
94452  18.871  6.732  -23.443 0.0000000000
56161  26.357  -8.463  -26.371 0.0000000000
55379  26.935  -9.592  -25.848 0.0000000000
56152  27.238  -8.928  -26.179 0.0000000000
55371  28.292  -9.087  -25.679 0.0000000000
61435  18.030  -1.311  -23.564 0.0000000000
62833  18.327  -0.183  -23.835 0.0000000000
93765  18.823  0.825  -24.485 0.0000000000
94359  19.118  2.042  -24.687 0.0000000000
49876  26.121  -17.015  -22.321 0.0000000000
59236  28.484  -4.715  -26.116 0.0000000000
57731  28.526  -6.162  -26.228 0.0000000000
53806  22.167  -11.182  -23.105 0.0000000000
53817  23.421  -11.761  -24.130 0.0000000000
54596  23.268  -10.388  -24.406 0.0000000000
55373  23.261  -9.622  -24.690 0.0000000000
56153  24.210  -8.825  -25.820 0.0000000000
56949  22.487  -7.470  -25.388 0.0000000000
56948  23.193  -7.828  -25.774 0.0000000000
56163  24.704  -8.346  -26.316 0.0000000000
102524  24.993  -7.198  -27.050 0.0000000000
103831  26.460  -6.332  -27.052 0.0000000000
58536  26.796  -5.468  -27.011 0.0000000000
59233  20.951  -4.220  -25.356 0.0000000000
59969  21.698  -3.791  -26.435 0.0000000000
60754  20.952  -2.312  -26.176 0.0000000000
60752  22.062  -3.061  -26.804 0.0000000000
59979  23.229  -3.574  -27.433 0.0000000000
96741  24.554  -3.992  -27.885 0.0000000000
59975  25.825  -3.848  -27.442 0.0000000000
59238  26.975  -4.750  -26.826 0.0000000000
60749  27.184  -3.141  -26.051 0.0000000000
60745  27.322  -2.433  -25.882 0.0000000000
62856  26.282  0.508  -25.946 0.0000000000
64119  17.167  2.114  -22.753 0.0000000000
64127  18.756  2.466  -24.356 0.0000000000
64798  20.844  3.293  -25.616 0.0000000000
67502  20.392  7.447  -24.090 0.0000000000
96819  20.869  7.074  -24.486 0.0000000000
67525  22.259  7.012  -25.466 0.0000000000
66128  20.790  5.635  -24.719 0.0000000000
66135  21.191  5.123  -25.487 0.0000000000
92594  21.543  4.596  -26.026 0.0000000000
64807  22.686  4.052  -26.568 0.0000000000
64806  23.590  3.754  -26.394 0.0000000000
65473  25.081  4.381  -25.589 0.0000000000
65466  26.256  4.434  -24.404 0.0000000000
95923  24.311  -12.006  -24.520 0.0000000000
53016  25.098  -12.438  -24.601 0.0000000000
52208  26.172  -13.321  -23.445 0.0000000000
54594  26.780  -10.662  -25.041 0.0000000000
53805  26.803  -11.876  -24.094 0.0000000000
93967  23.374  -12.787  -23.258 0.0000000000
53006  23.054  -12.212  -23.515 0.0000000000
98188  20.257  1.943  -25.589 0.0000000000
63487  20.887  1.692  -26.139 0.0000000000
64145  21.476  2.230  -26.367 0.0000000000
64156  22.670  2.232  -26.890 0.0000000000
101634  22.086  2.723  -26.621 0.0000000000
68274  18.086  8.468  -22.162 0.0000000000
56956  27.948  -6.722  -26.391 0.0000000000
97750  27.919  -5.942  -26.495 0.0000000000
50677  23.657  -15.892  -21.573 0.0000000000
49879  22.962  -16.349  -21.205 0.0000000000
48335  23.557  -17.893  -21.454 0.0000000000
49090  24.491  -17.559  -21.705 0.0000000000
49877  24.758  -16.771  -21.893 0.0000000000
50686  26.432  -15.497  -22.697 0.0000000000
50685  27.148  -15.219  -22.457 0.0000000000
51457  27.529  -14.530  -22.198 0.0000000000
55374  21.943  -8.993  -24.127 0.0000000000
56137  21.603  -8.319  -24.124 0.0000000000
57735  22.814  -6.218  -26.346 0.0000000000
58548  24.117  -5.648  -27.587 0.0000000000
58549  23.511  -5.058  -27.394 0.0000000000
60737  19.405  -1.929  -24.939 0.0000000000
61453  19.443  -1.622  -24.941 0.0000000000
62188  24.284  -0.707  -27.530 0.0000000000
61463  23.666  -1.204  -27.633 0.0000000000
103296  24.415  -1.473  -27.563 0.0000000000
61461  24.815  -2.045  -27.589 0.0000000000
61460  25.446  -0.808  -26.901 0.0000000000
64125  26.547  2.595  -25.059 0.0000000000
64131  26.739  1.908  -25.253 0.0000000000
66119  17.775  5.272  -23.321 0.0000000000
65463  18.191  4.472  -23.506 0.0000000000
65461  19.340  5.217  -23.761 0.0000000000
66849  24.689  6.377  -25.615 0.0000000000
66844  25.279  6.430  -25.459 0.0000000000
54583  28.211  -10.071  -23.578 0.0000000000
54572  27.784  -10.957  -23.097 0.0000000000
51472  22.847  -13.987  -22.218 0.0000000000
96598  22.416  -14.100  -21.868 0.0000000000
50690  22.689  -14.696  -21.859 0.0000000000
93681  24.257  -15.595  -22.104 0.0000000000
51481  25.388  -14.559  -23.392 0.0000000000
95107  20.456  -5.608  -24.483 0.0000000000
58529  21.504  -5.390  -25.501 0.0000000000
95638  19.698  -0.087  -25.329 0.0000000000
62851  20.360  0.324  -25.853 0.0000000000
62858  22.351  0.768  -27.081 0.0000000000
62859  21.656  0.430  -26.756 0.0000000000
90078  22.976  0.279  -27.456 0.0000000000
93951  23.735  0.695  -27.461 0.0000000000
62864  24.508  0.599  -27.193 0.0000000000
63495  24.170  1.394  -27.163 0.0000000000
103082  24.448  2.804  -26.364 0.0000000000
64153  24.550  1.933  -26.523 0.0000000000
64133  25.549  2.898  -26.018 0.0000000000
67448  15.336  7.821  -19.891 0.0000000000
67449  14.637  7.136  -19.657 0.0000000000
66796  14.728  6.580  -20.204 0.0000000000
66078  14.443  5.874  -19.879 0.0000000000
66795  15.364  6.701  -20.731 0.0000000000
67491  17.799  7.628  -22.447 0.0000000000
106839  16.457  7.024  -21.908 0.0000000000
66821  17.646  6.745  -22.641 0.0000000000
56160  27.379  -8.100  -26.506 0.0000000000
94959  28.578  -8.164  -26.177 0.0000000000
56151  28.110  -8.634  -26.222 0.0000000000
55362  28.377  -9.355  -24.619 0.0000000000
60729  17.243  -1.331  -22.731 0.0000000000
61436  17.497  -1.055  -23.073 0.0000000000
62159  17.856  -0.675  -23.446 0.0000000000
62160  17.409  -0.440  -22.899 0.0000000000
93091  17.294  0.918  -22.861 0.0000000000
62834  17.754  0.761  -23.388 0.0000000000
63474  18.663  1.590  -24.295 0.0000000000
63465  18.125  1.524  -23.642 0.0000000000
49887  25.486  -16.593  -22.345 0.0000000000
49087  27.197  -17.220  -21.711 0.0000000000
59964  27.849  -3.931  -26.105 0.0000000000
54597  22.570  -10.557  -23.796 0.0000000000
55382  23.781  -9.272  -25.252 0.0000000000
56154  23.468  -8.553  -25.494 0.0000000000
56937  22.046  -7.813  -24.887 0.0000000000
57734  23.532  -6.601  -26.691 0.0000000000
56961  23.734  -7.362  -26.411 0.0000000000
56164  23.923  -8.114  -26.138 0.0000000000
56960  24.495  -7.616  -26.580 0.0000000000
56959  25.476  -7.770  -26.595 0.0000000000
58547  24.835  -5.460  -27.886 0.0000000000
57741  25.417  -6.024  -27.543 0.0000000000
58545  26.007  -5.386  -27.404 0.0000000000
104810  20.277  -3.309  -24.993 0.0000000000
59946  20.215  -3.746  -24.766 0.0000000000
59958  20.613  -3.615  -25.223 0.0000000000
59957  21.125  -3.708  -25.807 0.0000000000
99118  20.921  -0.971  -26.333 0.0000000000
61458  20.586  -1.592  -25.984 0.0000000000
61457  21.285  -1.594  -26.534 0.0000000000
93648  23.459  -2.038  -27.590 0.0000000000
60760  22.553  -2.320  -27.278 0.0000000000
97079  22.751  -3.098  -27.195 0.0000000000
59248  23.763  -4.174  -27.662 0.0000000000
59978  24.096  -3.256  -27.767 0.0000000000
59967  25.724  -3.031  -27.428 0.0000000000
59976  25.227  -3.291  -27.761 0.0000000000
98464  26.495  -4.128  -27.026 0.0000000000
59965  27.012  -3.895  -26.575 0.0000000000
91855  26.659  -3.077  -26.540 0.0000000000
61451  26.991  -1.765  -26.035 0.0000000000
103182  27.917  -1.843  -25.572 0.0000000000
62857  25.722  0.500  -26.364 0.0000000000
65401  14.283  4.626  -19.614 0.0000000000
65414  14.853  4.451  -20.402 0.0000000000
93079  16.067  3.232  -21.554 0.0000000000
93568  15.002  3.159  -20.474 0.0000000000
64068  15.517  2.981  -21.055 0.0000000000
64091  16.204  2.496  -21.478 0.0000000000
64103  16.556  2.056  -22.147 0.0000000000
105660  16.800  2.545  -22.448 0.0000000000
64792  18.317  2.936  -23.806 0.0000000000
94439  18.850  3.121  -24.347 0.0000000000
64126  19.381  2.842  -24.862 0.0000000000
64799  20.045  3.584  -25.243 0.0000000000
68304  21.183  8.177  -24.368 0.0000000000
67516  21.699  7.543  -24.772 0.0000000000
98703  21.467  7.100  -24.926 0.0000000000
66851  23.191  6.607  -25.973 0.0000000000
67523  24.134  7.302  -25.385 0.0000000000
66853  21.817  6.452  -25.424 0.0000000000
66852  22.516  6.345  -25.824 0.0000000000
66127  21.445  5.821  -25.115 0.0000000000
66134  22.084  5.666  -25.894 0.0000000000
66141  23.506  5.438  -26.275 0.0000000000
66143  21.965  5.032  -26.476 0.0000000000
65481  22.482  4.755  -26.549 0.0000000000
65482  21.973  4.349  -26.492 0.0000000000
65479  23.873  4.586  -26.033 0.0000000000
66133  25.197  5.129  -25.292 0.0000000000
65472  25.570  4.332  -25.023 0.0000000000
66111  26.437  5.215  -24.115 0.0000000000
105304  24.517  -11.425  -24.802 0.0000000000
53816  25.579  -11.615  -24.833 0.0000000000
53005  25.618  -12.915  -23.989 0.0000000000
54603  26.470  -10.225  -25.497 0.0000000000
53003  26.972  -12.184  -23.255 0.0000000000
52200  22.425  -13.404  -22.209 0.0000000000
52199  23.299  -13.444  -22.740 0.0000000000
52211  23.988  -13.163  -23.393 0.0000000000
63479  20.352  1.163  -25.783 0.0000000000
63486  21.656  1.371  -26.670 0.0000000000
63485  22.462  1.536  -26.992 0.0000000000
63496  23.567  1.574  -27.252 0.0000000000
64155  23.353  2.284  -26.973 0.0000000000
64818  23.767  2.886  -26.521 0.0000000000
105913  24.094  3.272  -26.236 0.0000000000
68247  16.546  8.580  -20.473 0.0000000000
67460  16.293  7.849  -20.869 0.0000000000
67475  15.936  7.079  -21.340 0.0000000000
67473  17.355  7.990  -21.792 0.0000000000
90671  18.471  7.971  -22.931 0.0000000000
56957  27.319  -7.104  -26.645 0.0000000000
62816  16.745  0.630  -22.379 0.0000000000
63448  16.947  1.404  -22.590 0.0000000000
51458  22.120  -15.094  -21.272 0.0000000000
50665  21.592  -15.333  -20.601 0.0000000000
50664  22.201  -15.958  -20.842 0.0000000000
49866  22.450  -16.744  -20.835 0.0000000000
48327  24.317  -18.938  -21.420 0.0000000000
48333  25.063  -18.256  -21.702 0.0000000000
49886  26.248  -16.314  -22.513 0.0000000000
96601  21.874  -9.500  -23.577 0.0000000000
54598  22.259  -9.698  -23.831 0.0000000000
56155  22.654  -8.327  -25.071 0.0000000000
57727  21.657  -6.237  -25.217 0.0000000000
57726  22.335  -6.625  -25.595 0.0000000000
57743  23.971  -6.252  -27.231 0.0000000000
59959  20.290  -2.909  -25.227 0.0000000000
62191  22.321  -0.900  -27.283 0.0000000000
61465  22.006  -1.551  -27.113 0.0000000000
101002  24.001  -2.541  -27.706 0.0000000000
60758  24.592  -2.651  -27.747 0.0000000000
106486  25.648  -2.536  -27.341 0.0000000000
60751  26.203  -2.560  -26.986 0.0000000000
62181  26.557  -1.061  -26.199 0.0000000000
63478  26.483  1.288  -25.550 0.0000000000
65428  16.293  4.903  -21.809 0.0000000000
65413  15.460  4.451  -20.902 0.0000000000
64754  16.382  3.943  -21.819 0.0000000000
64772  16.854  3.644  -22.447 0.0000000000
64787  17.210  2.959  -22.718 0.0000000000
64785  18.766  3.705  -23.743 0.0000000000
65467  20.245  4.608  -24.881 0.0000000000
66850  23.953  6.489  -25.599 0.0000000000
66858  23.324  6.090  -26.351 0.0000000000
66857  23.956  5.921  -25.696 0.0000000000
66140  24.107  5.277  -25.652 0.0000000000
96714  25.057  5.865  -25.706 0.0000000000
66126  25.494  5.837  -25.208 0.0000000000
54605  24.090  -10.108  -24.971 0.0000000000
53827  24.736  -10.907  -25.152 0.0000000000
53826  25.327  -11.145  -25.184 0.0000000000
53825  26.028  -10.932  -25.156 0.0000000000
54593  27.352  -10.346  -24.809 0.0000000000
54584  27.609  -10.718  -24.066 0.0000000000
50676  24.299  -16.187  -21.769 0.0000000000
50688  24.808  -15.520  -22.675 0.0000000000
50698  25.081  -15.108  -23.172 0.0000000000
51480  26.055  -14.194  -23.299 0.0000000000
57718  21.144  -6.793  -24.744 0.0000000000
58539  21.910  -5.119  -26.197 0.0000000000
106296  19.166  -1.086  -24.756 0.0000000000
62179  19.568  -0.926  -25.230 0.0000000000
62178  20.303  -0.708  -25.771 0.0000000000
105586  21.666  -0.150  -26.785 0.0000000000
62189  23.614  -0.238  -27.582 0.0000000000
101110  24.880  -0.216  -27.211 0.0000000000
62863  25.167  0.506  -26.745 0.0000000000
63484  25.369  1.140  -26.239 0.0000000000
106010  25.054  1.712  -26.245 0.0000000000
64141  25.533  1.932  -26.002 0.0000000000
95836  25.958  2.927  -25.501 0.0000000000
99750  15.198  5.041  -20.602 0.0000000000
66803  16.314  6.333  -21.753 0.0000000000
66084  16.176  5.635  -21.621 0.0000000000
66103  16.701  5.587  -22.272 0.0000000000
66836  18.107  6.128  -23.380 0.0000000000
93601  19.265  5.997  -23.612 0.0000000000
55388  25.733  -9.165  -26.171 0.0000000000
55380  26.088  -9.711  -25.823 0.0000000000
55387  26.509  -9.198  -26.088 0.0000000000
55378  27.683  -9.348  -25.849 0.0000000000
55372  27.790  -9.682  -25.260 0.0000000000
61447  18.501  -1.488  -24.076 0.0000000000
62172  18.717  -0.816  -24.354 0.0000000000
62845  18.752  0.100  -24.412 0.0000000000
98160  17.764  0.004  -23.378 0.0000000000
62846  18.403  0.723  -23.959 0.0000000000
63473  19.260  1.311  -24.856 0.0000000000
64135  19.577  2.076  -25.204 0.0000000000
64134  20.051  2.753  -25.495 0.0000000000
58534  28.220  -5.412  -26.367 0.0000000000
92775  22.763  -11.492  -23.669 0.0000000000
53818  23.114  -11.119  -24.182 0.0000000000
103540  22.809  -9.855  -24.177 0.0000000000
55381  24.524  -9.558  -25.661 0.0000000000
55389  24.932  -9.101  -26.181 0.0000000000
56938  21.471  -7.658  -24.526 0.0000000000
56162  25.417  -8.579  -26.338 0.0000000000
106424  25.005  -6.657  -27.364 0.0000000000
57733  25.649  -6.895  -27.140 0.0000000000
59223  19.935  -4.513  -24.536 0.0000000000
59222  20.572  -4.336  -24.867 0.0000000000
59232  21.428  -4.534  -25.896 0.0000000000
59240  22.141  -4.500  -26.598 0.0000000000
60746  20.397  -2.276  -25.580 0.0000000000
60753  21.667  -2.321  -26.730 0.0000000000
59970  21.355  -3.038  -26.276 0.0000000000
59968  22.450  -3.743  -26.952 0.0000000000
59239  22.924  -4.404  -27.181 0.0000000000
59246  25.004  -4.714  -28.039 0.0000000000
59977  24.829  -3.245  -27.859 0.0000000000
96803  25.151  -3.909  -27.861 0.0000000000
59245  25.618  -4.622  -27.690 0.0000000000
59244  26.307  -4.710  -27.248 0.0000000000
59237  27.695  -4.722  -26.470 0.0000000000
60750  26.752  -2.413  -26.368 0.0000000000
60744  28.069  -2.978  -25.672 0.0000000000
62182  26.039  -0.326  -26.400 0.0000000000
62850  26.898  0.537  -25.414 0.0000000000
64739  15.285  3.728  -20.629 0.0000000000
63449  16.480  1.260  -22.018 0.0000000000
95533  17.733  3.131  -23.364 0.0000000000
64118  17.753  2.341  -23.387 0.0000000000
64128  18.364  2.174  -23.850 0.0000000000
105917  18.986  8.239  -23.279 0.0000000000
67503  19.789  8.063  -23.581 0.0000000000
68290  20.565  8.244  -24.036 0.0000000000
96026  19.681  6.925  -23.668 0.0000000000
104935  19.729  6.256  -24.108 0.0000000000
66845  21.206  6.361  -24.679 0.0000000000
66847  19.852  5.606  -24.369 0.0000000000
105941  21.654  5.133  -26.100 0.0000000000
65474  20.901  4.160  -25.504 0.0000000000
64808  21.449  3.805  -26.038 0.0000000000
91063  22.068  3.539  -26.540 0.0000000000
99267  24.452  3.689  -26.100 0.0000000000
65478  24.511  4.487  -25.709 0.0000000000
64805  25.114  3.697  -26.012 0.0000000000
64796  26.170  3.504  -24.808 0.0000000000
65454  26.843  4.670  -23.913 0.0000000000
64779  26.865  3.927  -24.061 0.0000000000
53017  24.524  -12.853  -24.112 0.0000000000
52223  25.048  -13.188  -24.171 0.0000000000
53815  26.418  -11.400  -24.653 0.0000000000
53814  27.106  -11.142  -24.458 0.0000000000
53004  26.418  -12.545  -23.690 0.0000000000
52991  26.792  -12.898  -23.180 0.0000000000
52198  26.780  -13.631  -22.972 0.0000000000
62844  19.221  0.419  -24.843 0.0000000000
63441  16.133  1.585  -21.355 0.0000000000
63497  23.013  1.753  -27.186 0.0000000000
64092  15.897  2.232  -20.866 0.0000000000
64740  14.594  3.709  -20.164 0.0000000000
64771  17.413  3.759  -22.909 0.0000000000
64809  21.445  3.024  -26.153 0.0000000000
65429  15.848  4.469  -21.451 0.0000000000
65446  16.910  4.509  -22.503 0.0000000000
65462  19.147  4.458  -23.671 0.0000000000
66804  15.687  6.153  -21.282 0.0000000000
66837  17.381  5.893  -22.784 0.0000000000
66846  20.321  6.490  -24.321 0.0000000000
67462  15.038  7.161  -20.275 0.0000000000
67474  16.644  7.586  -21.540 0.0000000000
67490  18.394  7.076  -22.913 0.0000000000
67517  21.010  7.706  -24.518 0.0000000000
68248  15.896  8.202  -20.294 0.0000000000
97163  18.340  -0.916  -23.808 0.0000000000
107208  18.076  0.331  -23.615 0.0000000000
