#!ascii label  , from subject OASIS_0001 vox2ras=TkReg
770
12043  26.158  -66.418  -24.869 0.3000000119
17932  28.969  -58.459  -26.240 0.6000000238
19355  29.121  -56.255  -23.936 0.6999999881
20079  28.761  -56.137  -22.950 0.6999999881
12058  25.678  -66.899  -25.457 0.4000000060
14287  27.733  -63.601  -28.354 0.4000000060
12731  26.639  -65.787  -25.659 0.5000000000
12715  26.655  -65.752  -24.378 0.5000000000
17247  28.724  -59.185  -26.532 0.6999999881
18632  28.826  -57.744  -25.609 0.6999999881
19364  29.460  -56.380  -24.743 0.6000000238
20086  29.847  -55.839  -24.329 0.6000000238
20077  30.233  -55.302  -23.927 0.6999999881
20869  30.003  -55.121  -22.042 0.6999999881
12743  26.952  -65.913  -27.032 0.5000000000
13525  28.451  -64.271  -28.378 0.4000000060
15792  27.833  -62.193  -27.571 0.4000000060
16553  29.325  -61.337  -27.651 0.5000000000
12742  27.391  -65.343  -26.567 0.6000000238
16546  28.628  -60.613  -27.013 0.6000000238
100350  28.879  -59.912  -26.973 0.6000000238
12730  27.470  -64.828  -25.518 0.6000000238
17940  29.674  -58.906  -26.735 0.6000000238
92813  29.852  -56.629  -25.314 0.6000000238
19363  30.156  -55.986  -25.008 0.6000000238
20879  31.717  -54.416  -24.558 0.6999999881
20085  30.530  -55.400  -24.656 0.6999999881
20876  30.894  -54.833  -24.269 0.6999999881
97044  30.645  -54.860  -23.509 0.6999999881
21644  32.146  -53.842  -23.248 0.6999999881
20867  31.500  -54.203  -22.626 0.6999999881
20859  31.140  -54.151  -21.818 0.6999999881
21643  32.822  -53.325  -22.988 0.6999999881
12750  27.227  -65.999  -28.380 0.5000000000
13513  28.290  -64.977  -28.231 0.5000000000
13526  28.067  -64.974  -28.401 0.5000000000
15062  28.787  -62.834  -28.272 0.4000000060
95811  27.570  -65.609  -27.776 0.5000000000
15791  29.022  -62.118  -27.946 0.5000000000
16545  29.582  -60.553  -27.391 0.6000000238
14268  28.080  -64.269  -25.599 0.6000000238
13490  28.085  -64.757  -26.739 0.5000000000
96425  29.205  -63.629  -26.410 0.5000000000
103326  30.418  -57.075  -25.759 0.6000000238
18638  29.754  -58.162  -26.112 0.6999999881
20093  30.944  -55.682  -25.258 0.6000000238
19368  30.694  -56.466  -25.534 0.6000000238
20084  31.299  -54.998  -24.955 0.6000000238
21659  33.051  -53.691  -24.382 0.6000000238
21652  32.250  -53.984  -24.118 0.6999999881
21631  31.518  -53.484  -21.406 0.6999999881
22515  34.223  -53.249  -23.958 0.6000000238
21630  32.482  -53.309  -21.834 0.6999999881
99654  33.611  -53.228  -23.284 0.6999999881
15066  29.388  -63.325  -28.388 0.4000000060
13502  28.122  -65.202  -27.808 0.5000000000
13512  28.732  -64.502  -28.157 0.4000000060
15790  30.039  -62.147  -28.277 0.5000000000
17253  30.658  -60.541  -27.600 0.6000000238
92088  29.668  -59.735  -27.099 0.6000000238
13501  28.809  -64.630  -27.910 0.4000000060
14285  29.807  -63.593  -28.219 0.4000000060
14275  29.465  -63.853  -27.567 0.4000000060
14274  30.216  -63.332  -27.765 0.4000000060
97178  30.679  -58.631  -26.829 0.6999999881
18637  30.555  -57.737  -26.276 0.6000000238
93128  31.689  -56.373  -25.819 0.6000000238
20884  32.257  -54.536  -25.255 0.6000000238
20092  31.881  -55.455  -25.557 0.6000000238
97926  33.663  -53.627  -24.794 0.6000000238
22498  31.995  -52.991  -20.940 0.6999999881
22497  32.999  -52.930  -21.361 0.6999999881
22508  34.105  -53.132  -23.101 0.6000000238
22496  33.876  -52.953  -21.811 0.6000000238
14295  29.908  -63.301  -28.389 0.4000000060
15065  30.207  -62.771  -28.332 0.4000000060
14284  30.226  -63.157  -28.278 0.4000000060
17246  30.743  -59.607  -27.300 0.8000000119
14266  29.815  -63.253  -26.682 0.5000000000
88813  31.612  -58.192  -26.953 0.6999999881
18630  31.399  -57.218  -26.311 0.6000000238
20883  33.369  -54.598  -25.649 0.5000000000
106189  31.570  -52.477  -20.391 0.6999999881
22513  35.285  -52.919  -24.091 0.6000000238
22520  34.054  -53.351  -24.387 0.6000000238
22486  33.396  -52.437  -20.687 0.8000000119
22487  32.438  -52.474  -20.474 0.8000000119
22514  34.742  -53.055  -24.256 0.6000000238
22507  34.749  -53.000  -22.894 0.6000000238
15789  30.609  -62.088  -27.842 0.5000000000
16552  30.388  -61.412  -27.807 0.6000000238
15788  31.420  -61.532  -27.426 0.5000000000
15780  32.033  -61.256  -26.734 0.6999999881
15785  30.876  -62.183  -27.438 0.4000000060
19373  32.638  -57.067  -26.645 0.6999999881
20091  32.938  -55.390  -25.899 0.6000000238
19367  32.765  -56.215  -26.250 0.6000000238
21662  34.858  -53.659  -25.613 0.6000000238
97253  31.839  -51.926  -19.944 0.6000000238
21658  34.439  -53.240  -25.013 0.6000000238
22485  34.193  -52.363  -20.832 0.6999999881
23339  33.809  -51.734  -19.990 0.6999999881
22506  35.550  -52.971  -22.640 0.6999999881
96816  35.199  -52.790  -21.846 0.6999999881
107621  34.740  -52.276  -20.771 0.6999999881
16550  32.252  -60.832  -27.404 0.5000000000
16551  31.327  -61.242  -27.617 0.6000000238
17252  31.851  -60.470  -27.638 0.6000000238
16539  32.558  -60.828  -26.830 0.6999999881
15784  31.851  -61.422  -27.194 0.6000000238
17939  32.004  -59.402  -27.478 0.6999999881
16533  31.865  -60.550  -25.926 0.6999999881
15781  31.253  -61.938  -26.572 0.6999999881
17938  32.780  -58.634  -27.344 0.6999999881
18635  33.580  -57.917  -27.343 0.6999999881
20090  33.964  -55.537  -26.275 0.5000000000
19372  33.867  -56.954  -27.041 0.6000000238
24185  31.628  -50.445  -19.662 0.5000000000
21656  35.859  -53.024  -25.248 0.6000000238
20882  34.397  -54.700  -25.928 0.6000000238
24183  33.436  -50.245  -19.589 0.6000000238
24184  32.547  -50.379  -19.480 0.5000000000
22517  36.002  -52.938  -24.913 0.6000000238
21657  35.135  -52.767  -25.195 0.6000000238
23338  34.649  -51.559  -20.316 0.6000000238
24182  34.210  -50.074  -19.876 0.5000000000
25005  34.431  -49.285  -20.191 0.5000000000
22512  36.308  -53.106  -23.370 0.6999999881
22505  36.528  -52.743  -22.296 0.6999999881
100669  36.599  -52.005  -21.620 0.6999999881
22484  35.347  -52.145  -20.858 0.6999999881
24208  36.012  -50.282  -20.891 0.5000000000
22493  37.226  -52.162  -22.051 0.6999999881
24207  36.738  -50.462  -21.399 0.6000000238
17251  32.765  -60.231  -27.581 0.6000000238
16538  33.023  -60.476  -27.161 0.6999999881
17250  33.138  -60.017  -27.516 0.6000000238
17235  32.780  -59.393  -25.763 0.6999999881
17937  33.474  -58.874  -27.337 0.6999999881
20094  34.278  -56.552  -26.712 0.6999999881
20089  34.528  -55.897  -26.266 0.6000000238
25008  31.914  -49.669  -19.493 0.4000000060
97661  35.328  -54.706  -25.865 0.5000000000
25744  34.028  -48.592  -20.050 0.4000000060
21642  37.440  -53.216  -22.946 0.6000000238
21650  37.221  -53.248  -24.657 0.6000000238
24195  35.317  -50.047  -20.505 0.5000000000
99877  34.772  -49.847  -20.231 0.5000000000
25020  35.723  -49.330  -21.051 0.4000000060
105849  37.256  -52.657  -22.385 0.6000000238
23348  37.052  -51.382  -21.623 0.6999999881
25031  37.136  -49.526  -22.024 0.5000000000
17242  33.355  -59.806  -26.822 0.6000000238
17241  33.756  -59.255  -27.090 0.6999999881
17249  33.440  -59.486  -27.261 0.6999999881
101239  33.148  -58.364  -25.171 0.6999999881
17923  34.070  -58.159  -25.834 0.6999999881
17936  34.053  -58.472  -27.226 0.6000000238
19371  34.343  -57.144  -27.018 0.6000000238
20880  37.215  -54.377  -25.692 0.6000000238
20088  36.051  -55.189  -25.590 0.5000000000
21660  36.504  -53.651  -25.596 0.6000000238
21649  38.305  -53.730  -24.231 0.6000000238
21655  37.036  -53.522  -25.478 0.6000000238
25759  35.458  -48.544  -21.113 0.5000000000
26534  35.132  -47.719  -20.924 0.4000000060
99599  38.036  -52.662  -22.526 0.6000000238
26547  35.876  -47.997  -21.609 0.4000000060
23356  38.048  -51.608  -22.234 0.6000000238
24206  37.611  -50.587  -21.915 0.5000000000
17931  34.253  -58.467  -26.859 0.6999999881
18622  34.206  -57.417  -25.306 0.6999999881
18621  34.633  -57.022  -25.966 0.6000000238
19366  34.494  -57.098  -26.813 0.6000000238
18614  33.611  -56.948  -24.243 0.6999999881
19365  34.746  -56.396  -26.202 0.5000000000
20878  37.968  -54.401  -25.379 0.6000000238
20087  36.914  -54.994  -25.588 0.6000000238
21653  38.371  -54.324  -25.015 0.6000000238
21641  38.647  -53.465  -23.299 0.6000000238
23355  39.185  -51.457  -22.724 0.6000000238
24213  38.676  -50.692  -22.507 0.5000000000
19353  34.699  -56.009  -24.387 0.6999999881
19361  34.888  -56.395  -25.463 0.6999999881
20082  36.546  -55.353  -25.276 0.6000000238
20081  37.659  -54.967  -25.377 0.5000000000
20874  39.746  -55.021  -24.054 0.6000000238
20080  38.429  -54.949  -25.073 0.6000000238
21639  40.284  -53.647  -23.320 0.6000000238
22503  40.288  -52.733  -23.233 0.6000000238
15040  28.960  -63.063  -24.821 0.5000000000
106317  30.614  -61.706  -25.544 0.5000000000
91089  29.379  -61.519  -23.891 0.5000000000
15775  29.939  -61.989  -24.949 0.5000000000
15774  31.067  -61.024  -25.553 0.6999999881
16528  30.428  -60.309  -24.391 0.6999999881
16534  30.116  -61.190  -24.593 0.5000000000
17236  31.789  -59.651  -25.125 0.6999999881
89224  31.179  -60.205  -25.001 0.6999999881
17925  32.204  -58.757  -24.788 0.6999999881
97940  26.458  -66.607  -23.850 0.3000000119
20065  30.091  -55.331  -22.887 0.6999999881
19369  29.126  -56.960  -25.141 0.6000000238
20868  30.736  -54.692  -22.495 0.6999999881
21632  30.550  -53.732  -21.169 0.6999999881
21663  33.927  -53.913  -25.329 0.6000000238
22495  34.613  -52.771  -21.601 0.6999999881
23326  33.225  -51.094  -19.559 0.6000000238
23337  35.415  -51.012  -20.541 0.6999999881
24197  34.049  -50.911  -19.704 0.6000000238
102872  36.210  -51.431  -21.026 0.6999999881
25006  33.678  -49.391  -19.788 0.5000000000
25007  32.804  -49.537  -19.487 0.5000000000
19370  34.434  -56.743  -26.742 0.5000000000
22504  39.233  -53.108  -23.030 0.6000000238
96265  39.092  -52.286  -22.737 0.6000000238
21648  39.208  -54.427  -24.203 0.6000000238
20083  35.625  -55.900  -25.028 0.5000000000
17914  30.279  -58.501  -22.713 0.6000000238
18589  30.962  -57.017  -18.953 0.6000000238
19314  31.545  -56.721  -18.601 0.4000000060
18605  30.656  -57.568  -21.630 0.5000000000
17918  30.641  -58.829  -23.555 0.6000000238
16548  26.816  -60.769  -26.206 0.5000000000
19302  32.090  -56.816  -17.934 0.4000000060
17248  28.205  -59.979  -26.409 0.5000000000
17243  27.859  -59.354  -25.853 0.5000000000
18604  30.670  -57.261  -20.774 0.5000000000
18567  33.647  -57.500  -17.013 0.4000000060
16540  27.373  -60.096  -25.940 0.5000000000
17934  27.489  -58.768  -25.312 0.5000000000
18600  30.907  -56.980  -19.865 0.6000000238
17933  28.283  -58.567  -25.777 0.5000000000
18611  30.762  -57.837  -22.543 0.5000000000
17917  31.466  -58.346  -23.855 0.6000000238
18561  34.484  -58.406  -16.384 0.4000000060
17861  34.911  -58.508  -15.670 0.4000000060
19325  31.518  -56.558  -19.259 0.4000000060
18626  26.404  -57.867  -24.253 0.5000000000
19335  31.323  -56.693  -20.679 0.5000000000
17927  27.070  -58.272  -24.748 0.5000000000
18617  26.550  -57.153  -23.761 0.5000000000
18616  30.872  -58.145  -23.223 0.6000000238
91107  31.613  -57.627  -23.227 0.6000000238
18624  28.328  -57.219  -24.921 0.5000000000
100217  27.402  -56.762  -23.537 0.5000000000
19346  31.933  -56.753  -22.002 0.5000000000
101605  31.235  -56.935  -21.439 0.5000000000
18609  32.037  -56.986  -22.805 0.6000000238
19345  32.733  -56.509  -22.659 0.6000000238
18623  32.435  -57.967  -24.166 0.6000000238
102675  33.286  -56.632  -23.439 0.6000000238
19301  33.255  -56.663  -17.874 0.4000000060
18560  35.688  -58.353  -16.372 0.4000000060
19347  27.850  -56.268  -22.746 0.5000000000
89616  26.532  -56.570  -23.245 0.5000000000
19350  24.699  -56.052  -22.725 0.4000000060
19356  28.327  -56.535  -23.668 0.6000000238
19357  25.619  -56.684  -23.285 0.4000000060
19334  32.151  -56.275  -20.696 0.6000000238
19339  32.459  -56.309  -21.630 0.6000000238
19338  33.299  -55.945  -22.057 0.6000000238
19344  33.651  -56.198  -22.905 0.6000000238
19268  35.468  -57.825  -15.502 0.4000000060
19348  26.921  -56.199  -22.683 0.5000000000
93870  26.241  -55.554  -22.346 0.4000000060
98089  23.816  -55.181  -22.594 0.4000000060
19312  33.451  -56.034  -18.770 0.6000000238
20030  34.194  -55.792  -19.499 0.6000000238
19324  32.398  -56.183  -19.650 0.6000000238
20055  33.055  -55.953  -21.155 0.5000000000
20054  33.956  -55.644  -21.483 0.6000000238
20044  33.780  -55.777  -20.512 0.5000000000
19343  34.428  -55.859  -23.314 0.6000000238
19271  34.500  -56.945  -15.107 0.4000000060
98311  34.991  -58.258  -16.941 0.4000000060
20067  28.232  -55.720  -22.112 0.6000000238
20058  26.584  -54.961  -22.059 0.5000000000
20871  24.494  -53.888  -22.453 0.5000000000
20872  23.595  -54.403  -22.300 0.5000000000
19311  35.785  -57.440  -17.832 0.4000000060
19300  34.660  -57.446  -17.434 0.4000000060
20018  34.798  -56.217  -18.611 0.5000000000
107351  34.715  -55.662  -20.095 0.5000000000
20042  35.793  -55.717  -20.135 0.5000000000
90163  34.910  -55.521  -21.747 0.6000000238
20064  34.208  -55.720  -22.376 0.6000000238
19354  33.963  -56.395  -23.820 0.6000000238
20001  35.406  -56.329  -16.006 0.4000000060
18542  36.312  -57.999  -16.025 0.4000000060
92877  35.252  -57.019  -15.550 0.4000000060
19994  34.503  -56.013  -15.412 0.4000000060
92115  30.300  -54.517  -21.585 0.6000000238
20000  36.538  -57.127  -16.316 0.4000000060
18559  36.657  -58.166  -16.612 0.4000000060
20861  27.694  -54.218  -21.768 0.6000000238
20870  25.578  -53.687  -22.422 0.5000000000
21646  24.725  -52.856  -22.333 0.4000000060
19299  36.850  -58.072  -17.221 0.4000000060
20029  35.345  -55.891  -19.268 0.5000000000
89529  35.550  -55.470  -21.083 0.5000000000
20053  36.151  -55.555  -21.837 0.6000000238
20063  35.245  -55.562  -22.897 0.6000000238
101901  35.099  -55.520  -23.947 0.6000000238
20803  34.528  -55.165  -15.898 0.4000000060
99469  29.638  -53.985  -21.204 0.6000000238
91231  28.690  -54.120  -21.497 0.6000000238
21635  26.589  -53.292  -22.297 0.5000000000
21636  24.429  -52.710  -22.096 0.5000000000
19999  37.102  -57.543  -16.852 0.4000000060
19310  37.068  -57.670  -18.002 0.4000000060
20017  36.134  -56.781  -18.559 0.5000000000
19322  37.713  -57.141  -18.903 0.5000000000
21626  29.879  -53.176  -20.898 0.6000000238
106106  28.228  -52.607  -21.960 0.5000000000
89894  26.433  -52.082  -22.593 0.5000000000
20028  36.631  -56.484  -19.175 0.5000000000
90355  37.212  -56.203  -19.659 0.4000000060
102163  38.179  -55.833  -21.161 0.4000000060
20052  37.457  -55.678  -22.143 0.4000000060
20062  37.859  -55.573  -23.346 0.6000000238
20075  37.206  -55.370  -24.449 0.4000000060
103532  34.036  -54.184  -15.756 0.4000000060
20818  35.162  -55.344  -16.352 0.4000000060
20829  35.648  -55.087  -16.900 0.4000000060
103344  30.822  -52.005  -20.276 0.5000000000
22489  29.407  -52.564  -21.191 0.5000000000
22509  27.664  -51.991  -22.419 0.5000000000
90489  25.978  -51.203  -22.669 0.4000000060
22499  28.659  -52.148  -21.726 0.4000000060
19308  38.032  -57.152  -18.659 0.5000000000
106685  38.159  -56.315  -19.019 0.5000000000
20026  38.092  -56.400  -19.322 0.6000000238
20040  38.787  -55.792  -21.167 0.4000000060
20051  38.729  -55.832  -22.282 0.4000000060
103179  38.833  -55.633  -23.537 0.4000000060
23341  31.249  -51.227  -19.883 0.5000000000
23342  30.038  -51.692  -20.781 0.6000000238
89024  30.347  -51.058  -20.644 0.4000000060
20060  40.221  -55.493  -22.587 0.5000000000
20073  39.252  -55.259  -24.286 0.5000000000
21615  38.704  -54.752  -20.122 0.5000000000
99640  38.529  -55.763  -20.280 0.5000000000
20039  39.201  -55.681  -21.193 0.5000000000
20050  39.591  -55.826  -21.980 0.5000000000
21602  35.043  -53.853  -16.884 0.4000000060
23361  41.198  -52.054  -23.293 0.5000000000
20873  40.476  -54.957  -23.326 0.4000000060
20072  40.126  -55.253  -23.424 0.5000000000
20038  39.841  -55.146  -21.490 0.5000000000
20852  39.109  -55.363  -20.764 0.5000000000
24198  30.708  -50.347  -20.350 0.4000000060
104410  41.236  -52.502  -23.024 0.4000000060
95380  41.203  -52.782  -22.510 0.4000000060
21647  40.107  -54.528  -23.591 0.5000000000
20857  40.593  -55.239  -22.477 0.5000000000
20865  40.780  -54.845  -22.844 0.5000000000
21623  39.932  -54.091  -21.415 0.5000000000
22483  40.104  -52.987  -21.381 0.5000000000
21622  40.872  -53.715  -21.947 0.4000000060
104738  28.037  -56.902  -24.313 0.5000000000
20066  29.270  -55.557  -22.228 0.6000000238
18633  27.889  -57.962  -25.170 0.6000000238
20860  29.442  -54.798  -21.570 0.6000000238
16547  27.755  -60.703  -26.529 0.5000000000
23327  32.241  -51.206  -19.601 0.5000000000
20076  35.978  -55.482  -24.137 0.6000000238
18625  27.428  -57.428  -24.427 0.5000000000
19349  25.890  -56.106  -22.674 0.4000000060
20069  24.851  -55.163  -22.547 0.4000000060
20031  33.299  -55.951  -19.774 0.6000000238
20068  27.291  -55.685  -22.166 0.6000000238
96239  25.516  -54.680  -22.411 0.4000000060
20056  28.515  -55.023  -21.666 0.6000000238
20057  27.569  -55.035  -21.806 0.6000000238
20862  26.825  -54.292  -22.018 0.5000000000
20863  23.302  -54.246  -22.036 0.5000000000
20059  22.999  -54.694  -22.060 0.5000000000
21633  28.899  -53.123  -21.487 0.5000000000
21645  25.478  -52.516  -22.502 0.5000000000
20041  37.741  -55.928  -20.263 0.5000000000
88913  25.080  -52.368  -22.292 0.5000000000
19297  38.023  -57.243  -18.133 0.5000000000
22488  30.070  -52.405  -20.741 0.6000000238
22482  41.077  -52.504  -21.937 0.4000000060
99487  35.359  -68.943  -29.297 0.3000000119
10694  34.409  -68.278  -29.565 0.3000000119
10693  35.332  -67.933  -29.439 0.3000000119
91128  33.788  -67.428  -29.596 0.3000000119
95495  34.577  -67.182  -29.632 0.3000000119
11369  32.644  -67.401  -29.064 0.3000000119
11368  33.429  -67.111  -29.301 0.3000000119
12759  35.574  -65.101  -28.708 0.3000000119
12101  34.856  -66.505  -29.563 0.3000000119
12092  33.871  -66.584  -28.957 0.3000000119
11357  33.223  -66.920  -28.628 0.3000000119
12760  34.815  -65.528  -28.722 0.3000000119
13511  34.851  -64.770  -27.489 0.3000000119
12079  34.170  -65.936  -28.453 0.4000000060
12080  33.581  -66.354  -28.050 0.4000000060
12081  33.064  -66.816  -27.559 0.4000000060
98613  32.539  -67.346  -27.027 0.3000000119
13500  34.732  -64.635  -26.568 0.3000000119
12740  34.291  -65.227  -26.989 0.4000000060
92994  33.667  -65.601  -26.555 0.4000000060
12070  33.386  -66.241  -27.005 0.4000000060
13486  35.369  -64.059  -26.082 0.3000000119
12071  32.769  -66.628  -26.551 0.4000000060
14254  35.655  -62.925  -24.624 0.4000000060
89065  35.202  -63.788  -25.105 0.4000000060
102795  32.012  -67.793  -26.596 0.4000000060
11330  32.176  -67.112  -26.112 0.3000000119
13487  34.589  -64.461  -25.627 0.4000000060
12727  34.019  -64.986  -26.123 0.3000000119
13471  34.377  -64.103  -24.656 0.4000000060
12729  32.695  -65.757  -25.262 0.5000000000
12054  32.992  -65.938  -26.139 0.4000000060
13455  27.087  -65.015  -24.483 0.5000000000
14255  34.849  -63.211  -24.149 0.4000000060
12055  32.391  -66.391  -25.702 0.4000000060
11302  26.610  -67.416  -23.603 0.3000000119
12031  26.901  -66.009  -23.409 0.4000000060
11312  30.246  -67.356  -24.474 0.3000000119
15787  27.270  -61.399  -26.802 0.4000000060
100589  26.330  -61.463  -26.477 0.4000000060
15039  29.860  -62.767  -25.561 0.4000000060
15048  29.313  -63.301  -25.720 0.4000000060
13488  33.852  -64.799  -25.177 0.3000000119
12728  33.350  -65.354  -25.694 0.5000000000
14267  28.640  -63.677  -25.435 0.4000000060
102808  28.069  -63.957  -24.749 0.4000000060
12056  31.694  -66.822  -25.346 0.4000000060
12696  27.259  -65.417  -23.048 0.5000000000
12030  27.445  -66.103  -22.982 0.4000000060
11301  27.378  -67.449  -23.386 0.4000000060
98248  30.727  -66.828  -24.368 0.3000000119
12029  27.748  -66.724  -23.102 0.4000000060
15782  30.533  -62.289  -25.900 0.4000000060
13472  33.579  -64.427  -24.189 0.4000000060
14257  28.285  -63.434  -24.343 0.4000000060
14258  27.555  -64.430  -24.616 0.5000000000
12712  33.124  -65.157  -24.754 0.4000000060
13454  27.306  -64.629  -23.625 0.5000000000
13451  33.287  -63.984  -23.309 0.4000000060
13473  32.811  -64.772  -23.844 0.4000000060
12713  32.385  -65.507  -24.394 0.5000000000
12714  31.594  -65.865  -24.088 0.5000000000
14243  27.670  -63.856  -23.997 0.4000000060
14228  27.761  -63.936  -23.210 0.5000000000
12026  30.815  -66.329  -23.849 0.5000000000
11298  30.360  -66.871  -23.958 0.4000000060
12028  29.166  -66.733  -23.262 0.4000000060
103889  28.405  -66.584  -23.005 0.4000000060
12018  28.118  -66.081  -22.759 0.4000000060
15028  28.563  -62.797  -23.784 0.4000000060
15770  28.892  -62.080  -23.201 0.3000000119
13452  32.492  -64.392  -23.059 0.4000000060
12694  32.040  -65.135  -23.536 0.4000000060
14242  28.107  -63.369  -23.474 0.4000000060
20071  22.963  -54.822  -22.092 0.4000000060
14225  32.745  -63.363  -22.711 0.4000000060
12695  31.130  -65.534  -23.222 0.5000000000
12015  30.418  -66.020  -23.251 0.5000000000
102565  28.112  -63.465  -22.794 0.5000000000
91553  28.205  -64.046  -22.444 0.4000000060
15008  32.504  -62.571  -22.128 0.4000000060
12027  30.070  -66.546  -23.500 0.4000000060
12683  27.787  -65.556  -22.717 0.4000000060
12017  28.894  -66.089  -22.713 0.4000000060
12682  28.525  -65.395  -22.405 0.4000000060
16529  29.528  -60.561  -23.403 0.4000000060
13433  32.109  -64.084  -22.556 0.4000000060
13453  31.727  -64.739  -22.799 0.4000000060
15010  28.347  -62.772  -22.667 0.3000000119
14226  31.955  -63.478  -22.166 0.4000000060
13434  31.449  -64.212  -22.248 0.4000000060
12679  30.964  -64.947  -22.335 0.4000000060
12680  30.331  -65.572  -22.606 0.5000000000
15009  31.771  -62.843  -21.726 0.4000000060
12667  30.152  -64.952  -21.785 0.4000000060
12681  29.504  -65.562  -22.348 0.4000000060
13436  28.519  -64.689  -22.172 0.4000000060
17231  30.109  -59.629  -23.503 0.4000000060
91687  30.787  -64.389  -21.878 0.4000000060
10000  28.747  -69.727  -29.152 0.3000000119
13509  36.450  -64.027  -28.271 0.3000000119
13499  35.375  -64.158  -27.126 0.3000000119
14265  35.904  -63.296  -25.612 0.4000000060
14240  34.492  -62.471  -23.367 0.4000000060
14256  34.069  -63.575  -23.709 0.4000000060
15027  34.111  -61.961  -22.787 0.4000000060
15007  33.293  -62.262  -22.571 0.4000000060
15769  29.090  -61.330  -22.748 0.3000000119
94111  28.588  -61.900  -22.218 0.4000000060
14988  28.503  -62.505  -21.794 0.4000000060
13419  31.071  -63.570  -21.669 0.4000000060
13420  30.298  -64.085  -21.494 0.4000000060
13421  29.648  -64.420  -21.582 0.4000000060
96420  28.991  -63.150  -21.488 0.3000000119
14227  28.327  -63.337  -22.006 0.4000000060
14986  31.096  -62.557  -21.254 0.4000000060
12697  26.963  -65.357  -23.694 0.4000000060
17919  29.942  -59.076  -22.895 0.4000000060
10021  33.965  -69.014  -29.585 0.3000000119
11379  32.923  -67.676  -29.481 0.3000000119
102166  29.379  -69.360  -28.793 0.3000000119
11378  34.173  -66.793  -29.501 0.3000000119
13510  35.558  -64.431  -28.073 0.3000000119
12091  34.528  -66.165  -29.300 0.4000000060
12748  34.484  -65.363  -27.893 0.3000000119
12741  33.941  -65.803  -27.469 0.4000000060
15038  35.350  -62.338  -23.653 0.4000000060
12041  32.021  -66.179  -24.884 0.4000000060
12042  31.288  -66.522  -24.578 0.5000000000
11299  29.769  -67.136  -23.787 0.3000000119
14241  33.620  -62.846  -23.105 0.4000000060
12016  29.723  -66.093  -22.946 0.4000000060
13435  29.214  -64.912  -21.896 0.4000000060
17907  29.764  -58.399  -20.389 0.4000000060
17911  29.310  -58.766  -21.159 0.4000000060
17889  30.523  -58.248  -19.010 0.4000000060
18601  30.297  -57.692  -20.156 0.5000000000
17910  30.075  -58.287  -21.828 0.4000000060
14927  32.055  -62.535  -15.463 0.3000000119
14928  31.622  -62.263  -16.031 0.3000000119
106903  33.317  -59.764  -15.108 0.3000000119
17188  33.109  -59.436  -15.563 0.3000000119
17869  33.833  -58.793  -15.818 0.3000000119
18562  33.086  -58.086  -16.408 0.3000000119
15699  31.926  -61.796  -15.487 0.3000000119
16471  32.089  -61.022  -15.501 0.3000000119
17184  32.835  -60.413  -15.059 0.3000000119
14921  32.485  -62.790  -14.811 0.3000000119
15694  32.294  -62.080  -14.836 0.3000000119
17183  34.001  -59.048  -15.243 0.3000000119
18529  34.984  -58.183  -15.294 0.3000000119
16470  32.486  -61.290  -14.916 0.3000000119
17157  33.014  -59.521  -14.241 0.3000000119
17845  33.957  -59.059  -14.884 0.3000000119
107050  32.214  -60.057  -12.960 0.3000000119
17158  32.368  -60.239  -13.660 0.3000000119
17840  32.814  -58.665  -13.583 0.3000000119
97827  32.393  -59.399  -13.244 0.3000000119
17841  32.226  -58.456  -12.693 0.3000000119
15677  32.453  -61.658  -13.468 0.3000000119
107298  33.846  -57.683  -14.384 0.3000000119
19992  33.825  -55.793  -14.525 0.3000000119
17150  32.166  -59.430  -12.396 0.3000000119
18526  33.367  -58.069  -14.009 0.3000000119
19986  33.248  -56.108  -13.694 0.3000000119
18505  32.118  -58.035  -11.836 0.3000000119
19265  32.474  -56.536  -12.996 0.3000000119
19973  32.290  -55.831  -12.457 0.3000000119
20804  33.934  -54.914  -15.157 0.3000000119
89805  33.803  -56.899  -14.454 0.3000000119
20793  33.344  -54.618  -14.356 0.3000000119
90525  33.496  -53.916  -14.938 0.3000000119
21590  34.306  -53.493  -16.280 0.3000000119
22428  33.551  -52.347  -15.234 0.3000000119
22443  33.978  -52.608  -16.077 0.3000000119
18577  30.704  -57.669  -18.635 0.3000000119
18590  30.588  -57.591  -19.361 0.4000000060
19269  34.596  -57.796  -14.859 0.3000000119
17898  30.234  -58.242  -19.640 0.5000000000
17168  33.412  -59.727  -14.986 0.3000000119
17870  32.558  -58.864  -16.153 0.3000000119
18563  32.000  -58.004  -16.599 0.3000000119
17169  32.733  -60.424  -14.573 0.3000000119
97628  32.415  -61.691  -14.279 0.3000000119
18530  34.267  -58.385  -14.729 0.3000000119
19255  32.233  -56.524  -12.116 0.3000000119
19264  33.176  -57.128  -13.792 0.3000000119
18491  32.331  -57.877  -10.974 0.3000000119
19987  32.638  -55.342  -13.044 0.3000000119
14987  29.204  -62.331  -21.227 0.4000000060
15739  30.905  -61.130  -20.493 0.4000000060
15740  29.943  -61.392  -20.616 0.4000000060
15754  28.800  -61.572  -21.561 0.3000000119
95515  30.179  -60.341  -20.287 0.4000000060
98427  30.622  -60.020  -19.759 0.3000000119
98687  28.960  -60.800  -21.057 0.4000000060
99730  29.425  -60.764  -20.715 0.4000000060
16508  30.592  -59.465  -19.373 0.3000000119
16516  29.156  -59.995  -20.683 0.4000000060
97903  29.941  -59.554  -20.094 0.4000000060
17226  28.938  -59.487  -20.994 0.3000000119
17223  29.357  -59.157  -20.582 0.4000000060
17216  30.459  -58.744  -19.313 0.4000000060
16522  28.864  -60.841  -21.610 0.3000000119
17229  29.096  -59.561  -21.609 0.3000000119
17232  29.435  -59.661  -22.596 0.3000000119
16524  29.010  -60.465  -22.133 0.3000000119
17222  30.022  -58.876  -19.899 0.4000000060
15753  29.288  -61.514  -20.947 0.4000000060
15047  36.383  -62.644  -25.002 0.3000000119
14215  29.670  -63.662  -21.304 0.3000000119
15035  38.366  -62.046  -24.736 0.3000000119
89018  37.720  -62.179  -24.988 0.3000000119
15036  36.757  -62.370  -24.318 0.3000000119
15037  36.045  -62.338  -24.139 0.3000000119
14201  29.724  -62.897  -20.886 0.3000000119
14214  30.266  -63.242  -21.018 0.3000000119
14223  37.773  -62.785  -22.921 0.3000000119
15024  36.712  -62.304  -23.607 0.3000000119
15003  36.987  -62.372  -23.380 0.3000000119
15025  35.870  -61.995  -23.281 0.3000000119
15026  34.918  -61.775  -22.913 0.3000000119
14972  30.315  -62.228  -20.759 0.3000000119
14198  38.476  -63.400  -20.769 0.3000000119
14212  38.153  -63.473  -22.008 0.3000000119
15004  36.191  -61.977  -23.101 0.3000000119
14224  36.773  -62.368  -22.937 0.3000000119
15005  35.463  -61.818  -22.824 0.3000000119
99151  37.411  -63.544  -21.327 0.3000000119
14213  37.128  -63.226  -22.298 0.3000000119
14982  36.144  -62.426  -22.477 0.3000000119
15006  34.783  -61.760  -22.521 0.3000000119
15764  33.810  -61.805  -22.358 0.3000000119
15765  33.024  -61.798  -21.996 0.3000000119
14182  38.145  -63.426  -19.698 0.3000000119
14983  35.285  -62.014  -22.157 0.3000000119
15763  34.201  -61.720  -22.167 0.3000000119
14183  37.263  -63.485  -19.529 0.3000000119
91961  37.889  -63.493  -18.856 0.3000000119
90087  36.620  -63.477  -20.571 0.3000000119
14968  35.811  -63.058  -21.555 0.3000000119
14984  34.573  -61.839  -21.845 0.3000000119
15750  33.500  -61.678  -21.716 0.3000000119
14985  32.124  -61.896  -21.523 0.3000000119
15752  31.429  -61.646  -20.945 0.3000000119
16515  31.321  -60.555  -20.059 0.3000000119
14184  36.317  -63.481  -19.492 0.3000000119
14969  35.012  -62.638  -21.285 0.3000000119
15749  33.894  -61.735  -21.439 0.3000000119
15751  32.736  -61.390  -21.196 0.3000000119
15023  37.739  -62.329  -23.907 0.3000000119
103356  37.453  -62.316  -24.283 0.3000000119
11314  25.893  -67.335  -24.274 0.3000000119
12057  26.207  -66.312  -26.182 0.6000000238
12747  34.987  -64.982  -28.213 0.3000000119
12749  27.667  -65.418  -28.482 0.5000000000
13437  27.769  -64.780  -22.672 0.4000000060
13489  28.711  -64.135  -26.649 0.5000000000
14126  32.410  -63.190  -15.476 0.3000000119
14216  28.883  -64.083  -21.747 0.3000000119
14286  29.307  -64.108  -28.157 0.4000000060
14294  30.084  -63.073  -28.459 0.4000000060
14296  29.347  -63.866  -28.243 0.4000000060
14973  29.700  -62.157  -20.802 0.3000000119
15055  30.499  -62.889  -27.785 0.4000000060
15060  30.517  -62.708  -28.029 0.4000000060
15061  29.780  -62.853  -28.465 0.4000000060
15067  28.653  -63.520  -28.380 0.4000000060
15766  28.763  -61.198  -22.027 0.4000000060
15776  29.215  -62.333  -24.339 0.5000000000
15786  28.262  -61.365  -27.227 0.6000000238
16442  32.214  -60.807  -13.141 0.3000000119
16459  32.331  -61.031  -13.994 0.3000000119
16521  28.890  -60.160  -21.240 0.3000000119
16543  32.917  -60.352  -27.388 0.6000000238
16544  32.558  -60.847  -27.182 0.6000000238
17237  30.830  -59.525  -24.315 0.6999999881
17245  33.300  -59.975  -27.312 0.6999999881
17833  32.083  -58.735  -11.974 0.3000000119
17844  34.515  -58.578  -15.225 0.3000000119
17915  29.545  -58.945  -22.116 0.3000000119
17924  33.717  -58.978  -26.277 0.6000000238
17926  31.290  -58.957  -24.321 0.6000000238
17941  33.088  -59.597  -27.509 0.6999999881
18519  32.264  -57.396  -12.458 0.3000000119
18527  32.595  -57.675  -13.235 0.3000000119
18543  35.632  -58.118  -15.714 0.4000000060
18558  37.036  -57.994  -16.813 0.4000000060
18566  35.921  -58.240  -17.124 0.4000000060
18570  30.763  -57.860  -17.995 0.3000000119
18576  31.237  -57.282  -18.204 0.3000000119
18610  31.377  -57.262  -22.298 0.5000000000
18615  32.712  -57.167  -23.584 0.6000000238
18629  34.412  -57.666  -26.451 0.6000000238
18631  29.732  -57.371  -25.657 0.6000000238
18634  34.357  -57.701  -27.107 0.6000000238
18636  32.425  -57.792  -27.028 0.6999999881
19285  36.785  -57.887  -16.393 0.4000000060
19286  36.125  -57.572  -15.940 0.4000000060
19298  37.338  -57.551  -17.572 0.4000000060
19309  37.780  -57.388  -18.295 0.5000000000
19313  32.289  -56.352  -18.639 0.4000000060
19323  37.268  -57.321  -18.601 0.5000000000
19340  31.762  -56.536  -21.279 0.5000000000
19360  35.396  -55.785  -25.488 0.6000000238
19362  34.424  -56.767  -24.827 0.6999999881
20011  36.692  -56.418  -16.874 0.4000000060
20015  38.143  -56.808  -18.559 0.5000000000
20016  37.895  -56.407  -18.074 0.5000000000
20025  38.583  -55.772  -20.192 0.5000000000
20027  37.919  -56.623  -19.272 0.4000000060
20043  34.721  -55.461  -20.877 0.6000000238
20045  32.898  -56.056  -20.378 0.6000000238
20049  40.129  -55.627  -21.994 0.5000000000
20061  39.518  -55.622  -22.978 0.5000000000
20070  23.249  -54.935  -22.376 0.4000000060
20074  38.338  -55.299  -24.561 0.5000000000
20078  29.584  -55.821  -23.372 0.6999999881
20095  33.656  -56.121  -26.509 0.5000000000
20817  35.913  -56.032  -16.477 0.4000000060
20830  34.718  -54.470  -16.374 0.4000000060
20844  38.242  -55.689  -19.475 0.6000000238
20851  40.574  -54.671  -21.904 0.5000000000
20856  40.780  -54.711  -22.256 0.5000000000
20858  31.936  -53.698  -22.296 0.6999999881
20864  23.143  -54.521  -22.105 0.4000000060
20866  40.614  -55.203  -22.974 0.5000000000
20875  31.398  -54.390  -23.568 0.6999999881
20877  38.746  -54.832  -24.816 0.6000000238
20881  36.352  -54.424  -25.707 0.6000000238
21574  33.743  -53.235  -15.488 0.4000000060
21624  39.327  -54.610  -20.829 0.5000000000
21625  30.877  -52.923  -20.696 0.6999999881
21629  40.852  -53.906  -22.508 0.5000000000
21634  27.742  -53.052  -22.041 0.5000000000
21637  24.010  -53.537  -21.876 0.5000000000
21638  40.659  -54.091  -23.047 0.5000000000
21640  39.581  -53.896  -23.551 0.6000000238
21651  32.759  -53.600  -23.720 0.6999999881
21654  37.856  -53.817  -25.294 0.6000000238
21661  35.667  -53.564  -25.588 0.6000000238
21664  32.990  -53.986  -25.039 0.6000000238
22494  35.926  -52.455  -21.563 0.6999999881
22502  40.945  -53.153  -22.826 0.4000000060
22510  25.592  -51.758  -22.479 0.4000000060
22511  40.830  -53.025  -23.048 0.4000000060
22516  33.454  -53.368  -23.760 0.6000000238
22518  35.152  -52.630  -24.994 0.6000000238
22519  34.809  -52.804  -24.789 0.6000000238
23295  33.817  -51.808  -15.946 0.3000000119
23340  32.869  -51.858  -19.948 0.8000000119
23343  29.430  -51.877  -21.235 0.6000000238
23353  41.420  -52.024  -23.039 0.4000000060
24196  34.731  -50.568  -20.172 0.6000000238
25021  35.089  -49.267  -20.581 0.5000000000
25022  31.053  -49.643  -19.913 0.4000000060
25030  38.060  -49.716  -22.557 0.5000000000
25760  34.772  -48.541  -20.530 0.4000000060
26546  36.388  -47.659  -22.107 0.4000000060
89509  36.602  -55.700  -20.706 0.5000000000
89643  35.099  -55.637  -25.837 0.5000000000
89825  32.588  -60.160  -26.302 0.6999999881
90180  36.612  -55.542  -23.120 0.6000000238
90818  33.419  -57.681  -24.653 0.6999999881
92239  37.591  -63.489  -20.356 0.3000000119
92527  36.578  -63.330  -21.716 0.3000000119
92894  33.369  -53.171  -22.466 0.6000000238
93783  34.308  -56.603  -18.097 0.4000000060
94151  27.063  -66.741  -23.333 0.4000000060
94316  31.608  -56.532  -20.031 0.6000000238
95329  29.940  -57.925  -20.968 0.5000000000
97289  28.713  -56.673  -24.533 0.5000000000
97814  33.531  -58.779  -14.317 0.3000000119
98664  38.189  -55.946  -20.111 0.5000000000
100145  40.519  -55.215  -22.077 0.5000000000
101116  30.499  -62.662  -26.879 0.5000000000
101672  32.406  -54.077  -24.742 0.6000000238
103467  26.968  -65.293  -25.278 0.6000000238
104603  34.204  -57.583  -27.213 0.6999999881
104957  34.293  -53.061  -22.419 0.6000000238
105411  32.805  -56.994  -17.488 0.4000000060
106579  32.952  -58.851  -25.488 0.6999999881
106964  34.400  -61.778  -22.602 0.3000000119
107412  37.273  -55.719  -21.226 0.4000000060
107569  37.685  -62.470  -23.493 0.3000000119
