#!ascii label  , from subject OASIS_0001 vox2ras=TkReg
597
17891  22.451  -58.353  -19.016 0.6000000238
91492  13.648  -56.572  -16.745 0.6999999881
19320  13.915  -56.426  -18.728 0.6999999881
17893  17.945  -58.425  -19.168 0.8999999762
17892  18.849  -58.859  -19.150 0.8000000119
17903  20.363  -58.801  -19.252 0.8000000119
104817  21.691  -58.081  -19.004 0.6000000238
18580  23.084  -57.674  -18.777 0.6999999881
18579  23.821  -57.654  -18.907 0.6999999881
18552  14.315  -57.236  -16.074 0.6999999881
18536  13.963  -57.989  -15.619 0.6999999881
96929  13.855  -56.130  -17.551 0.6999999881
20024  15.238  -55.960  -19.174 0.6000000238
18599  15.378  -56.635  -19.448 0.6999999881
18583  15.583  -56.924  -19.518 0.6999999881
18597  16.801  -57.020  -20.234 0.8000000119
96967  17.550  -57.190  -20.139 0.8000000119
17905  18.307  -57.863  -19.682 0.8000000119
99631  19.958  -58.052  -19.414 0.8000000119
95015  20.826  -58.143  -19.185 0.6000000238
18581  22.154  -57.546  -18.798 0.6000000238
18578  24.360  -57.060  -18.793 0.6999999881
18592  24.477  -57.459  -19.444 0.6999999881
18551  15.221  -57.211  -15.899 0.5000000000
17854  14.458  -58.559  -15.235 0.6000000238
19280  15.300  -56.196  -16.753 0.4000000060
19998  14.739  -56.030  -17.209 0.6000000238
20013  15.189  -55.664  -18.185 0.5000000000
19333  15.900  -56.267  -19.827 0.6000000238
18598  16.088  -56.830  -19.999 0.8000000119
18596  18.124  -56.954  -20.186 0.6999999881
19328  20.654  -56.554  -19.093 0.6999999881
19318  22.591  -56.852  -18.574 0.5000000000
19317  23.706  -56.933  -18.556 0.6000000238
19316  24.562  -56.429  -18.559 0.6000000238
18602  24.245  -57.117  -20.669 0.5000000000
100507  16.004  -58.050  -15.190 0.5000000000
17175  15.487  -59.200  -14.807 0.6000000238
17164  15.725  -59.907  -14.454 0.6000000238
17864  15.518  -57.721  -15.436 0.5000000000
92566  15.895  -55.574  -19.371 0.5000000000
20037  16.575  -55.631  -19.760 0.6000000238
96695  18.430  -55.470  -19.767 0.6000000238
98991  20.202  -55.699  -19.335 0.6000000238
99610  21.069  -55.822  -19.013 0.5000000000
99527  21.989  -55.995  -18.630 0.5000000000
98773  23.018  -56.159  -18.339 0.6000000238
97092  23.955  -56.156  -18.311 0.6000000238
19327  24.927  -56.664  -18.959 0.5000000000
19336  25.353  -55.951  -20.263 0.5000000000
20855  23.539  -54.264  -21.769 0.5000000000
19337  24.632  -56.319  -20.676 0.5000000000
17174  16.249  -59.278  -14.692 0.5000000000
17163  16.711  -59.938  -14.215 0.5000000000
98806  15.613  -56.691  -16.284 0.5000000000
19293  15.909  -56.141  -16.601 0.4000000060
20007  16.253  -55.650  -17.083 0.3000000119
20012  15.904  -55.297  -17.731 0.4000000060
20832  16.436  -54.784  -18.269 0.3000000119
20823  16.665  -55.002  -17.624 0.3000000119
20843  16.357  -54.951  -18.959 0.5000000000
20036  17.515  -55.289  -19.646 0.5000000000
94680  18.871  -54.691  -19.650 0.5000000000
20033  21.411  -55.109  -18.844 0.5000000000
20022  22.385  -55.288  -18.528 0.6000000238
95265  23.497  -55.481  -18.274 0.6000000238
19315  25.178  -55.964  -18.655 0.5000000000
102892  25.589  -55.523  -18.913 0.5000000000
20047  25.068  -54.806  -20.708 0.5000000000
96999  16.992  -59.204  -14.620 0.5000000000
17852  16.526  -58.618  -14.999 0.5000000000
17863  16.643  -57.922  -15.311 0.5000000000
18549  16.851  -57.332  -15.712 0.4000000060
19279  16.335  -56.736  -16.183 0.5000000000
19292  16.666  -56.109  -16.598 0.4000000060
20006  17.060  -55.444  -17.073 0.3000000119
20842  17.063  -54.350  -18.625 0.3000000119
20849  18.372  -53.827  -19.418 0.4000000060
20035  19.750  -54.770  -19.562 0.5000000000
20034  20.576  -54.906  -19.266 0.4000000060
20021  24.665  -55.639  -18.309 0.5000000000
20838  24.859  -54.821  -18.285 0.5000000000
20020  25.469  -55.097  -18.644 0.5000000000
20854  23.970  -53.573  -21.769 0.5000000000
20853  25.445  -54.022  -20.558 0.4000000060
20046  25.931  -54.780  -19.730 0.5000000000
100933  17.435  -59.651  -14.223 0.5000000000
17173  17.750  -59.154  -14.606 0.5000000000
17862  17.343  -57.919  -15.358 0.5000000000
19278  17.209  -56.747  -16.222 0.4000000060
19291  17.618  -56.016  -16.694 0.4000000060
20822  17.430  -54.670  -17.593 0.3000000119
20831  17.110  -54.338  -18.193 0.3000000119
21619  18.094  -53.152  -19.101 0.4000000060
20848  19.203  -53.832  -19.671 0.4000000060
20847  20.139  -53.853  -19.632 0.4000000060
20846  20.953  -54.313  -19.241 0.4000000060
20841  21.732  -54.374  -18.856 0.5000000000
97346  23.212  -53.892  -18.533 0.5000000000
20840  22.786  -54.576  -18.503 0.6000000238
92403  26.183  -54.204  -18.829 0.4000000060
20019  26.027  -54.825  -18.974 0.5000000000
18548  17.942  -57.422  -15.688 0.4000000060
17850  18.172  -58.450  -15.114 0.4000000060
19277  18.243  -56.627  -16.325 0.4000000060
20005  17.985  -55.212  -17.101 0.4000000060
21596  17.743  -53.852  -18.106 0.4000000060
21612  18.084  -52.992  -18.887 0.4000000060
21618  18.658  -53.012  -19.469 0.4000000060
21617  20.038  -52.862  -19.776 0.4000000060
91984  21.039  -53.460  -19.435 0.5000000000
21611  22.105  -53.662  -18.893 0.5000000000
21610  23.559  -53.119  -18.528 0.6000000238
96359  25.364  -54.225  -18.426 0.5000000000
21608  25.833  -53.463  -18.466 0.4000000060
17172  18.656  -59.250  -14.468 0.4000000060
19276  19.013  -57.122  -15.951 0.4000000060
18535  19.041  -57.852  -15.355 0.4000000060
104964  19.118  -56.426  -16.422 0.4000000060
20821  18.261  -54.371  -17.508 0.4000000060
22478  18.407  -52.542  -19.094 0.4000000060
22477  19.157  -52.378  -19.487 0.4000000060
98731  21.593  -52.661  -19.356 0.4000000060
101197  22.572  -53.142  -18.828 0.4000000060
21609  24.801  -53.387  -18.342 0.6000000238
17849  19.474  -58.696  -14.752 0.4000000060
18547  19.803  -57.455  -15.602 0.4000000060
19290  18.611  -55.866  -16.776 0.4000000060
20004  18.924  -55.008  -17.055 0.4000000060
21595  18.435  -53.473  -17.885 0.4000000060
22453  18.643  -52.604  -18.225 0.5000000000
22466  18.438  -52.459  -18.772 0.4000000060
22476  19.977  -52.025  -19.730 0.3000000119
97222  20.646  -52.522  -19.663 0.4000000060
22464  22.493  -52.395  -18.963 0.4000000060
22463  23.325  -52.298  -18.697 0.4000000060
96684  24.164  -52.646  -18.467 0.5000000000
17171  19.700  -59.593  -14.194 0.4000000060
19289  19.671  -55.735  -16.745 0.4000000060
20820  19.110  -54.147  -17.359 0.4000000060
21594  19.278  -53.277  -17.608 0.3000000119
22465  18.745  -52.021  -18.958 0.3000000119
23331  20.226  -51.259  -19.589 0.3000000119
22475  20.735  -51.760  -19.707 0.3000000119
23317  22.612  -51.521  -19.035 0.4000000060
23316  24.255  -51.082  -18.553 0.4000000060
18534  20.095  -58.057  -15.162 0.3000000119
19275  20.040  -56.703  -16.104 0.3000000119
20003  20.390  -55.210  -16.732 0.3000000119
95710  19.781  -54.730  -16.959 0.3000000119
103013  19.831  -53.956  -17.128 0.3000000119
23299  19.493  -52.266  -17.773 0.3000000119
23319  19.314  -51.582  -18.821 0.4000000060
23318  19.904  -51.085  -19.301 0.4000000060
23330  20.962  -50.827  -19.794 0.3000000119
23329  21.756  -50.903  -19.636 0.3000000119
24188  22.523  -50.591  -19.403 0.4000000060
105289  23.311  -51.055  -18.788 0.4000000060
24172  24.627  -50.376  -18.508 0.4000000060
23307  19.530  -51.571  -18.215 0.4000000060
24997  20.626  -49.961  -19.619 0.4000000060
24190  20.579  -50.504  -19.627 0.4000000060
24189  20.886  -50.170  -19.950 0.3000000119
24187  22.688  -49.598  -19.792 0.4000000060
24995  23.965  -49.614  -18.919 0.4000000060
24173  23.517  -50.365  -18.853 0.4000000060
25013  21.034  -49.662  -19.893 0.4000000060
25012  21.768  -49.168  -20.065 0.5000000000
25011  23.368  -48.864  -19.785 0.4000000060
95054  25.132  -49.685  -18.484 0.3000000119
24994  24.583  -48.797  -18.981 0.3000000119
17902  21.512  -58.984  -19.181 0.6999999881
17906  17.319  -57.580  -19.653 0.8000000119
18593  21.177  -57.377  -18.956 0.6000000238
18595  19.174  -57.385  -19.650 0.6999999881
18594  20.219  -57.327  -19.236 0.6999999881
18591  25.077  -56.723  -19.887 0.6000000238
20008  15.386  -55.796  -17.256 0.4000000060
20023  15.766  -55.318  -18.602 0.4000000060
106476  17.132  -56.130  -20.314 0.6999999881
19330  18.768  -56.388  -19.853 0.6999999881
19319  21.589  -56.686  -18.779 0.6999999881
18550  16.029  -57.348  -15.671 0.5000000000
97396  19.325  -55.612  -19.610 0.5000000000
20850  17.011  -54.619  -19.113 0.4000000060
20839  23.953  -54.788  -18.261 0.5000000000
96859  24.362  -54.068  -18.309 0.6000000238
21603  18.171  -53.088  -18.541 0.3000000119
17848  20.581  -58.641  -14.657 0.4000000060
91925  21.580  -50.106  -20.014 0.3000000119
14933  20.269  -62.478  -16.560 0.6000000238
14135  20.549  -63.408  -16.657 0.6000000238
13399  22.708  -64.705  -19.218 0.6000000238
94909  23.303  -64.584  -19.843 0.6000000238
14137  18.816  -63.068  -16.622 0.5000000000
14934  19.295  -62.400  -16.472 0.6000000238
16476  18.774  -60.861  -16.504 0.6999999881
15704  19.601  -61.518  -16.570 0.6999999881
14136  19.694  -63.235  -16.552 0.6000000238
14944  20.930  -62.135  -16.842 0.6000000238
14943  21.591  -62.599  -17.155 0.6000000238
14954  22.930  -62.764  -18.205 0.6000000238
14170  23.231  -63.515  -18.744 0.6000000238
13398  23.418  -64.132  -19.242 0.6000000238
14188  24.229  -63.638  -20.021 0.6000000238
13422  24.355  -63.696  -21.170 0.6999999881
15706  17.374  -61.357  -16.451 0.6000000238
17192  16.698  -59.666  -16.747 0.6999999881
14936  17.827  -62.055  -16.459 0.5000000000
16477  17.874  -60.670  -16.450 0.6999999881
15705  18.119  -61.317  -16.380 0.6999999881
99290  19.448  -60.768  -16.766 0.6999999881
100252  20.346  -61.711  -16.722 0.6999999881
14955  22.187  -62.229  -17.745 0.5000000000
14189  23.787  -63.421  -19.428 0.6000000238
14963  24.172  -62.770  -19.977 0.6000000238
14202  24.328  -63.247  -20.609 0.6999999881
15755  23.998  -61.563  -21.152 0.6999999881
14229  24.922  -62.831  -22.357 0.6999999881
15767  24.286  -60.941  -22.702 0.6999999881
15786  28.262  -61.365  -27.227 0.4000000060
16549  26.011  -60.881  -25.894 0.5000000000
16535  25.143  -60.563  -24.880 0.6000000238
15041  25.142  -61.550  -24.339 0.6000000238
15771  24.453  -60.740  -23.592 0.6999999881
17203  13.529  -59.836  -17.269 0.5000000000
17202  14.220  -59.963  -17.058 0.5000000000
100347  14.675  -59.179  -17.306 0.6000000238
16479  15.392  -60.871  -16.677 0.5000000000
17200  16.337  -58.862  -17.211 0.6999999881
16478  16.013  -60.347  -16.617 0.5000000000
100360  16.903  -60.623  -16.498 0.6000000238
17199  17.245  -58.930  -17.248 0.6999999881
17191  17.697  -59.764  -16.742 0.6999999881
16486  19.066  -60.191  -16.903 0.6999999881
15722  20.948  -61.116  -18.018 0.6999999881
14965  22.930  -62.209  -19.025 0.6000000238
15730  22.925  -61.767  -19.676 0.6000000238
15756  22.427  -61.034  -21.305 0.6999999881
93486  23.244  -60.968  -21.988 0.6999999881
16525  23.293  -60.253  -23.156 0.6999999881
16530  23.796  -60.090  -23.598 0.6000000238
18588  11.322  -56.934  -17.799 0.5000000000
102678  11.333  -57.992  -17.823 0.4000000060
17882  12.946  -58.091  -17.854 0.5000000000
18573  11.857  -57.231  -18.069 0.5000000000
17881  13.789  -58.629  -17.641 0.5000000000
18571  13.346  -57.317  -18.478 0.6000000238
17880  14.782  -58.210  -17.915 0.6000000238
17895  16.109  -57.547  -18.774 0.6999999881
17879  15.782  -58.152  -17.938 0.6000000238
17878  16.743  -58.237  -17.930 0.6999999881
104641  17.992  -59.123  -17.456 0.6999999881
16484  20.277  -60.765  -17.729 0.6999999881
15721  21.636  -61.501  -18.288 0.6999999881
15720  22.357  -61.859  -18.578 0.6999999881
15731  22.219  -61.515  -19.516 0.6999999881
15741  22.263  -61.282  -20.313 0.6999999881
101857  22.923  -60.487  -22.609 0.6999999881
16536  24.335  -59.920  -24.043 0.6000000238
16531  22.494  -59.712  -23.398 0.6000000238
18564  10.187  -57.361  -17.346 0.4000000060
19296  11.736  -56.680  -17.574 0.6000000238
18572  12.607  -57.272  -18.300 0.6000000238
18585  12.998  -56.779  -18.551 0.6000000238
99620  13.628  -56.751  -18.777 0.6000000238
17896  15.088  -57.355  -18.791 0.6000000238
17894  17.030  -57.953  -19.015 0.6999999881
17877  17.644  -58.526  -18.112 0.6999999881
17212  19.368  -59.599  -18.673 0.6999999881
16499  19.782  -60.274  -18.358 0.6999999881
17211  20.067  -60.122  -18.881 0.8000000119
16498  20.470  -60.624  -18.605 0.8000000119
16510  21.411  -60.950  -19.347 0.6000000238
16517  22.035  -61.002  -20.874 0.6000000238
16523  22.029  -60.437  -21.933 0.8000000119
15768  22.212  -60.421  -22.267 0.6999999881
17238  26.047  -59.540  -25.002 0.5000000000
93190  25.107  -59.857  -24.717 0.6000000238
17233  22.596  -59.225  -23.734 0.6999999881
18554  12.099  -57.501  -15.980 0.5000000000
17857  12.012  -59.017  -15.446 0.4000000060
17179  11.779  -59.811  -15.273 0.4000000060
19283  11.660  -57.041  -16.699 0.5000000000
19284  11.000  -57.150  -17.009 0.5000000000
19295  12.395  -56.363  -17.759 0.6000000238
19321  13.029  -56.385  -18.308 0.6000000238
18584  14.584  -56.776  -19.080 0.6000000238
17213  18.549  -59.163  -18.356 0.8000000119
17221  19.757  -59.292  -19.092 0.8000000119
17220  20.645  -59.731  -19.163 0.6000000238
17218  21.982  -60.582  -19.975 0.6000000238
17225  22.066  -60.477  -21.314 0.6999999881
17227  21.935  -59.510  -22.007 0.6999999881
18613  21.862  -58.035  -23.244 0.6999999881
17239  24.437  -59.423  -24.132 0.6000000238
17920  23.360  -58.193  -23.900 0.6000000238
93899  23.436  -57.436  -23.514 0.6000000238
99039  25.140  -59.000  -24.362 0.6000000238
18619  24.422  -57.779  -23.862 0.6000000238
18537  13.021  -58.076  -15.702 0.5000000000
18538  12.326  -58.330  -15.584 0.5000000000
17178  12.589  -59.711  -15.283 0.5000000000
16462  12.368  -60.464  -15.146 0.5000000000
18553  13.392  -57.349  -16.176 0.5000000000
98027  12.763  -57.429  -16.146 0.5000000000
19304  12.902  -56.143  -18.051 0.6000000238
17217  22.851  -59.534  -19.918 0.6000000238
17912  22.816  -58.742  -21.482 0.6000000238
18608  21.785  -57.814  -23.045 0.6000000238
18620  22.454  -57.651  -23.413 0.6999999881
17928  26.198  -58.667  -24.548 0.5000000000
17176  14.160  -59.325  -15.022 0.5000000000
16460  13.958  -60.115  -14.867 0.5000000000
16449  13.745  -60.883  -14.736 0.5000000000
15683  14.313  -61.463  -14.342 0.5000000000
15663  14.102  -62.298  -14.006 0.5000000000
99316  14.199  -63.110  -13.661 0.5000000000
17890  23.237  -58.340  -19.153 0.6000000238
17909  23.593  -58.844  -20.256 0.6000000238
18603  23.671  -57.985  -21.101 0.4000000060
19352  22.628  -56.394  -22.581 0.5000000000
19359  22.843  -56.633  -23.023 0.4000000060
19358  24.272  -56.834  -23.265 0.4000000060
103612  14.823  -59.077  -14.945 0.6000000238
98128  14.819  -59.838  -14.668 0.5000000000
15682  15.205  -61.306  -14.205 0.5000000000
14908  14.806  -62.027  -13.981 0.5000000000
14893  14.942  -62.734  -13.650 0.5000000000
14091  15.088  -63.475  -13.571 0.5000000000
105894  15.770  -64.037  -13.343 0.4000000060
13292  16.247  -64.966  -13.193 0.5000000000
12582  16.186  -66.103  -13.252 0.4000000060
100831  15.752  -66.624  -12.685 0.4000000060
100807  15.181  -66.993  -13.666 0.4000000060
17908  24.150  -58.059  -20.189 0.6000000238
18606  22.967  -56.460  -21.868 0.4000000060
95589  22.966  -55.658  -22.431 0.4000000060
19351  23.436  -55.771  -22.781 0.4000000060
104233  15.226  -60.488  -14.395 0.5000000000
14907  15.536  -62.173  -13.831 0.4000000060
14892  15.765  -62.862  -13.507 0.5000000000
13291  17.126  -64.819  -12.350 0.4000000060
12581  16.707  -65.440  -12.556 0.5000000000
12571  17.134  -65.678  -11.704 0.4000000060
11871  16.708  -66.223  -11.323 0.5000000000
11885  16.572  -66.292  -12.210 0.5000000000
11849  16.050  -65.990  -10.064 0.3000000119
103490  15.656  -66.431  -11.090 0.3000000119
88712  14.540  -65.827  -10.163 0.3000000119
19341  23.345  -55.749  -21.587 0.4000000060
16447  16.015  -60.728  -14.286 0.5000000000
15681  16.195  -61.573  -14.020 0.5000000000
14891  16.749  -63.186  -13.372 0.4000000060
16446  16.930  -60.920  -13.994 0.4000000060
104194  17.128  -62.521  -13.498 0.4000000060
14088  18.355  -63.710  -12.417 0.4000000060
16445  17.626  -60.276  -13.870 0.4000000060
15680  17.930  -61.266  -13.547 0.4000000060
14905  17.831  -62.226  -13.376 0.4000000060
16444  18.695  -60.558  -13.656 0.4000000060
98071  18.646  -62.805  -12.851 0.4000000060
14878  19.244  -63.248  -11.982 0.4000000060
14069  19.386  -63.362  -11.209 0.4000000060
15679  18.837  -61.334  -13.339 0.4000000060
95625  18.129  -59.728  -14.035 0.3000000119
14889  19.420  -62.245  -12.375 0.4000000060
14877  19.688  -62.590  -11.364 0.4000000060
14870  19.355  -62.751  -10.509 0.4000000060
17162  18.962  -59.862  -13.969 0.4000000060
14855  18.628  -62.744  -9.840 0.4000000060
15617  18.012  -61.785  -9.505 0.4000000060
17161  19.749  -60.335  -13.708 0.3000000119
16443  20.357  -60.565  -13.127 0.4000000060
15661  19.811  -61.489  -12.439 0.4000000060
15648  20.027  -61.665  -11.494 0.4000000060
15631  19.694  -61.901  -10.580 0.4000000060
15632  19.079  -61.966  -9.864 0.4000000060
95488  19.308  -61.176  -10.101 0.3000000119
17901  22.549  -59.258  -19.479 0.6000000238
19282  12.558  -56.771  -16.803 0.5000000000
17899  23.847  -58.248  -19.507 0.6000000238
19342  22.789  -55.575  -22.169 0.4000000060
13386  22.399  -64.472  -18.392 0.6000000238
14989  24.565  -61.738  -21.968 0.6999999881
16548  26.816  -60.769  -26.206 0.5000000000
16541  26.451  -60.186  -25.641 0.5000000000
94540  25.545  -60.992  -25.476 0.5000000000
16542  25.672  -60.361  -25.324 0.4000000060
15778  24.724  -60.682  -24.270 0.6000000238
98384  12.955  -59.217  -17.562 0.5000000000
16497  21.075  -61.012  -18.842 0.6999999881
16537  23.282  -59.649  -23.667 0.6000000238
17897  14.106  -57.324  -18.704 0.6000000238
15732  21.685  -61.286  -19.182 0.6999999881
16532  21.865  -59.659  -23.146 0.6999999881
18540  10.481  -57.939  -15.753 0.4000000060
16511  20.770  -60.541  -19.048 0.6000000238
100316  21.599  -59.173  -22.817 0.6999999881
17230  21.622  -59.364  -23.076 0.6999999881
17935  26.789  -58.969  -24.967 0.5000000000
17244  27.004  -59.489  -25.436 0.5000000000
17234  21.935  -59.252  -23.467 0.6999999881
17929  24.012  -58.885  -23.940 0.6000000238
17219  21.461  -60.090  -19.442 0.6999999881
105650  22.265  -60.136  -20.360 0.6999999881
17224  22.588  -59.656  -20.749 0.6999999881
18612  22.174  -57.241  -23.024 0.6000000238
18628  24.483  -58.348  -24.110 0.6000000238
18618  25.487  -57.464  -23.748 0.6000000238
17177  13.377  -59.548  -15.193 0.5000000000
16461  13.169  -60.333  -15.096 0.5000000000
16450  12.968  -61.040  -14.925 0.4000000060
17900  23.348  -58.875  -19.593 0.6000000238
18607  22.430  -57.278  -22.533 0.6000000238
88669  15.649  -66.565  -13.737 0.3000000119
105191  22.669  -56.283  -22.367 0.5000000000
91649  16.487  -64.463  -13.069 0.5000000000
11872  16.182  -66.573  -11.666 0.4000000060
100867  14.578  -66.527  -11.749 0.4000000060
15678  19.581  -61.051  -13.184 0.4000000060
93210  19.285  -61.654  -12.942 0.4000000060
9983  29.983  -69.258  -27.762 0.3000000119
10659  29.653  -69.115  -26.492 0.3000000119
12764  23.708  -65.805  -28.765 0.4000000060
12093  26.534  -66.517  -28.974 0.4000000060
11370  25.311  -67.150  -29.351 0.4000000060
11359  25.557  -67.264  -28.681 0.4000000060
13515  24.629  -64.537  -27.857 0.4000000060
13516  23.596  -64.692  -27.543 0.4000000060
13503  24.191  -64.244  -27.068 0.4000000060
13491  24.097  -64.321  -26.224 0.5000000000
99886  22.385  -64.886  -26.030 0.5000000000
13492  23.292  -64.711  -25.772 0.5000000000
13528  26.670  -65.502  -29.021 0.4000000060
13529  25.368  -65.231  -28.806 0.5000000000
13530  24.144  -65.051  -28.401 0.5000000000
13476  22.360  -65.146  -25.278 0.5000000000
12761  27.122  -66.066  -29.019 0.5000000000
12762  26.216  -66.301  -29.200 0.5000000000
12749  27.667  -65.418  -28.482 0.5000000000
12082  26.705  -66.422  -28.734 0.4000000060
12072  26.554  -66.411  -27.558 0.4000000060
11348  25.186  -67.309  -27.244 0.4000000060
11333  25.057  -67.244  -26.018 0.4000000060
10628  24.929  -68.190  -25.073 0.3000000119
9954  25.748  -69.212  -24.688 0.4000000060
14288  26.777  -63.619  -28.170 0.4000000060
102190  25.066  -63.216  -27.097 0.4000000060
14277  24.740  -63.729  -26.656 0.4000000060
13514  25.695  -64.477  -28.381 0.4000000060
14289  25.740  -63.609  -27.708 0.4000000060
90475  24.057  -64.357  -25.427 0.5000000000
14297  27.593  -64.449  -28.538 0.4000000060
14298  26.732  -64.523  -28.620 0.4000000060
14270  24.795  -63.766  -25.638 0.5000000000
13475  23.588  -64.792  -24.971 0.5000000000
89946  24.009  -64.540  -24.064 0.6000000238
92826  24.490  -63.894  -23.157 0.6000000238
13456  23.583  -64.859  -23.316 0.6000000238
15011  25.016  -61.955  -22.704 0.6000000238
14244  25.077  -62.803  -23.315 0.6000000238
13439  23.924  -64.573  -22.359 0.5000000000
12073  25.836  -66.833  -26.761 0.4000000060
13410  24.203  -64.035  -20.566 0.5000000000
11315  25.290  -67.572  -25.076 0.4000000060
11314  25.893  -67.335  -24.274 0.4000000060
10627  25.589  -68.349  -24.496 0.4000000060
92715  25.429  -62.333  -26.562 0.4000000060
15049  25.434  -62.175  -25.870 0.5000000000
14259  25.367  -62.996  -25.328 0.5000000000
103096  25.361  -62.164  -25.009 0.5000000000
13474  24.380  -64.044  -24.675 0.5000000000
98316  25.245  -62.693  -24.320 0.5000000000
89245  24.849  -63.525  -24.004 0.6000000238
15029  25.094  -61.725  -23.497 0.6000000238
9999  30.030  -68.974  -29.243 0.3000000119
10640  30.178  -68.582  -25.719 0.3000000119
10609  28.676  -68.052  -23.809 0.3000000119
104091  27.968  -62.978  -28.141 0.4000000060
15063  26.945  -62.767  -27.682 0.4000000060
103094  26.772  -61.977  -27.071 0.4000000060
14276  25.317  -62.738  -27.073 0.4000000060
100589  26.330  -61.463  -26.477 0.4000000060
15783  25.625  -61.618  -26.051 0.4000000060
15777  25.323  -61.392  -25.121 0.5000000000
13438  24.477  -63.780  -21.946 0.6000000238
13423  23.977  -64.419  -21.366 0.5000000000
15056  25.862  -62.230  -26.883 0.4000000060
14290  24.978  -63.955  -27.340 0.4000000060
12698  23.034  -65.199  -24.265 0.5000000000
10610  27.767  -68.158  -23.613 0.3000000119
15064  26.022  -62.943  -27.471 0.4000000060
14269  25.166  -62.959  -26.530 0.5000000000
14260  25.011  -63.468  -24.767 0.5000000000
98750  21.639  -51.674  -19.505 0.3000000119
11857  17.214  -65.865  -11.022 0.5000000000
11859  16.144  -66.309  -10.787 0.3000000119
11860  14.921  -66.283  -10.971 0.3000000119
12083  26.107  -66.876  -28.052 0.4000000060
12094  26.031  -66.867  -29.133 0.4000000060
13385  22.964  -64.166  -18.677 0.6000000238
13397  23.956  -64.161  -19.863 0.6000000238
13411  23.646  -64.520  -20.562 0.5000000000
13440  23.119  -65.109  -22.618 0.5000000000
13527  27.404  -65.367  -28.705 0.4000000060
14054  18.270  -63.406  -9.769 0.4000000060
14090  15.918  -63.584  -13.343 0.5000000000
14134  21.004  -62.850  -16.704 0.6000000238
14138  17.990  -62.875  -16.691 0.5000000000
14149  22.281  -63.132  -17.557 0.6000000238
14171  22.766  -63.668  -18.088 0.6000000238
14217  24.578  -62.697  -21.355 0.6999999881
14906  16.379  -62.358  -13.644 0.4000000060
14935  18.519  -62.429  -16.504 0.6000000238
14937  16.954  -61.968  -16.618 0.6000000238
14953  23.350  -62.912  -18.943 0.6000000238
14964  23.579  -62.444  -19.494 0.6000000238
14974  24.260  -62.348  -20.617 0.6999999881
14975  23.593  -61.791  -20.275 0.6999999881
15662  18.684  -61.964  -13.147 0.4000000060
15707  16.024  -61.172  -16.552 0.6000000238
15712  21.390  -61.757  -17.496 0.6999999881
15713  20.689  -61.367  -17.231 0.6999999881
16435  20.109  -60.965  -12.607 0.4000000060
16448  14.534  -60.688  -14.518 0.5000000000
16475  20.072  -61.007  -16.916 0.6999999881
16485  19.633  -60.458  -17.414 0.6999999881
16487  15.182  -60.033  -16.905 0.5000000000
16509  21.938  -61.173  -19.849 0.6999999881
16526  22.170  -60.054  -22.940 0.6999999881
16527  21.826  -59.949  -22.737 0.6999999881
17190  18.417  -60.180  -16.671 0.6999999881
17193  15.938  -59.577  -16.839 0.6999999881
17197  19.154  -59.898  -17.930 0.6999999881
17198  18.531  -59.635  -17.236 0.6999999881
17201  15.445  -58.964  -17.257 0.6000000238
17228  21.772  -59.886  -22.492 0.8000000119
17240  23.576  -59.335  -23.810 0.6000000238
17851  17.232  -58.569  -15.044 0.5000000000
17853  15.315  -58.410  -15.140 0.6000000238
17855  13.626  -58.747  -15.327 0.5000000000
17856  12.819  -58.918  -15.394 0.5000000000
17865  14.825  -57.816  -15.474 0.5000000000
17883  12.130  -58.440  -17.743 0.5000000000
17904  19.375  -58.396  -19.429 0.8000000119
17913  21.812  -58.461  -22.673 0.6000000238
17916  21.575  -58.556  -23.089 0.6999999881
17921  22.278  -58.548  -23.688 0.6999999881
17922  21.754  -58.767  -23.370 0.6999999881
17930  23.036  -58.820  -23.909 0.6000000238
18539  11.509  -58.101  -15.640 0.4000000060
18546  20.812  -57.525  -15.513 0.3000000119
18555  11.120  -57.374  -16.072 0.4000000060
18556  10.234  -57.346  -16.667 0.4000000060
18582  16.458  -57.249  -19.683 0.8000000119
18586  12.358  -56.672  -18.265 0.6000000238
18587  11.733  -56.677  -17.990 0.6000000238
18627  25.384  -58.161  -24.239 0.6000000238
19281  14.695  -56.486  -16.603 0.4000000060
19294  13.064  -56.346  -17.451 0.5000000000
19303  13.647  -56.103  -18.251 0.6000000238
19305  12.172  -56.400  -18.000 0.6000000238
19306  11.649  -56.677  -17.902 0.6000000238
19307  11.134  -57.009  -17.590 0.5000000000
19326  25.433  -56.130  -19.256 0.5000000000
19329  19.723  -56.497  -19.428 0.6000000238
19331  17.850  -56.207  -20.241 0.6999999881
19332  16.591  -56.525  -20.240 0.6999999881
20009  14.448  -55.883  -17.864 0.5000000000
20014  14.408  -56.065  -18.637 0.6000000238
20032  25.705  -55.421  -19.532 0.5000000000
20048  24.031  -55.203  -21.260 0.5000000000
21613  17.673  -53.670  -18.605 0.3000000119
21620  17.573  -53.676  -18.893 0.3000000119
21628  24.734  -53.104  -21.509 0.4000000060
22452  18.871  -51.982  -18.486 0.4000000060
22462  23.940  -51.842  -18.583 0.4000000060
23332  19.468  -51.670  -19.336 0.3000000119
24174  20.319  -50.529  -19.186 0.4000000060
25014  20.732  -50.056  -19.848 0.4000000060
88415  14.069  -66.152  -10.843 0.3000000119
93730  17.703  -54.085  -19.193 0.4000000060
95188  17.045  -61.804  -13.691 0.4000000060
95349  26.297  -66.799  -28.884 0.4000000060
96447  17.314  -56.664  -20.358 0.6999999881
98032  15.945  -58.695  -14.980 0.6000000238
98035  11.202  -57.171  -17.866 0.5000000000
98089  23.816  -55.181  -22.594 0.4000000060
100080  24.494  -64.058  -23.963 0.5000000000
100305  18.706  -61.725  -16.411 0.6999999881
100848  15.497  -66.598  -11.665 0.3000000119
101503  18.139  -54.655  -19.490 0.5000000000
101513  19.413  -53.136  -19.746 0.4000000060
103656  16.667  -61.433  -16.536 0.6000000238
104305  14.671  -56.443  -19.008 0.6999999881
105049  15.385  -63.144  -13.498 0.5000000000
