#!ascii label  , from subject OASIS_0001 vox2ras=TkReg
1233
21532  24.478  -53.150  -13.221 0.8999999762
21550  24.667  -53.654  -13.658 0.8000000119
21564  24.516  -54.408  -14.656 0.6999999881
21576  24.253  -53.887  -15.393 0.8000000119
22376  23.705  -53.172  -12.754 0.8999999762
22399  25.056  -52.993  -13.874 1.0000000000
22429  25.658  -52.134  -14.744 1.0000000000
22417  25.192  -52.822  -14.619 0.8999999762
21563  24.812  -53.679  -14.466 0.8000000119
22431  23.852  -53.024  -15.904 0.8000000119
21575  24.632  -53.105  -15.257 0.8999999762
21577  23.617  -54.280  -15.895 0.8000000119
22432  22.974  -52.415  -16.376 0.6999999881
23233  23.204  -52.361  -12.628 0.8000000119
100168  24.180  -52.320  -12.826 0.8999999762
92440  24.320  -51.325  -12.736 0.8999999762
91121  23.205  -51.432  -12.586 0.8999999762
24097  22.066  -51.035  -12.564 0.8999999762
22398  25.272  -52.358  -13.725 0.8999999762
23268  26.014  -51.732  -14.314 1.0000000000
22430  25.034  -52.380  -15.338 0.8999999762
23281  25.496  -51.700  -15.410 1.0000000000
24138  24.994  -51.027  -16.130 0.8999999762
23282  24.494  -51.673  -15.934 0.8999999762
98283  24.061  -52.360  -15.932 0.8000000119
23296  22.363  -51.334  -16.707 0.6999999881
24116  25.268  -50.474  -13.106 0.8999999762
24095  24.530  -50.480  -12.794 0.8999999762
24096  23.641  -50.521  -12.580 0.8999999762
98269  22.766  -50.532  -12.541 0.8999999762
23253  25.206  -51.193  -13.144 0.8999999762
23252  25.713  -51.730  -13.705 0.8999999762
23280  26.091  -51.644  -14.927 1.0000000000
24139  23.882  -50.923  -16.352 0.8000000119
23283  23.442  -51.572  -16.345 0.8000000119
24153  22.477  -50.382  -16.812 0.8000000119
24154  21.650  -50.677  -17.278 0.8000000119
24977  21.835  -49.716  -17.495 0.8000000119
24920  23.970  -49.733  -12.659 0.8999999762
24922  21.961  -49.981  -12.520 0.8999999762
24938  25.714  -49.911  -13.217 0.8999999762
25663  22.463  -49.024  -12.628 0.8999999762
25664  21.505  -49.021  -12.580 0.8000000119
100647  20.959  -49.807  -12.522 0.8000000119
24115  25.995  -50.799  -13.432 0.8999999762
25682  22.007  -48.189  -12.710 0.6999999881
25665  20.672  -48.940  -12.560 0.6999999881
24114  26.605  -50.774  -14.036 0.8999999762
103925  20.406  -48.234  -12.688 0.6999999881
101412  19.733  -47.849  -12.862 0.6999999881
24950  26.971  -50.131  -14.568 1.0000000000
23267  26.470  -51.164  -14.601 1.0000000000
90652  26.738  -50.544  -15.110 1.0000000000
24137  26.038  -50.973  -15.504 1.0000000000
24964  25.325  -50.236  -16.207 1.0000000000
24963  26.345  -50.102  -15.795 1.0000000000
25706  25.522  -49.360  -16.413 0.8999999762
24974  24.600  -49.637  -16.521 0.8000000119
24976  22.809  -49.617  -16.967 0.8000000119
25717  22.412  -48.823  -17.497 0.8000000119
105229  22.478  -48.202  -17.732 0.8000000119
26508  22.164  -47.495  -18.691 0.8000000119
24939  24.829  -49.769  -12.931 0.8999999762
24921  23.036  -49.775  -12.544 0.8999999762
99637  25.262  -49.116  -13.020 0.8999999762
25661  24.358  -49.026  -12.798 0.8999999762
25662  23.449  -48.994  -12.689 0.8999999762
25681  22.984  -48.235  -12.815 0.8999999762
24937  26.490  -50.096  -13.705 0.8999999762
25683  21.109  -48.186  -12.655 0.6999999881
26453  21.530  -47.364  -13.032 0.6000000238
26454  20.602  -47.566  -12.930 0.6000000238
24949  27.338  -49.417  -14.889 1.0000000000
27077  20.306  -46.308  -13.474 0.5000000000
24962  27.097  -49.698  -15.340 1.0000000000
27633  19.662  -45.609  -13.692 0.5000000000
25704  27.203  -48.971  -15.950 1.0000000000
94469  26.618  -49.444  -16.027 1.0000000000
25705  26.261  -48.756  -16.477 1.0000000000
25714  25.130  -48.402  -16.903 0.8999999762
24975  23.712  -49.592  -16.755 0.8000000119
26489  24.933  -47.679  -17.299 0.8999999762
26490  24.105  -47.894  -17.284 0.8000000119
25716  23.239  -49.016  -17.086 0.8000000119
27117  24.220  -47.000  -17.586 0.8999999762
26498  23.269  -47.325  -17.687 0.8000000119
27136  22.934  -46.187  -19.141 0.8000000119
27137  22.611  -46.901  -19.109 0.8000000119
25680  23.898  -48.290  -12.884 0.8999999762
25679  25.603  -48.446  -13.196 0.8999999762
26452  22.545  -47.467  -13.029 0.6999999881
25678  26.906  -49.222  -14.070 0.8999999762
96691  26.406  -48.416  -13.543 0.8999999762
106078  21.505  -46.661  -13.348 0.6999999881
99340  20.850  -46.863  -13.277 0.6000000238
99232  20.018  -47.041  -13.235 0.6000000238
99343  21.889  -46.107  -13.500 0.6999999881
27076  21.122  -46.164  -13.481 0.6000000238
25703  27.578  -48.751  -15.336 1.0000000000
27632  20.632  -45.513  -13.620 0.5000000000
28295  20.035  -44.799  -13.851 0.5000000000
26478  27.681  -48.303  -16.019 1.0000000000
26479  26.905  -48.348  -16.429 1.0000000000
26487  27.084  -47.670  -16.641 1.0000000000
27114  27.452  -46.889  -16.809 1.0000000000
27115  26.203  -46.882  -17.297 0.8999999762
26488  25.978  -47.874  -17.020 0.8999999762
96558  25.263  -47.170  -17.387 0.8999999762
27123  24.851  -45.839  -17.986 0.8999999762
27124  24.039  -46.138  -18.130 0.8999999762
27125  23.306  -46.621  -18.025 0.8999999762
27116  25.025  -46.468  -17.653 0.8999999762
27683  24.332  -45.418  -18.373 0.8999999762
89599  23.272  -46.080  -18.553 0.8999999762
103633  24.756  -48.383  -13.011 0.8999999762
26451  23.476  -47.543  -13.080 0.8999999762
26450  24.362  -47.653  -13.121 0.8999999762
99339  23.990  -46.841  -13.283 1.0000000000
99338  23.041  -46.783  -13.279 0.8000000119
26449  25.804  -47.721  -13.329 0.8999999762
27075  22.167  -46.759  -13.314 0.6999999881
25692  27.486  -48.712  -14.680 0.8999999762
25677  26.994  -48.337  -14.030 0.8999999762
98276  22.590  -46.188  -13.465 0.6999999881
27631  21.513  -45.413  -13.622 0.6999999881
26477  28.151  -47.834  -15.458 1.0000000000
28294  21.020  -44.731  -13.860 0.5000000000
28309  20.434  -44.109  -14.295 0.5000000000
26486  28.006  -47.558  -16.189 1.0000000000
100414  28.244  -46.859  -16.310 1.0000000000
27670  28.023  -46.069  -16.888 1.0000000000
27671  26.799  -46.053  -17.383 0.8999999762
27672  25.723  -45.978  -17.780 0.8999999762
28349  25.557  -44.596  -18.330 0.8999999762
29130  27.542  -43.433  -20.500 0.6999999881
29881  26.982  -42.694  -20.707 0.8000000119
29131  26.475  -43.382  -20.587 0.8000000119
29132  25.421  -43.356  -20.671 0.8000000119
26448  26.708  -47.566  -13.670 0.8999999762
102881  25.924  -47.050  -13.389 1.0000000000
98275  25.032  -47.063  -13.266 1.0000000000
27073  24.602  -46.103  -13.376 1.0000000000
27074  23.477  -45.905  -13.468 0.6999999881
26465  28.232  -47.416  -14.696 0.8999999762
27070  27.544  -46.938  -13.928 0.8999999762
27630  22.482  -45.349  -13.608 0.6999999881
28293  21.882  -44.577  -13.789 0.6000000238
26464  28.577  -47.191  -15.179 1.0000000000
101765  28.262  -46.713  -14.366 0.8999999762
26485  28.477  -47.120  -15.722 1.0000000000
28334  28.328  -45.104  -17.247 1.0000000000
28335  27.244  -45.261  -17.562 1.0000000000
28347  27.583  -44.440  -17.818 1.0000000000
29884  23.484  -42.819  -20.063 0.8999999762
98576  29.002  -43.010  -20.977 0.6000000238
29129  28.076  -42.815  -20.716 0.6000000238
29895  27.471  -41.954  -21.005 0.8000000119
29896  26.377  -42.067  -21.011 0.8000000119
29144  24.929  -42.499  -20.812 0.8999999762
29898  23.684  -43.181  -20.253 0.8999999762
92127  27.953  -46.123  -13.975 0.8999999762
27071  26.498  -46.638  -13.534 0.8999999762
27629  24.262  -45.157  -13.566 0.8000000119
101760  23.368  -44.860  -13.650 0.6999999881
28292  22.693  -44.359  -13.750 0.6999999881
28307  22.177  -43.793  -14.042 0.6000000238
29818  21.245  -42.615  -14.618 0.4000000060
27103  28.828  -46.616  -15.301 1.0000000000
27091  28.679  -46.769  -14.828 0.8999999762
27669  28.905  -45.567  -16.437 1.0000000000
28346  28.528  -44.236  -17.488 1.0000000000
29101  27.876  -43.625  -18.071 1.0000000000
29873  23.495  -42.585  -20.009 0.8999999762
29872  23.778  -42.018  -19.934 0.8999999762
29883  23.755  -42.083  -20.085 0.8999999762
30674  25.142  -41.661  -21.020 0.8999999762
90449  24.390  -41.872  -20.619 0.8999999762
91550  30.447  -42.012  -22.521 0.6000000238
95030  29.743  -42.006  -22.180 0.6000000238
29894  28.592  -42.203  -21.106 0.6000000238
103842  26.151  -45.917  -13.492 0.8999999762
27628  25.358  -45.383  -13.498 0.8999999762
27627  26.416  -45.272  -13.580 0.8999999762
27647  28.603  -46.169  -14.538 1.0000000000
91509  28.365  -45.414  -14.231 1.0000000000
91150  27.038  -46.041  -13.644 1.0000000000
106374  23.338  -44.110  -13.744 0.6000000238
29040  22.961  -43.602  -13.940 0.6000000238
29059  22.505  -43.111  -14.304 0.5000000000
98501  28.984  -46.242  -14.952 1.0000000000
27645  29.340  -44.821  -15.202 1.0000000000
27659  29.139  -45.792  -15.483 1.0000000000
27658  29.326  -44.953  -15.997 1.0000000000
28333  29.074  -44.721  -16.814 1.0000000000
28345  29.202  -43.942  -17.052 1.0000000000
29100  28.739  -43.429  -17.676 1.0000000000
29850  28.231  -42.770  -18.348 1.0000000000
29851  27.277  -43.021  -18.614 1.0000000000
29102  26.934  -43.781  -18.317 1.0000000000
29863  26.633  -42.392  -18.971 1.0000000000
29852  26.371  -43.145  -18.759 1.0000000000
30648  25.805  -41.861  -19.250 1.0000000000
29864  24.990  -42.291  -19.327 0.8999999762
102376  25.411  -43.136  -19.045 0.8999999762
29866  23.669  -42.739  -19.818 0.8999999762
96086  24.101  -41.403  -20.279 0.8999999762
96988  25.514  -41.044  -21.165 0.8999999762
31406  32.094  -40.855  -21.866 0.6000000238
30680  31.307  -41.325  -22.455 0.6000000238
30681  30.749  -41.223  -22.528 0.6000000238
29893  29.303  -42.458  -21.666 0.6000000238
106518  26.659  -41.521  -21.215 0.8000000119
28290  24.856  -44.442  -13.592 0.6999999881
28291  23.993  -44.292  -13.706 0.6000000238
29058  23.388  -42.915  -14.245 0.6000000238
27646  29.015  -45.582  -14.794 1.0000000000
104516  29.521  -44.357  -15.730 1.0000000000
29053  29.322  -44.029  -14.793 0.8999999762
28332  29.454  -44.223  -16.328 1.0000000000
29099  29.421  -43.249  -17.155 1.0000000000
29849  29.074  -42.700  -17.796 1.0000000000
104897  28.814  -42.173  -18.332 1.0000000000
29861  28.279  -41.997  -18.638 1.0000000000
29862  27.521  -42.195  -18.828 1.0000000000
99396  25.735  -41.105  -19.404 1.0000000000
31388  24.468  -40.553  -19.813 0.8999999762
30655  24.074  -41.312  -19.837 0.8999999762
31401  24.294  -40.672  -20.147 0.8999999762
31411  25.231  -40.413  -20.936 0.8999999762
32158  32.096  -40.046  -21.827 0.6000000238
31417  31.128  -40.526  -22.522 0.6000000238
30682  29.883  -41.145  -22.275 0.6000000238
31419  29.641  -40.119  -22.303 0.6999999881
31408  28.066  -40.449  -21.521 0.6999999881
30672  27.332  -41.078  -21.370 0.6999999881
96512  26.359  -40.976  -21.372 0.8000000119
31410  25.984  -40.287  -21.309 0.8999999762
31400  32.594  -40.736  -21.339 0.6000000238
94102  27.674  -39.621  -21.626 0.6999999881
31409  27.031  -40.295  -21.443 0.8000000119
32162  26.599  -39.411  -21.438 0.8999999762
29038  24.494  -43.664  -13.765 0.6999999881
29057  24.193  -43.035  -14.108 0.6000000238
29055  27.741  -43.460  -13.911 0.8999999762
28288  26.803  -44.508  -13.652 0.8000000119
29036  26.251  -43.779  -13.625 0.6999999881
28305  28.846  -44.718  -14.540 0.8999999762
28306  27.900  -44.450  -13.973 0.8000000119
28320  29.606  -44.080  -15.255 1.0000000000
29078  30.069  -42.785  -15.562 0.8999999762
29079  29.736  -43.448  -15.041 0.8000000119
29092  29.917  -43.086  -16.459 1.0000000000
29848  29.767  -42.574  -17.183 1.0000000000
29860  29.481  -41.883  -17.860 1.0000000000
31384  29.138  -40.549  -18.497 1.0000000000
31385  28.334  -40.645  -18.882 1.0000000000
93159  27.390  -40.651  -19.199 1.0000000000
30647  26.776  -41.448  -19.188 1.0000000000
31387  25.094  -40.438  -19.539 0.8999999762
31393  24.223  -40.787  -19.942 0.8999999762
32960  24.607  -39.184  -20.491 0.8999999762
31418  30.402  -40.378  -22.507 0.6000000238
32174  29.567  -39.369  -22.381 0.6999999881
32163  25.324  -39.488  -21.058 0.8999999762
32147  33.543  -39.523  -20.543 0.6000000238
91142  32.998  -40.075  -21.074 0.6000000238
32969  29.176  -38.790  -22.245 0.6999999881
105699  27.365  -39.071  -21.675 0.6999999881
29037  25.349  -43.729  -13.650 0.6999999881
29056  24.914  -43.033  -13.894 0.6000000238
29793  26.805  -43.150  -13.666 0.8000000119
29794  25.842  -43.029  -13.680 0.6999999881
29054  28.639  -43.819  -14.371 0.6999999881
29810  28.453  -42.923  -14.202 0.8000000119
97274  29.679  -42.769  -14.857 0.6999999881
30607  30.246  -41.873  -15.682 0.6999999881
30621  30.361  -41.596  -16.509 0.8000000119
30622  30.180  -41.968  -17.170 0.8000000119
30634  30.028  -41.182  -17.325 0.8000000119
30644  29.486  -41.108  -18.136 0.8999999762
30645  28.832  -41.413  -18.576 1.0000000000
31386  26.301  -40.400  -19.462 1.0000000000
93235  27.822  -39.928  -19.092 1.0000000000
104856  27.074  -39.961  -19.337 1.0000000000
32132  25.441  -39.626  -19.606 1.0000000000
32133  24.684  -39.704  -19.790 0.8999999762
32932  24.398  -39.023  -19.971 0.8999999762
32139  24.482  -39.891  -19.988 0.8999999762
32943  24.452  -38.473  -20.189 0.8999999762
32148  32.500  -39.351  -20.872 0.6000000238
32171  31.485  -40.072  -22.347 0.6000000238
32173  30.157  -39.574  -22.543 0.6000000238
32968  29.982  -38.827  -22.519 0.6999999881
32959  24.843  -38.718  -20.809 0.8999999762
32956  28.726  -38.158  -22.032 0.6999999881
32161  28.111  -38.799  -21.909 0.6999999881
32957  26.998  -38.501  -21.643 0.8999999762
33787  26.981  -37.607  -21.620 0.8999999762
29811  27.510  -42.620  -13.791 0.6999999881
94842  25.932  -41.581  -13.866 0.6000000238
98590  24.571  -42.624  -14.069 0.6000000238
103828  27.327  -41.922  -13.749 0.6000000238
29809  29.151  -42.278  -14.450 0.6999999881
29829  29.853  -42.062  -14.978 0.6999999881
91790  30.413  -41.104  -15.783 0.6999999881
31378  30.391  -40.422  -16.965 0.8000000119
31379  29.781  -40.444  -17.812 0.8000000119
32129  29.453  -39.711  -18.235 0.8000000119
32130  28.664  -39.822  -18.750 1.0000000000
32920  28.912  -38.851  -18.587 0.8000000119
91886  27.258  -39.284  -19.225 1.0000000000
92754  25.689  -38.948  -19.587 1.0000000000
95241  27.056  -38.055  -19.125 1.0000000000
32923  26.529  -38.614  -19.379 1.0000000000
32924  25.192  -38.111  -19.559 1.0000000000
100289  24.740  -37.185  -19.963 1.0000000000
32931  24.520  -38.301  -19.932 1.0000000000
105732  24.385  -38.738  -20.010 0.8999999762
32159  31.049  -39.151  -22.178 0.6000000238
89850  24.959  -37.899  -20.841 0.8999999762
106028  33.269  -38.786  -20.255 0.6000000238
32149  31.639  -39.312  -21.643 0.6000000238
32160  30.514  -39.137  -22.472 0.6999999881
32954  30.384  -38.570  -22.234 0.6999999881
94874  28.177  -42.089  -13.996 0.6000000238
31343  27.149  -40.741  -13.875 0.5000000000
30588  29.513  -41.371  -14.603 0.6999999881
30589  28.697  -41.422  -14.172 0.6999999881
31355  30.325  -40.464  -15.308 0.6999999881
30608  30.114  -41.250  -15.091 0.6999999881
31366  30.589  -40.419  -16.067 0.6999999881
32123  30.661  -39.700  -16.496 0.6999999881
32124  30.231  -39.686  -17.429 0.8000000119
32914  29.897  -38.881  -17.845 0.8000000119
33751  29.390  -38.055  -18.096 0.8000000119
32921  28.139  -38.483  -18.793 0.8999999762
33753  27.730  -37.936  -18.882 1.0000000000
33752  28.536  -37.962  -18.612 0.8000000119
34558  28.045  -37.259  -18.705 0.8999999762
32922  27.477  -38.573  -19.050 1.0000000000
97916  26.355  -37.848  -19.348 1.0000000000
33755  25.854  -37.204  -19.522 1.0000000000
34584  24.518  -36.576  -20.212 1.0000000000
33777  24.478  -37.508  -20.203 0.8999999762
33789  24.764  -36.906  -20.741 0.8999999762
33788  25.656  -37.247  -21.336 0.8999999762
32941  31.617  -38.717  -20.751 0.6000000238
33784  29.891  -37.931  -21.723 0.6999999881
33786  28.150  -37.615  -21.686 0.8000000119
32930  33.883  -38.067  -19.904 0.6000000238
33774  30.301  -37.573  -20.554 0.6999999881
33785  29.091  -37.653  -21.694 0.6999999881
34591  27.571  -36.938  -21.433 0.8000000119
34592  26.478  -36.766  -21.493 0.8999999762
33776  28.605  -36.979  -21.247 0.6999999881
34583  27.044  -36.157  -21.307 0.8999999762
30590  27.721  -41.369  -13.864 0.5000000000
31341  29.081  -40.645  -14.304 0.6999999881
94676  27.660  -40.109  -13.828 0.5000000000
31340  29.807  -40.532  -14.751 0.6999999881
93802  30.139  -39.755  -14.891 0.6999999881
93240  30.576  -39.735  -15.588 0.6999999881
106825  30.876  -37.997  -16.807 0.6999999881
92897  30.749  -38.828  -16.940 0.6999999881
32913  30.330  -38.107  -17.423 0.8000000119
33744  29.845  -37.326  -17.661 0.8000000119
33745  28.917  -37.260  -18.224 0.8000000119
34551  28.419  -36.548  -18.353 0.8000000119
34559  27.507  -36.550  -18.804 0.8999999762
33754  27.060  -37.329  -19.139 1.0000000000
34561  25.340  -36.367  -19.616 1.0000000000
34552  27.901  -35.857  -18.450 0.8000000119
34560  26.484  -36.503  -19.230 0.8999999762
97304  25.060  -35.696  -19.623 1.0000000000
34570  24.636  -36.130  -19.963 1.0000000000
93948  25.895  -35.739  -19.243 0.8999999762
98737  24.556  -35.753  -20.173 1.0000000000
34594  24.788  -36.084  -20.585 1.0000000000
35342  26.165  -36.015  -21.456 0.8999999762
32942  30.675  -38.374  -20.991 0.6999999881
35331  25.847  -34.654  -21.207 0.8999999762
32940  32.494  -38.603  -20.375 0.6000000238
33772  32.150  -37.966  -20.145 0.6000000238
35330  26.454  -35.419  -21.225 0.8999999762
33762  31.909  -37.108  -19.954 0.6999999881
34580  30.041  -36.665  -20.196 0.6999999881
34582  28.110  -36.286  -20.908 0.6999999881
34581  29.129  -36.432  -20.623 0.6999999881
35329  27.600  -35.472  -20.805 0.8000000119
36137  27.008  -34.662  -20.858 0.8999999762
35328  28.702  -35.617  -20.555 0.6999999881
97288  28.487  -40.097  -14.082 0.5000000000
32870  29.871  -39.001  -14.639 0.6999999881
32083  29.252  -39.724  -14.418 0.5000000000
102672  30.700  -38.310  -15.381 0.6999999881
32886  30.524  -39.043  -15.058 0.6999999881
32885  30.972  -37.697  -15.628 0.6999999881
33721  30.598  -37.511  -14.940 0.6999999881
32900  30.977  -38.216  -16.164 0.6999999881
33733  31.176  -37.384  -16.285 0.6999999881
34537  31.085  -36.646  -16.602 0.6999999881
33743  30.728  -37.367  -17.064 0.6999999881
34549  30.338  -36.618  -17.291 0.8000000119
34550  29.341  -36.569  -17.851 0.8000000119
35297  29.813  -35.903  -17.524 0.8000000119
96291  29.345  -35.245  -17.824 0.8000000119
94661  28.352  -35.245  -18.226 0.8000000119
35299  27.337  -35.135  -18.552 0.8000000119
35305  26.260  -35.057  -18.894 0.8999999762
35306  25.291  -35.056  -19.413 0.8999999762
35316  24.705  -35.333  -19.903 1.0000000000
95025  28.505  -33.925  -18.492 0.8000000119
36117  27.887  -34.533  -18.437 0.8000000119
35332  24.815  -35.386  -20.492 1.0000000000
36138  24.827  -33.786  -20.137 1.0000000000
33761  32.717  -37.264  -19.774 0.6000000238
104273  25.590  -33.935  -21.002 1.0000000000
34579  30.995  -36.887  -20.020 0.6999999881
36151  26.328  -33.874  -21.054 1.0000000000
35326  30.729  -35.909  -19.899 0.6999999881
98094  30.193  -35.090  -20.122 0.8000000119
96910  29.310  -34.887  -20.359 0.8000000119
34536  31.462  -36.539  -16.092 0.6999999881
35285  31.499  -35.879  -16.227 0.6999999881
35296  30.755  -35.919  -16.874 0.6999999881
98521  30.418  -35.233  -17.292 0.8000000119
36116  28.940  -34.587  -18.209 0.8000000119
36115  30.033  -34.539  -17.728 0.8000000119
36118  26.696  -34.300  -18.758 0.8999999762
36122  25.574  -34.313  -19.216 0.8999999762
36882  27.521  -33.801  -18.655 0.8000000119
95617  26.003  -32.794  -19.375 0.8999999762
36897  24.829  -33.104  -19.925 0.8999999762
34569  32.499  -36.529  -19.734 0.6000000238
37644  25.123  -31.806  -19.841 0.8999999762
36896  24.862  -32.115  -19.983 0.8999999762
36152  25.181  -33.386  -20.495 1.0000000000
35313  33.744  -35.960  -19.729 0.6000000238
36927  25.785  -33.061  -20.793 0.8999999762
101654  31.392  -35.623  -19.924 0.6999999881
36926  26.888  -33.053  -20.868 0.8999999762
99733  28.232  -34.576  -20.579 0.8999999762
36907  28.175  -33.349  -20.650 0.8000000119
34526  31.154  -37.020  -15.532 0.6999999881
103691  31.592  -36.075  -16.108 0.6999999881
36114  31.132  -34.507  -16.951 0.6999999881
36881  28.064  -33.387  -18.690 0.8000000119
98090  26.640  -33.524  -18.923 0.8000000119
37637  27.658  -32.149  -19.198 0.8000000119
36910  24.863  -32.651  -20.110 0.8999999762
35314  32.790  -35.794  -19.834 0.6000000238
37638  26.422  -31.959  -19.534 0.8000000119
38389  25.866  -31.064  -20.176 0.8999999762
37668  25.441  -31.394  -20.558 0.8999999762
36928  25.229  -32.280  -20.474 0.8999999762
35315  31.762  -36.122  -19.786 0.6999999881
37667  26.109  -31.871  -21.086 0.8999999762
94503  31.096  -35.113  -20.114 0.6999999881
37654  28.573  -32.306  -21.177 0.8000000119
36136  29.807  -34.166  -20.397 0.6999999881
36906  29.250  -33.259  -20.658 0.8000000119
35272  31.564  -35.507  -15.764 0.6999999881
36102  31.521  -34.992  -16.321 0.6999999881
36878  31.504  -33.568  -16.947 0.6999999881
100287  28.805  -33.287  -18.693 0.8000000119
37636  28.858  -32.480  -19.047 0.8000000119
38387  28.246  -31.379  -19.459 0.8000000119
38388  27.030  -31.167  -19.714 0.8000000119
37655  25.136  -31.504  -20.149 0.8999999762
38401  26.416  -30.164  -21.075 0.8999999762
101182  32.772  -35.074  -20.376 0.6000000238
38412  26.288  -30.623  -21.191 0.8999999762
97141  31.992  -35.232  -20.184 0.6999999881
99958  32.429  -34.432  -20.707 0.6999999881
98265  26.917  -31.146  -21.525 0.8999999762
36904  31.106  -33.457  -20.896 0.6999999881
36905  30.191  -33.320  -20.746 0.8000000119
36923  31.525  -32.967  -21.650 0.6999999881
37653  29.615  -32.436  -21.281 0.8000000119
36924  30.584  -32.599  -21.452 0.8000000119
36101  31.629  -34.643  -15.766 0.6999999881
36113  31.661  -34.176  -16.300 0.6000000238
36132  34.033  -34.681  -20.774 0.6000000238
39160  27.217  -30.010  -20.527 0.8000000119
39185  27.279  -29.982  -21.320 0.8999999762
38411  27.121  -30.421  -21.547 0.8999999762
36133  33.209  -34.554  -20.789 0.6000000238
38410  28.167  -30.570  -21.421 0.8999999762
36134  31.596  -34.354  -20.573 0.8000000119
37666  27.861  -31.231  -21.582 0.8999999762
37664  29.886  -31.851  -21.605 0.8000000119
37663  31.160  -32.331  -21.855 0.8000000119
92845  30.532  -31.752  -21.723 0.8000000119
39171  27.635  -29.869  -20.758 0.8000000119
36921  33.299  -33.486  -21.900 0.5000000000
36150  32.856  -33.883  -21.314 0.6000000238
36922  32.377  -33.273  -21.881 0.6999999881
38409  29.570  -30.945  -21.520 0.8000000119
36939  32.813  -32.981  -22.592 0.6000000238
37680  32.440  -32.166  -23.046 0.6000000238
38407  31.783  -31.629  -22.430 0.8000000119
37665  28.983  -31.477  -21.534 0.8000000119
39184  29.212  -29.912  -20.660 0.8000000119
93692  29.795  -30.111  -21.201 0.8000000119
36938  33.792  -33.147  -22.444 0.6000000238
38408  31.262  -31.670  -21.924 0.8000000119
99378  30.582  -30.827  -21.558 0.8000000119
104948  32.130  -31.479  -22.898 0.6000000238
39991  30.096  -29.631  -20.479 0.8000000119
99648  31.494  -30.456  -21.549 0.8000000119
37679  33.409  -32.632  -23.131 0.6000000238
37689  33.139  -32.054  -23.543 0.6000000238
39182  31.971  -30.962  -22.232 0.8000000119
39206  32.949  -30.858  -24.009 0.6000000238
97675  32.498  -30.769  -23.399 0.6000000238
97690  32.614  -29.611  -23.896 0.6999999881
38429  33.406  -31.576  -23.941 0.6000000238
97608  32.646  -29.092  -20.829 0.8000000119
39183  30.549  -29.947  -21.106 0.8000000119
37688  33.907  -32.202  -23.649 0.6000000238
39990  31.758  -29.303  -20.517 0.8000000119
38427  35.147  -31.318  -23.454 0.5000000000
39989  32.287  -30.011  -21.551 0.8000000119
39204  34.632  -30.817  -24.051 0.6000000238
39999  32.649  -30.118  -23.004 0.6000000238
39215  35.186  -30.145  -24.191 0.5000000000
39216  34.108  -30.172  -24.712 0.6000000238
39205  33.699  -30.936  -24.326 0.6000000238
96226  32.708  -30.159  -23.914 0.6000000238
39217  33.144  -30.119  -24.519 0.6000000238
40014  32.955  -29.414  -24.945 0.6000000238
39218  32.632  -29.415  -24.428 0.6000000238
39988  32.881  -29.810  -21.851 0.8000000119
97964  33.479  -28.997  -21.603 0.8000000119
40793  33.546  -28.990  -22.668 0.6999999881
40012  34.942  -29.533  -24.657 0.6000000238
39998  32.856  -29.421  -23.370 0.6000000238
40809  35.032  -28.712  -24.921 0.5000000000
40811  32.267  -28.079  -24.842 0.6000000238
40013  33.840  -29.363  -25.127 0.5000000000
40020  32.950  -28.860  -25.283 0.6000000238
40818  32.401  -28.281  -25.135 0.6000000238
41593  34.843  -27.847  -25.251 0.5000000000
40792  34.024  -28.347  -22.011 0.6999999881
40799  33.788  -28.250  -23.039 0.6000000238
40800  32.843  -28.659  -23.711 0.6000000238
40810  32.426  -28.083  -24.481 0.6000000238
102414  33.053  -27.965  -23.837 0.6000000238
40816  33.913  -28.512  -25.401 0.5000000000
40817  33.042  -28.299  -25.475 0.6000000238
41602  32.653  -27.742  -25.448 0.6000000238
103400  32.484  -28.856  -24.347 0.6000000238
41584  32.752  -27.391  -24.219 0.6000000238
41601  33.790  -27.738  -25.569 0.6000000238
90784  33.358  -27.033  -25.652 0.6000000238
41600  34.641  -26.856  -25.371 0.5000000000
42345  34.825  -25.834  -25.272 0.4000000060
42346  33.815  -26.212  -25.771 0.5000000000
41583  33.785  -27.441  -23.397 0.6000000238
41595  31.910  -27.463  -25.032 0.6000000238
41594  31.863  -27.322  -24.880 0.6000000238
98084  32.329  -27.166  -25.434 0.6000000238
42348  31.777  -26.751  -25.168 0.6000000238
42347  32.680  -26.492  -25.646 0.6000000238
43064  34.045  -25.333  -25.887 0.4000000060
94855  31.650  -26.836  -24.953 0.6000000238
42332  32.382  -26.628  -24.447 0.5000000000
42331  33.588  -26.633  -23.710 0.5000000000
42340  31.621  -26.509  -24.923 0.5000000000
43066  31.954  -25.987  -25.403 0.6000000238
43065  32.929  -25.729  -25.871 0.5000000000
88959  33.035  -25.098  -26.052 0.4000000060
42341  31.604  -26.266  -25.050 0.6000000238
43058  31.494  -25.736  -24.964 0.5000000000
89223  31.924  -25.134  -25.635 0.4000000060
43804  31.464  -25.451  -25.042 0.6000000238
43803  31.227  -24.678  -24.972 0.4000000060
43810  32.581  -24.478  -26.022 0.4000000060
43811  31.557  -24.228  -25.645 0.4000000060
43802  31.877  -25.186  -24.669 0.4000000060
44530  33.351  -23.850  -25.998 0.4000000060
102733  31.207  -24.505  -25.093 0.4000000060
43795  34.138  -24.831  -23.443 0.4000000060
43796  32.933  -24.564  -24.156 0.4000000060
107127  31.046  -24.007  -24.834 0.4000000060
44537  31.461  -23.537  -25.743 0.4000000060
44531  31.040  -23.682  -25.252 0.4000000060
44523  31.015  -23.851  -24.912 0.4000000060
44516  32.781  -23.577  -24.146 0.4000000060
92948  31.517  -24.172  -24.666 0.4000000060
45323  31.161  -23.057  -25.587 0.3000000119
44522  30.861  -23.614  -25.009 0.4000000060
93830  33.676  -23.088  -23.651 0.4000000060
44521  31.729  -23.182  -24.559 0.4000000060
28387  24.941  -44.098  -20.606 0.8000000119
29145  24.341  -43.378  -20.526 0.8999999762
29133  23.503  -43.311  -20.087 0.8999999762
28388  23.738  -43.861  -20.241 0.8999999762
89248  23.516  -44.647  -20.212 0.8999999762
27681  26.178  -45.284  -17.871 0.8999999762
28348  26.566  -44.559  -18.093 1.0000000000
27684  23.688  -45.597  -18.610 0.8999999762
27682  25.213  -45.303  -18.147 0.8999999762
28360  23.607  -44.473  -19.561 0.8999999762
28350  24.614  -44.705  -18.562 0.8999999762
29103  25.941  -43.849  -18.531 1.0000000000
101342  23.537  -43.880  -19.967 0.8999999762
29112  24.429  -42.892  -19.398 0.8999999762
43057  31.939  -26.005  -24.698 0.4000000060
43050  33.124  -25.686  -24.086 0.4000000060
43049  34.430  -25.844  -23.071 0.4000000060
23232  24.993  -51.971  -13.253 0.8999999762
23251  26.288  -51.303  -13.923 1.0000000000
24152  23.332  -50.260  -16.638 0.8000000119
99394  26.175  -49.226  -13.365 0.8999999762
25715  24.161  -48.836  -16.843 0.8000000119
26491  23.157  -48.229  -17.411 0.8000000119
26499  22.547  -47.664  -17.939 0.8000000119
94133  22.958  -46.536  -18.517 0.8000000119
27694  23.321  -45.451  -19.252 0.8999999762
27706  23.002  -45.789  -19.794 0.8000000119
28359  24.088  -44.173  -19.181 0.8999999762
105399  25.100  -47.847  -13.173 0.8999999762
28308  21.356  -43.986  -14.219 0.4000000060
27721  25.403  -44.799  -20.429 0.6999999881
30673  25.881  -41.552  -21.194 0.8000000119
103913  23.416  -43.150  -20.025 0.8999999762
95462  28.641  -43.621  -20.599 0.6000000238
29060  21.692  -43.282  -14.408 0.4000000060
29114  23.672  -43.560  -19.754 0.8999999762
30675  24.773  -41.106  -20.729 0.8999999762
30670  29.195  -41.604  -21.594 0.6999999881
31407  29.054  -40.714  -21.684 0.6999999881
28289  25.803  -44.503  -13.583 0.8000000119
27626  27.459  -45.310  -13.764 0.8999999762
30646  27.875  -41.409  -18.942 1.0000000000
29104  24.822  -43.817  -18.847 0.8999999762
30649  24.758  -41.330  -19.517 0.8999999762
29865  24.112  -42.032  -19.642 0.8999999762
29113  24.086  -43.415  -19.437 0.8999999762
31412  24.734  -40.384  -20.555 0.8999999762
29814  24.005  -42.499  -14.239 0.5000000000
92707  29.780  -43.678  -15.820 1.0000000000
32150  24.548  -39.794  -20.225 0.8999999762
95472  29.249  -43.222  -14.615 0.6999999881
29840  30.228  -42.349  -16.468 0.8999999762
99706  25.754  -38.654  -21.228 0.8999999762
102276  27.849  -38.120  -21.830 0.8000000119
29813  25.321  -42.275  -13.865 0.6000000238
29812  26.477  -42.255  -13.687 0.6000000238
103870  30.408  -40.955  -16.505 0.6999999881
92326  28.042  -39.152  -18.887 1.0000000000
32925  24.795  -38.912  -19.717 1.0000000000
32958  26.073  -37.983  -21.368 0.8999999762
30591  26.755  -41.401  -13.829 0.6000000238
30592  25.221  -41.383  -14.100 0.5000000000
31344  26.064  -40.774  -14.046 0.5000000000
32098  30.817  -38.991  -15.899 0.6999999881
34593  25.442  -36.390  -21.220 0.8999999762
32084  28.176  -39.362  -13.883 0.5000000000
35304  26.944  -35.803  -18.880 0.8999999762
35298  28.846  -35.884  -18.061 0.8000000119
36908  27.431  -33.909  -20.725 0.8999999762
32871  28.954  -38.760  -14.275 0.5000000000
94420  25.064  -32.776  -19.673 0.8999999762
36135  30.694  -34.273  -20.448 0.8000000119
99909  29.004  -33.992  -20.465 0.8000000119
98310  31.175  -35.275  -16.687 0.6999999881
37626  29.562  -33.098  -18.709 0.8000000119
36925  27.402  -32.152  -21.228 0.8999999762
38393  26.413  -30.308  -20.728 0.8999999762
94205  31.863  -32.501  -22.317 0.6999999881
95797  28.945  -30.333  -21.163 0.8999999762
38419  32.606  -31.429  -23.471 0.6000000238
100121  32.376  -30.517  -22.358 0.8000000119
107584  33.472  -29.787  -24.879 0.6000000238
93086  33.956  -23.870  -23.651 0.4000000060
45309  30.847  -23.028  -25.260 0.4000000060
28369  23.308  -44.793  -19.933 0.8999999762
17160  20.765  -59.915  -13.699 0.4000000060
17152  21.008  -59.840  -12.158 0.4000000060
97975  20.619  -60.146  -11.487 0.4000000060
17843  21.227  -59.158  -14.083 0.4000000060
17134  21.260  -59.234  -11.949 0.4000000060
17135  20.794  -59.449  -11.344 0.4000000060
17846  22.214  -58.173  -14.431 0.3000000119
17151  21.509  -59.444  -12.720 0.4000000060
18545  21.871  -57.375  -15.504 0.4000000060
19274  22.196  -56.685  -15.846 0.4000000060
19287  21.612  -56.052  -16.282 0.4000000060
20002  21.145  -55.304  -16.553 0.4000000060
17819  21.606  -58.589  -12.210 0.5000000000
17820  20.990  -58.625  -11.451 0.4000000060
17834  22.478  -58.141  -13.716 0.4000000060
107516  22.017  -58.256  -12.617 0.4000000060
18544  22.748  -57.208  -15.275 0.5000000000
107414  22.390  -56.085  -16.124 0.4000000060
20819  21.537  -54.766  -16.552 0.5000000000
21592  21.639  -53.950  -16.627 0.5000000000
89442  21.212  -52.969  -16.971 0.6000000238
22446  20.463  -52.425  -17.395 0.5000000000
23298  20.342  -51.649  -17.685 0.6000000238
24162  20.459  -50.655  -18.435 0.4000000060
18506  21.148  -57.778  -11.619 0.5000000000
18507  20.418  -57.901  -11.086 0.5000000000
18492  19.802  -58.057  -10.711 0.5000000000
18493  19.057  -57.875  -10.512 0.5000000000
18520  22.478  -57.856  -13.004 0.6000000238
18528  22.921  -57.557  -13.673 0.5000000000
19267  23.377  -57.036  -14.017 0.6000000238
19270  23.392  -56.887  -14.852 0.5000000000
19273  23.107  -56.417  -15.586 0.5000000000
19996  22.862  -55.602  -16.071 0.4000000060
20807  22.334  -54.796  -16.346 0.6000000238
21591  22.218  -53.144  -16.486 0.6000000238
22444  21.851  -52.224  -16.811 0.6000000238
23297  21.367  -51.486  -17.272 0.6000000238
24161  21.096  -50.248  -17.991 0.6000000238
22445  21.060  -52.133  -17.277 0.6000000238
24155  20.874  -50.999  -17.801 0.6000000238
24983  21.066  -49.403  -18.400 0.6000000238
24996  20.799  -49.298  -19.295 0.6000000238
19242  21.323  -56.787  -11.853 0.5000000000
96033  20.476  -57.068  -11.345 0.5000000000
18508  19.646  -57.248  -10.846 0.5000000000
96427  19.060  -56.586  -11.071 0.5000000000
19256  22.984  -57.048  -13.217 0.6000000238
19257  22.295  -56.949  -12.454 0.6000000238
19266  23.668  -56.319  -14.450 0.6000000238
19989  23.319  -56.164  -13.552 0.6000000238
19272  23.652  -56.268  -15.077 0.5000000000
19988  23.938  -55.598  -13.971 0.6000000238
20806  23.289  -54.924  -15.958 0.6000000238
93585  23.287  -53.448  -16.164 0.6000000238
25725  21.140  -48.629  -18.826 0.6000000238
25733  21.506  -48.006  -19.161 0.6999999881
19243  20.451  -56.326  -11.659 0.6000000238
19244  19.751  -56.434  -11.341 0.5000000000
91847  18.969  -55.796  -11.415 0.5000000000
19975  22.584  -56.122  -12.841 0.6000000238
19976  21.754  -55.925  -12.291 0.6000000238
97935  19.339  -55.120  -11.742 0.5000000000
20756  18.546  -54.772  -11.658 0.5000000000
19974  22.936  -55.406  -12.989 0.6000000238
20805  24.045  -54.881  -15.269 0.6000000238
19961  20.814  -55.712  -11.967 0.6000000238
19977  20.258  -54.890  -12.062 0.6000000238
90227  22.152  -55.261  -12.543 0.6000000238
20771  20.297  -54.005  -12.467 0.6000000238
20755  19.519  -54.413  -12.062 0.6000000238
20772  18.787  -53.772  -12.099 0.6000000238
20769  22.656  -54.660  -12.690 0.6000000238
20773  17.895  -53.999  -11.762 0.5000000000
104880  23.567  -55.342  -13.456 0.6000000238
21539  18.082  -53.210  -12.210 0.6000000238
92822  22.045  -47.470  -19.486 0.6999999881
20770  21.182  -54.849  -12.315 0.6000000238
21535  22.158  -53.893  -12.559 0.6000000238
95381  21.229  -53.957  -12.534 0.6000000238
21537  19.513  -53.526  -12.420 0.6000000238
21538  18.859  -53.039  -12.435 0.6000000238
20768  23.496  -54.731  -13.055 0.6000000238
27150  22.739  -46.395  -19.745 0.6999999881
27163  22.840  -46.528  -20.091 0.6999999881
21534  23.185  -53.957  -12.700 0.6000000238
21536  20.614  -53.266  -12.560 0.6999999881
105942  19.989  -53.261  -12.534 0.6999999881
21533  24.136  -54.024  -13.148 0.6000000238
27724  23.213  -45.536  -20.091 0.6999999881
94719  21.485  -53.124  -12.567 0.6999999881
22377  22.523  -52.956  -12.579 0.6999999881
22379  20.871  -52.455  -12.555 0.6999999881
90208  20.354  -51.865  -12.543 0.6999999881
103773  19.514  -52.767  -12.530 0.6000000238
90207  19.640  -52.057  -12.546 0.6999999881
90206  19.817  -51.215  -12.531 0.6000000238
22381  18.927  -52.295  -12.480 0.5000000000
96007  24.408  -44.768  -20.533 0.8000000119
22378  21.638  -52.396  -12.553 0.6999999881
90209  21.244  -51.653  -12.522 0.6999999881
23234  20.569  -51.200  -12.498 0.6999999881
103508  18.509  -51.187  -12.514 0.5000000000
24099  20.377  -50.493  -12.525 0.6999999881
90205  19.061  -50.840  -12.488 0.6000000238
36880  29.616  -33.821  -18.350 0.6999999881
36879  30.769  -33.827  -17.726 0.6000000238
38386  29.448  -31.635  -19.336 0.6999999881
39150  28.766  -30.437  -19.667 0.6999999881
39151  27.677  -30.380  -19.883 0.6999999881
39159  28.194  -29.838  -20.086 0.6999999881
37625  30.474  -33.218  -18.403 0.6999999881
37623  31.883  -32.694  -17.239 0.6000000238
39158  29.362  -29.768  -19.899 0.6999999881
100348  30.897  -29.436  -20.420 0.6999999881
37624  31.471  -33.145  -17.861 0.6000000238
38384  31.681  -31.823  -18.659 0.6000000238
38385  30.598  -31.817  -19.179 0.6999999881
39149  29.943  -30.736  -19.507 0.6999999881
39963  30.302  -29.475  -19.945 0.6999999881
39975  31.288  -29.144  -19.998 0.6999999881
39976  30.510  -29.341  -20.038 0.6999999881
37633  32.136  -31.988  -17.761 0.6000000238
38383  32.352  -31.449  -18.234 0.5000000000
39147  32.119  -30.817  -19.016 0.6000000238
100083  31.933  -29.776  -19.508 0.5000000000
39962  31.095  -29.245  -19.927 0.6999999881
40783  32.383  -28.868  -20.081 0.6999999881
39974  33.314  -28.588  -20.587 0.6999999881
45316  33.926  -22.345  -26.103 0.3000000119
44536  32.298  -23.679  -26.115 0.3000000119
16443  20.357  -60.565  -13.127 0.4000000060
16434  20.521  -60.505  -12.247 0.3000000119
16422  19.993  -61.083  -10.713 0.4000000060
17170  20.392  -59.233  -14.303 0.3000000119
16404  20.268  -60.278  -10.828 0.4000000060
18533  20.939  -58.231  -15.092 0.4000000060
17116  20.159  -59.467  -10.739 0.4000000060
99824  21.198  -56.712  -15.943 0.4000000060
19288  20.692  -55.964  -16.457 0.4000000060
99027  20.688  -54.354  -16.839 0.4000000060
104992  20.957  -53.643  -16.939 0.5000000000
104024  20.177  -51.212  -18.146 0.4000000060
24984  20.631  -49.960  -18.846 0.5000000000
18509  18.665  -57.088  -10.698 0.5000000000
25734  21.218  -48.754  -19.548 0.6000000238
19245  18.307  -56.356  -10.969 0.5000000000
19963  17.942  -55.587  -11.239 0.5000000000
93216  22.365  -47.591  -19.883 0.6000000238
20757  17.444  -54.783  -11.445 0.5000000000
96972  17.367  -53.438  -11.878 0.4000000060
26527  22.495  -47.023  -19.938 0.6999999881
22382  18.191  -52.526  -12.415 0.5000000000
27723  23.748  -45.333  -20.430 0.6999999881
89877  18.236  -51.795  -12.496 0.5000000000
27722  24.689  -45.443  -20.404 0.6999999881
90164  17.851  -51.088  -12.548 0.5000000000
24101  18.313  -50.461  -12.514 0.6000000238
32887  30.250  -38.330  -14.814 0.6000000238
38379  32.532  -31.371  -17.548 0.5000000000
39146  32.785  -30.838  -18.199 0.5000000000
39949  33.386  -29.328  -18.652 0.5000000000
106212  32.947  -29.274  -19.288 0.5000000000
39961  32.143  -29.077  -19.814 0.5000000000
40782  33.556  -28.346  -19.868 0.5000000000
40787  33.887  -28.360  -21.151 0.5000000000
46072  33.706  -21.415  -26.143 0.3000000119
45322  31.918  -22.915  -26.148 0.3000000119
20786  24.073  -54.844  -13.588 0.6000000238
19993  23.956  -55.654  -14.784 0.6000000238
24098  21.169  -50.699  -12.488 0.8000000119
25718  21.562  -48.898  -18.069 0.6999999881
39170  28.649  -29.787  -20.280 0.6999999881
99269  33.098  -23.024  -26.322 0.3000000119
98262  23.833  -44.565  -20.416 0.8000000119
37635  30.029  -32.560  -18.987 0.6999999881
17159  21.508  -59.416  -13.347 0.4000000060
17842  21.932  -58.726  -13.804 0.4000000060
17847  21.470  -58.523  -14.533 0.3000000119
18531  22.911  -57.592  -14.403 0.5000000000
17806  20.337  -58.696  -10.897 0.5000000000
21593  20.281  -53.278  -17.244 0.3000000119
23306  19.864  -51.091  -18.696 0.4000000060
18494  18.138  -57.661  -10.300 0.5000000000
100608  19.044  -51.587  -12.487 0.6000000238
39952  30.354  -30.029  -19.669 0.6999999881
39977  29.730  -29.631  -20.050 0.6999999881
37634  31.074  -32.572  -18.560 0.6999999881
103795  31.828  -32.533  -18.045 0.6000000238
39148  31.059  -30.964  -19.367 0.6999999881
39951  31.138  -29.908  -19.556 0.6999999881
41572  33.931  -28.186  -20.534 0.5000000000
37612  32.231  -31.932  -17.087 0.5000000000
39950  32.844  -30.034  -18.993 0.5000000000
27161  24.079  -46.118  -20.383 0.6000000238
27702  28.024  -44.644  -19.887 0.5000000000
27705  25.802  -45.508  -19.960 0.6000000238
28383  29.396  -44.505  -21.108 0.5000000000
28368  26.726  -44.820  -19.929 0.6000000238
28386  26.016  -44.122  -20.487 0.6000000238
28398  29.413  -44.082  -22.085 0.5000000000
29143  29.360  -43.813  -20.914 0.5000000000
29152  30.728  -43.589  -22.846 0.5000000000
98430  19.088  -47.181  -13.279 0.4000000060
27078  19.374  -46.430  -13.528 0.4000000060
29142  29.388  -43.302  -21.914 0.5000000000
29151  31.081  -43.583  -22.856 0.5000000000
29905  30.059  -42.833  -22.435 0.5000000000
29903  31.441  -42.149  -22.488 0.5000000000
29904  30.891  -42.805  -22.840 0.5000000000
29815  23.435  -42.287  -14.397 0.4000000060
29816  22.707  -42.356  -14.489 0.4000000060
90751  22.017  -42.705  -14.493 0.3000000119
32085  26.710  -40.087  -13.857 0.4000000060
96881  26.578  -39.354  -13.742 0.4000000060
90882  24.554  -42.004  -14.120 0.4000000060
95558  23.881  -41.821  -14.335 0.4000000060
30593  24.456  -41.195  -14.286 0.4000000060
32087  24.810  -39.722  -14.244 0.4000000060
30594  23.195  -41.696  -14.511 0.4000000060
30595  22.441  -41.539  -14.619 0.4000000060
32086  25.749  -39.811  -14.035 0.4000000060
90923  25.095  -40.529  -14.221 0.4000000060
32872  27.322  -38.909  -13.664 0.4000000060
32873  25.913  -38.937  -13.764 0.4000000060
96880  25.220  -39.182  -14.018 0.4000000060
101215  24.545  -38.952  -14.249 0.4000000060
89755  23.708  -41.051  -14.414 0.4000000060
32088  23.983  -39.569  -14.418 0.4000000060
31346  22.978  -40.946  -14.566 0.4000000060
96858  27.171  -38.106  -13.637 0.4000000060
107505  26.642  -38.675  -13.644 0.4000000060
91171  29.563  -38.316  -14.499 0.5000000000
96716  28.066  -38.399  -13.858 0.4000000060
33704  27.900  -37.494  -13.826 0.4000000060
96857  26.231  -38.101  -13.635 0.4000000060
33706  25.634  -37.419  -13.715 0.4000000060
96856  25.210  -38.355  -13.813 0.4000000060
102607  24.810  -37.623  -13.834 0.4000000060
32874  24.316  -38.139  -14.121 0.4000000060
33702  29.787  -37.654  -14.503 0.5000000000
33703  28.874  -37.798  -14.202 0.5000000000
34507  27.802  -36.600  -13.805 0.4000000060
33705  26.801  -37.180  -13.698 0.4000000060
90005  29.338  -37.046  -14.270 0.5000000000
34506  28.680  -36.848  -14.080 0.4000000060
100989  27.807  -35.844  -13.816 0.4000000060
34508  26.958  -36.144  -13.674 0.4000000060
34505  29.518  -36.117  -14.304 0.4000000060
95564  28.624  -35.976  -14.043 0.4000000060
35257  27.320  -35.279  -13.790 0.4000000060
36079  29.923  -34.761  -14.493 0.4000000060
106777  28.979  -34.275  -14.202 0.4000000060
101129  27.862  -34.376  -13.944 0.4000000060
34527  30.688  -36.598  -14.885 0.5000000000
35274  30.466  -34.964  -14.627 0.5000000000
36847  28.358  -33.513  -14.176 0.4000000060
36848  27.377  -33.315  -13.950 0.3000000119
96203  31.281  -36.243  -15.583 0.5000000000
35255  29.450  -35.306  -14.328 0.4000000060
35256  28.352  -35.245  -14.032 0.4000000060
36080  29.025  -34.766  -14.197 0.4000000060
36092  30.804  -34.469  -14.731 0.5000000000
36093  30.271  -34.313  -14.575 0.5000000000
36846  29.384  -33.869  -14.375 0.4000000060
37600  29.013  -32.718  -14.503 0.4000000060
37587  27.848  -32.567  -14.340 0.3000000119
103566  31.277  -34.258  -15.183 0.5000000000
37601  28.275  -31.756  -14.649 0.3000000119
38344  27.327  -31.658  -14.474 0.3000000119
36861  31.018  -33.675  -14.916 0.5000000000
36860  31.653  -33.869  -15.760 0.4000000060
36862  30.101  -33.272  -14.597 0.3000000119
39112  26.928  -30.814  -14.672 0.3000000119
37599  30.806  -32.680  -15.075 0.3000000119
37598  31.599  -32.937  -15.714 0.4000000060
37613  31.915  -32.436  -16.507 0.4000000060
36870  31.763  -33.319  -16.389 0.4000000060
96599  29.933  -32.171  -14.794 0.3000000119
93531  29.118  -31.758  -14.818 0.3000000119
38357  28.705  -31.036  -14.940 0.3000000119
38358  27.802  -30.912  -14.793 0.3000000119
103651  26.669  -30.150  -14.978 0.3000000119
39113  26.088  -30.525  -14.600 0.3000000119
95770  27.339  -30.207  -15.174 0.3000000119
39124  26.153  -29.793  -15.054 0.3000000119
102227  31.199  -32.346  -15.470 0.3000000119
38354  31.566  -32.028  -15.873 0.3000000119
38369  32.031  -31.623  -16.422 0.3000000119
38368  32.543  -31.251  -16.900 0.4000000060
91319  32.952  -30.667  -17.325 0.4000000060
39141  33.167  -30.117  -18.042 0.4000000060
39960  33.069  -28.814  -19.596 0.4000000060
105104  25.753  -29.978  -14.735 0.3000000119
38355  30.741  -31.725  -15.313 0.3000000119
39134  32.124  -30.871  -16.329 0.3000000119
107495  33.058  -29.458  -16.886 0.3000000119
39929  33.277  -29.880  -17.321 0.4000000060
40771  33.828  -28.503  -18.982 0.4000000060
41556  34.134  -27.859  -19.271 0.4000000060
38370  31.489  -31.138  -15.760 0.3000000119
40732  33.405  -29.106  -17.399 0.3000000119
41543  34.207  -28.104  -18.430 0.4000000060
41565  34.251  -27.754  -20.091 0.4000000060
41564  34.683  -27.029  -20.302 0.4000000060
94125  34.760  -26.719  -21.182 0.4000000060
42321  34.583  -27.071  -21.924 0.4000000060
41577  34.260  -27.616  -22.390 0.5000000000
41510  33.649  -28.330  -17.326 0.3000000119
41531  34.242  -27.918  -17.853 0.3000000119
41542  34.360  -27.450  -18.527 0.3000000119
41555  34.479  -27.187  -19.387 0.4000000060
42312  34.965  -26.392  -19.547 0.4000000060
42317  35.095  -26.409  -20.467 0.3000000119
93797  34.705  -26.291  -22.032 0.3000000119
42325  34.386  -26.808  -22.804 0.3000000119
95390  33.791  -27.481  -17.220 0.3000000119
41530  34.322  -27.073  -17.766 0.3000000119
42303  34.503  -26.642  -18.591 0.3000000119
43033  35.355  -25.774  -20.159 0.3000000119
43032  35.456  -25.132  -20.681 0.3000000119
43038  35.146  -25.906  -21.172 0.3000000119
96935  34.849  -25.619  -22.060 0.3000000119
43037  35.240  -25.124  -21.601 0.3000000119
42287  33.760  -26.626  -17.131 0.3000000119
43020  34.630  -25.822  -18.636 0.3000000119
43027  35.078  -25.484  -19.316 0.3000000119
43026  35.434  -25.095  -19.894 0.3000000119
103790  35.265  -24.498  -22.057 0.3000000119
43044  34.811  -24.991  -22.507 0.3000000119
43790  34.881  -24.045  -22.824 0.3000000119
44510  34.478  -23.153  -23.118 0.3000000119
33701  30.004  -36.847  -14.411 0.5000000000
26539  23.148  -47.009  -20.235 0.6000000238
27149  24.499  -46.764  -19.998 0.5000000000
27148  25.093  -46.146  -19.982 0.5000000000
27704  26.817  -45.684  -19.592 0.5000000000
27147  26.239  -46.239  -19.469 0.5000000000
28406  29.905  -44.697  -22.761 0.5000000000
27720  29.238  -45.097  -20.706 0.5000000000
27703  27.795  -45.494  -19.640 0.5000000000
24923  20.157  -49.631  -12.546 0.6000000238
97868  18.964  -50.132  -12.486 0.6000000238
100646  19.930  -48.743  -12.602 0.6000000238
25666  19.257  -48.490  -12.651 0.5000000000
25667  18.516  -48.706  -12.625 0.5000000000
25684  18.726  -47.893  -12.915 0.5000000000
26455  18.056  -47.279  -13.451 0.5000000000
27079  18.349  -46.540  -13.762 0.4000000060
27634  18.642  -45.759  -14.005 0.4000000060
27648  18.938  -44.905  -14.357 0.4000000060
29061  20.630  -43.277  -14.588 0.3000000119
29817  21.822  -42.059  -14.631 0.4000000060
32089  23.014  -39.472  -14.625 0.4000000060
32875  23.711  -38.729  -14.457 0.4000000060
96041  25.887  -36.495  -13.702 0.4000000060
33707  24.174  -37.315  -14.075 0.4000000060
96721  24.893  -36.873  -13.813 0.4000000060
34509  24.926  -35.910  -13.761 0.4000000060
92145  26.823  -34.721  -13.710 0.4000000060
36081  26.766  -33.958  -13.677 0.4000000060
37588  26.937  -32.421  -14.086 0.3000000119
38345  26.379  -31.544  -14.257 0.3000000119
37589  26.180  -32.375  -13.771 0.3000000119
29157  30.997  -44.302  -23.031 0.5000000000
29062  19.567  -43.597  -14.824 0.4000000060
33708  23.532  -37.831  -14.384 0.4000000060
107073  26.148  -35.445  -13.628 0.4000000060
28310  19.556  -44.295  -14.425 0.4000000060
93359  28.086  -44.025  -20.293 0.5000000000
100941  27.277  -39.577  -13.742 0.4000000060
36091  31.153  -34.917  -14.981 0.5000000000
41571  34.316  -27.634  -21.202 0.4000000060
101986  28.794  -45.299  -20.047 0.5000000000
27734  29.217  -45.254  -21.680 0.5000000000
31345  24.261  -40.373  -14.348 0.4000000060
92058  23.462  -40.272  -14.486 0.4000000060
35254  30.172  -35.335  -14.528 0.5000000000
35273  30.801  -35.618  -14.896 0.5000000000
34504  30.133  -36.083  -14.477 0.5000000000
39939  33.475  -29.488  -17.898 0.4000000060
40752  33.924  -28.742  -18.047 0.4000000060
42304  34.317  -26.099  -17.732 0.3000000119
43765  34.700  -25.004  -18.516 0.3000000119
90788  17.328  -52.707  -12.222 0.4000000060
101507  17.637  -52.139  -12.438 0.4000000060
22383  16.892  -52.070  -12.401 0.4000000060
23236  16.470  -51.415  -12.445 0.3000000119
23235  17.398  -51.605  -12.485 0.4000000060
89947  16.974  -50.854  -12.513 0.3000000119
25012  21.768  -49.168  -20.065 0.5000000000
24102  17.427  -50.282  -12.528 0.5000000000
25753  21.890  -48.207  -19.837 0.5000000000
25752  22.801  -48.110  -20.124 0.5000000000
97760  22.503  -48.818  -20.121 0.5000000000
24925  18.446  -49.585  -12.525 0.5000000000
104498  17.812  -49.767  -12.562 0.4000000060
26526  22.775  -47.477  -20.110 0.5000000000
25751  23.789  -48.132  -19.796 0.5000000000
26538  23.731  -46.707  -20.290 0.5000000000
26525  23.996  -47.390  -20.006 0.4000000060
25732  25.505  -48.435  -18.783 0.3000000119
25750  24.782  -47.983  -19.417 0.3000000119
26507  25.891  -47.704  -18.993 0.3000000119
93395  28.401  -47.055  -19.621 0.3000000119
97833  27.735  -47.257  -19.166 0.3000000119
92903  26.730  -47.033  -19.075 0.4000000060
26523  25.580  -46.871  -19.492 0.4000000060
27080  17.462  -46.800  -14.335 0.3000000119
27160  29.048  -46.008  -20.844 0.4000000060
95708  28.820  -46.842  -20.221 0.4000000060
27146  27.511  -46.414  -19.384 0.4000000060
27092  17.685  -46.078  -14.832 0.3000000119
31347  22.228  -40.769  -14.711 0.3000000119
91776  22.760  -40.279  -14.626 0.3000000119
32090  22.052  -39.928  -14.847 0.3000000119
32876  22.746  -38.437  -14.716 0.3000000119
34511  23.468  -36.947  -14.339 0.3000000119
34510  24.146  -36.491  -14.080 0.3000000119
35258  23.978  -35.719  -14.118 0.3000000119
96299  23.509  -36.215  -14.350 0.3000000119
34512  22.703  -36.404  -14.634 0.3000000119
91737  26.000  -34.507  -13.568 0.3000000119
35246  25.178  -35.002  -13.607 0.3000000119
35247  24.439  -35.249  -13.800 0.3000000119
95014  25.163  -34.176  -13.533 0.3000000119
36071  24.513  -34.637  -13.688 0.3000000119
36838  25.109  -33.256  -13.438 0.3000000119
36839  24.225  -33.902  -13.662 0.3000000119
36849  26.540  -33.117  -13.662 0.3000000119
36082  25.917  -33.682  -13.527 0.3000000119
24997  20.626  -49.961  -19.619 0.5000000000
27145  28.634  -46.215  -19.802 0.4000000060
106179  18.089  -45.367  -14.800 0.3000000119
35259  23.186  -35.572  -14.427 0.3000000119
25668  17.713  -48.975  -12.652 0.3000000119
25685  17.642  -48.071  -13.104 0.3000000119
26456  17.104  -47.442  -14.050 0.3000000119
17808  18.565  -58.632  -10.160 0.4000000060
17119  17.772  -59.108  -9.668 0.4000000060
17809  17.511  -58.230  -9.887 0.4000000060
105063  15.918  -57.412  -10.020 0.4000000060
19247  16.479  -56.090  -10.605 0.3000000119
19232  17.786  -56.877  -10.527 0.4000000060
19233  17.038  -56.688  -10.411 0.4000000060
19246  17.430  -56.156  -10.748 0.4000000060
20758  16.492  -54.738  -11.333 0.3000000119
21523  15.944  -53.992  -11.577 0.3000000119
19964  16.961  -55.432  -11.053 0.4000000060
21541  15.686  -53.137  -11.934 0.3000000119
91094  16.327  -52.552  -12.171 0.3000000119
20774  16.942  -54.057  -11.601 0.4000000060
21540  16.599  -53.299  -11.829 0.3000000119
17795  16.891  -58.796  -9.580 0.4000000060
18495  17.219  -57.368  -10.136 0.4000000060
22384  15.949  -51.923  -12.375 0.3000000119
17117  19.347  -59.429  -10.308 0.3000000119
94761  15.381  -52.427  -12.332 0.3000000119
15647  20.167  -61.115  -11.981 0.3000000119
16421  20.311  -60.835  -11.414 0.4000000060
17807  19.549  -58.678  -10.513 0.5000000000
17835  22.026  -58.732  -13.088 0.4000000060
18496  16.317  -56.984  -10.245 0.4000000060
18521  21.844  -57.702  -12.217 0.5000000000
18532  21.636  -57.979  -15.076 0.4000000060
19962  19.897  -55.619  -11.744 0.6000000238
19995  23.618  -55.683  -15.440 0.5000000000
19997  21.973  -55.441  -16.356 0.4000000060
20003  20.390  -55.210  -16.732 0.4000000060
20785  24.540  -54.315  -13.885 0.6000000238
20794  24.308  -54.994  -14.336 0.6999999881
21578  22.742  -54.094  -16.312 0.6000000238
22380  20.138  -52.587  -12.568 0.6999999881
22416  25.559  -52.341  -14.175 1.0000000000
24100  19.635  -50.305  -12.523 0.6000000238
24140  23.054  -50.861  -16.527 0.8000000119
24924  19.291  -49.374  -12.524 0.6000000238
24926  16.984  -49.295  -12.657 0.3000000119
24965  24.270  -50.265  -16.465 0.8000000119
25724  21.876  -48.189  -18.285 0.8000000119
26447  27.521  -47.856  -14.307 0.8999999762
26524  24.957  -47.374  -19.618 0.3000000119
27072  25.570  -46.340  -13.398 1.0000000000
27113  28.730  -46.419  -16.040 1.0000000000
27126  22.781  -47.031  -18.203 0.8000000119
27162  23.283  -46.204  -20.249 0.6999999881
27707  22.884  -46.079  -20.059 0.6999999881
28351  23.863  -44.968  -18.876 0.8999999762
28384  28.951  -44.457  -20.464 0.5000000000
28385  27.130  -44.041  -20.252 0.6000000238
28389  23.542  -43.878  -20.054 0.8999999762
28405  30.601  -44.268  -22.893 0.5000000000
29035  27.083  -43.854  -13.720 0.8000000119
29039  23.723  -43.565  -13.905 0.6000000238
29153  29.951  -43.779  -22.556 0.5000000000
29882  25.933  -42.668  -20.832 0.8000000119
29897  24.003  -42.619  -20.373 0.8999999762
30663  23.934  -41.373  -19.985 0.8999999762
30671  28.337  -41.324  -21.342 0.6999999881
30679  31.786  -41.431  -22.157 0.5000000000
31342  28.171  -40.730  -13.942 0.5000000000
31416  31.654  -40.681  -22.218 0.6000000238
31420  28.761  -39.678  -21.957 0.6999999881
32131  26.434  -39.475  -19.497 1.0000000000
32164  24.873  -39.858  -20.680 0.8999999762
32172  30.935  -39.733  -22.520 0.6000000238
32944  24.389  -39.085  -20.050 0.8999999762
32953  31.063  -38.868  -21.588 0.6999999881
32955  29.644  -38.242  -22.212 0.6999999881
33773  31.258  -37.829  -20.378 0.6999999881
33775  29.476  -37.232  -20.843 0.6999999881
34568  33.242  -36.546  -19.651 0.6000000238
35325  33.459  -35.262  -20.282 0.6000000238
35327  29.697  -35.793  -20.225 0.6999999881
35343  25.429  -35.500  -21.088 0.8999999762
36126  24.841  -34.273  -19.824 0.8999999762
36850  25.867  -32.979  -13.498 0.3000000119
36887  28.141  -32.876  -18.857 0.8000000119
36888  27.231  -32.958  -18.978 0.8000000119
36889  25.775  -33.579  -19.206 0.8999999762
36890  25.103  -33.592  -19.578 0.8999999762
36903  32.007  -33.694  -21.150 0.6999999881
36909  24.939  -31.883  -20.192 0.8999999762
38402  25.982  -30.894  -20.617 0.8999999762
38428  34.194  -31.591  -23.938 0.6000000238
39172  26.800  -29.900  -21.101 0.8999999762
39186  26.714  -30.042  -21.306 0.8999999762
39196  32.168  -31.073  -22.983 0.6000000238
40015  32.493  -28.814  -24.868 0.6000000238
90210  22.297  -51.956  -12.590 0.6999999881
90958  23.288  -47.646  -20.131 0.5000000000
91767  27.955  -48.185  -14.927 0.8999999762
92468  28.211  -29.983  -20.996 0.8000000119
93898  29.375  -44.757  -22.203 0.5000000000
95287  21.111  -60.086  -12.972 0.4000000060
96141  31.084  -42.048  -22.676 0.5000000000
97725  22.332  -57.726  -15.001 0.5000000000
98296  29.574  -43.637  -16.563 1.0000000000
99075  25.149  -34.539  -20.683 1.0000000000
99789  26.780  -30.532  -20.236 0.8000000119
100096  24.683  -34.892  -20.183 1.0000000000
101367  25.603  -42.064  -21.039 0.8000000119
101827  21.859  -54.530  -12.507 0.6000000238
102189  31.485  -39.609  -22.180 0.6000000238
102658  32.646  -30.670  -16.740 0.3000000119
103674  26.719  -50.697  -14.608 1.0000000000
103953  24.175  -44.152  -20.480 0.8999999762
103971  24.834  -52.584  -13.394 0.8999999762
104227  33.177  -29.566  -22.375 0.6999999881
104731  31.165  -42.763  -22.746 0.5000000000
105859  19.861  -59.854  -10.522 0.4000000060
106070  19.760  -55.000  -11.888 0.6000000238
106501  20.523  -59.880  -11.053 0.4000000060
106517  25.872  -42.580  -19.086 1.0000000000
