#!ascii label  , from subject OASIS_0001 vox2ras=TkReg
1208
4431  20.539  -78.475  -25.795 0.6999999881
97059  20.165  -78.713  -26.563 0.8000000119
4432  19.509  -78.813  -25.648 0.8000000119
105761  18.745  -78.935  -26.056 0.6999999881
4467  21.333  -78.255  -27.218 0.6000000238
4451  20.989  -78.261  -26.596 0.6000000238
4452  19.260  -79.026  -26.620 0.6000000238
96860  22.664  -78.930  -27.781 0.6000000238
4412  19.164  -78.501  -24.604 0.8000000119
4433  18.570  -78.741  -25.236 0.6999999881
4434  17.565  -78.318  -25.069 0.6999999881
4992  16.425  -77.946  -25.331 0.6999999881
4450  21.648  -78.422  -26.482 0.6000000238
4453  17.975  -78.759  -25.995 0.6999999881
4484  23.500  -78.969  -28.450 0.6000000238
96685  23.416  -78.875  -29.342 0.6000000238
4519  24.519  -78.474  -30.319 0.6000000238
4506  24.189  -78.497  -29.830 0.6000000238
4404  17.997  -78.004  -23.687 0.8000000119
97797  17.657  -77.553  -23.243 0.8000000119
4954  17.232  -77.729  -23.705 0.6999999881
4944  15.824  -77.073  -22.890 0.6999999881
4956  15.075  -77.407  -23.471 0.6999999881
4403  18.799  -78.077  -23.748 0.8000000119
101453  17.618  -78.097  -24.211 0.6999999881
4955  16.208  -77.469  -23.790 0.6999999881
4411  20.107  -78.279  -24.953 0.6999999881
4413  18.304  -78.346  -24.383 0.8000000119
4414  16.881  -77.855  -24.442 0.6999999881
4991  21.004  -77.874  -25.196 0.6999999881
4466  22.004  -78.542  -27.133 0.6999999881
4465  23.681  -79.105  -27.351 0.6000000238
96955  22.730  -79.062  -26.978 0.6000000238
4505  24.855  -78.265  -29.491 0.6000000238
4483  24.353  -78.488  -29.056 0.6000000238
88923  24.947  -78.060  -30.918 0.6000000238
4014  25.317  -80.071  -32.351 0.6999999881
4542  25.301  -79.292  -32.601 0.6000000238
2691  25.469  -81.581  -31.186 0.5000000000
3149  25.127  -80.724  -32.045 0.6000000238
2692  24.922  -81.988  -31.578 0.5000000000
4942  17.778  -77.103  -22.648 0.8999999762
4943  16.889  -77.204  -22.944 0.8000000119
101542  19.306  -77.422  -23.035 0.6999999881
4953  18.354  -77.563  -23.133 0.8999999762
4945  14.878  -77.029  -22.776 0.6999999881
4974  20.652  -77.718  -24.303 0.8000000119
4975  19.706  -77.966  -23.974 0.8000000119
4973  21.566  -77.435  -24.574 0.8000000119
4989  22.650  -78.123  -25.003 0.6999999881
4430  21.344  -78.313  -25.830 0.6999999881
94832  22.749  -78.770  -25.710 0.8000000119
4448  23.213  -79.094  -26.283 0.8000000119
98938  24.571  -78.730  -28.260 0.6999999881
4482  24.787  -78.467  -28.874 0.6999999881
4504  24.386  -78.447  -29.462 0.6000000238
98730  25.383  -79.762  -31.840 0.6999999881
3138  25.421  -81.202  -31.377 0.6999999881
4941  18.565  -76.906  -22.449 0.8999999762
5502  16.252  -76.780  -22.059 0.8000000119
5504  14.630  -76.467  -22.265 0.6999999881
4952  20.295  -77.392  -23.430 0.6999999881
4972  22.298  -77.392  -24.513 0.6000000238
4990  21.812  -77.850  -25.219 0.8000000119
4428  23.601  -78.816  -25.283 0.8000000119
97870  24.309  -79.085  -26.283 0.8000000119
4463  25.168  -78.645  -28.014 0.6999999881
3994  25.376  -79.334  -29.177 0.8000000119
3993  26.068  -80.041  -29.051 0.8000000119
4011  25.939  -80.940  -30.810 0.6999999881
4012  25.618  -80.269  -30.834 0.6999999881
4518  24.839  -78.844  -30.164 0.6999999881
3137  26.048  -81.596  -30.712 0.6999999881
102938  25.453  -80.637  -31.628 0.6999999881
10665  13.232  -67.465  -26.792 0.6000000238
11338  13.647  -66.826  -26.059 0.6000000238
11321  13.112  -67.768  -24.043 0.6000000238
12048  11.746  -66.322  -23.627 0.6999999881
5501  17.165  -76.746  -22.075 0.8999999762
5494  15.089  -76.188  -21.758 0.6999999881
104215  21.592  -76.676  -23.299 0.6000000238
5524  22.788  -76.804  -23.804 0.6000000238
5525  22.031  -76.915  -23.894 0.6000000238
4410  23.518  -78.155  -24.509 0.6999999881
4427  24.715  -78.749  -25.231 0.6999999881
4409  24.327  -78.339  -24.439 0.6999999881
104052  13.890  -72.365  -23.092 0.6999999881
99433  13.353  -72.813  -23.431 0.6999999881
4447  25.179  -78.842  -26.122 0.8000000119
8607  14.262  -71.673  -23.255 0.6000000238
105322  13.940  -71.535  -23.777 0.6000000238
96120  13.139  -72.450  -24.377 0.6999999881
94492  25.440  -78.818  -27.031 0.6999999881
8617  13.611  -71.588  -24.470 0.5000000000
105216  13.596  -71.447  -25.339 0.6999999881
3980  25.980  -79.551  -28.495 0.8000000119
3981  25.102  -78.616  -28.498 0.8000000119
8616  14.340  -70.958  -23.888 0.5000000000
8628  14.160  -70.874  -24.920 0.5000000000
4003  26.443  -80.668  -30.133 0.6999999881
9323  15.615  -69.694  -25.529 0.5000000000
9972  15.317  -69.769  -26.501 0.5000000000
9992  14.960  -69.576  -27.497 0.6999999881
10689  13.919  -68.553  -28.458 0.6999999881
9991  15.344  -68.835  -27.083 0.5000000000
10004  14.903  -68.680  -27.882 0.6000000238
10005  14.330  -69.169  -28.306 0.6000000238
11353  13.868  -66.687  -27.370 0.6000000238
9971  15.765  -68.977  -26.192 0.6000000238
11363  14.272  -67.448  -27.934 0.6000000238
11352  14.419  -66.749  -27.507 0.6000000238
11337  15.630  -67.347  -26.747 0.5000000000
10664  14.991  -67.679  -27.549 0.5000000000
12062  14.171  -66.089  -26.710 0.6000000238
11306  13.388  -66.993  -23.993 0.6000000238
12035  13.022  -66.218  -23.589 0.6999999881
12706  10.480  -64.600  -23.874 0.6000000238
12707  9.730  -64.670  -24.248 0.6999999881
12076  14.796  -66.121  -27.113 0.6000000238
12061  14.665  -65.833  -26.744 0.6000000238
12046  13.888  -66.274  -25.172 0.6000000238
12034  13.712  -66.081  -24.187 0.6999999881
13461  11.279  -64.336  -23.219 0.5000000000
5492  16.588  -76.318  -21.454 0.8999999762
90808  20.892  -76.791  -23.044 0.6000000238
5512  20.041  -76.767  -22.754 0.6999999881
5995  15.339  -75.690  -21.459 0.8000000119
5505  13.845  -76.280  -22.520 0.6999999881
6499  14.264  -74.842  -21.985 0.6999999881
104337  15.334  -74.399  -21.536 0.8000000119
4971  23.102  -77.463  -24.248 0.6999999881
7095  14.802  -73.249  -22.124 0.8000000119
7831  13.924  -73.058  -22.717 0.6000000238
7830  14.516  -72.385  -22.688 0.6999999881
8599  14.962  -71.666  -22.797 0.6000000238
3975  25.887  -79.126  -27.799 0.8000000119
91169  26.222  -78.900  -27.074 0.8000000119
4481  26.682  -79.367  -28.054 0.8000000119
102815  14.815  -71.105  -23.278 0.5000000000
4503  27.042  -79.811  -28.816 0.8000000119
9310  15.002  -70.302  -24.618 0.5000000000
9309  16.102  -69.704  -24.564 0.5000000000
9958  16.480  -68.969  -25.465 0.6000000238
10631  16.213  -68.095  -25.980 0.6000000238
14250  8.778  -64.005  -23.454 0.5000000000
11351  15.087  -66.632  -27.151 0.5000000000
14249  9.867  -63.982  -23.475 0.5000000000
13463  9.344  -64.460  -23.985 0.6000000238
12745  15.013  -65.658  -26.667 0.6000000238
12735  14.414  -65.389  -26.202 0.6999999881
12703  13.836  -65.088  -24.144 0.6999999881
12704  12.931  -65.173  -23.297 0.6999999881
12060  15.373  -65.904  -26.365 0.6000000238
13460  12.847  -64.221  -23.170 0.6000000238
13495  15.083  -64.358  -25.568 0.6999999881
13459  14.345  -63.907  -24.849 0.6000000238
91853  14.000  -63.568  -23.994 0.5000000000
5499  19.296  -76.474  -22.298 0.6999999881
5491  17.752  -75.856  -21.500 0.6999999881
5993  17.021  -75.860  -21.170 0.6999999881
5994  16.165  -75.757  -21.158 0.8000000119
7086  15.957  -74.264  -21.596 0.6999999881
7094  15.590  -73.355  -21.994 0.6999999881
7087  15.292  -73.828  -21.711 0.6999999881
14998  7.318  -62.931  -21.393 0.5000000000
10630  17.224  -68.575  -24.673 0.5000000000
97487  16.771  -68.433  -25.252 0.6000000238
14236  8.202  -63.424  -22.703 0.5000000000
89667  16.417  -67.683  -25.242 0.6000000238
97962  15.560  -66.607  -26.571 0.6000000238
11318  16.577  -67.840  -24.333 0.5000000000
12045  15.517  -65.675  -25.610 0.6000000238
89476  15.830  -66.790  -24.680 0.6000000238
5500  18.568  -76.099  -21.865 0.6999999881
6486  17.398  -75.221  -21.364 0.6999999881
97970  16.539  -75.130  -21.208 0.6999999881
13479  15.172  -63.768  -25.164 0.5000000000
10616  17.184  -68.414  -23.770 0.5000000000
13458  14.674  -63.334  -24.669 0.5000000000
11305  15.937  -67.281  -23.650 0.5000000000
100555  15.540  -65.620  -24.530 0.5000000000
95205  15.383  -64.436  -25.338 0.5000000000
13480  14.902  -63.728  -25.227 0.5000000000
14245  15.102  -63.020  -24.198 0.5000000000
15030  14.773  -62.230  -23.382 0.5000000000
12687  15.461  -65.209  -23.134 0.5000000000
14230  15.331  -63.031  -23.552 0.5000000000
14261  15.037  -63.307  -24.831 0.5000000000
12021  15.433  -66.228  -22.606 0.5000000000
12702  15.477  -64.679  -24.161 0.5000000000
13457  15.318  -63.626  -24.513 0.5000000000
11291  15.714  -67.220  -22.760 0.5000000000
104391  15.496  -65.702  -23.555 0.5000000000
13441  15.525  -64.031  -23.227 0.5000000000
14204  8.257  -63.654  -20.298 0.6000000238
91997  8.107  -64.246  -20.934 0.6000000238
14193  7.838  -62.911  -19.776 0.5000000000
13405  9.753  -63.905  -20.005 0.6999999881
12660  9.221  -64.508  -20.657 0.6000000238
13426  8.762  -65.091  -21.325 0.6000000238
12659  10.751  -65.860  -20.951 0.6999999881
13404  10.779  -64.307  -19.542 0.6000000238
13415  10.592  -64.888  -20.429 0.6999999881
101463  10.013  -65.206  -21.160 0.6999999881
105209  8.950  -65.738  -21.802 0.6999999881
11993  11.362  -66.657  -20.568 0.8000000119
96490  11.942  -64.266  -18.468 0.5000000000
14174  10.024  -63.653  -19.070 0.5000000000
12658  11.517  -65.807  -20.294 0.8000000119
13403  11.441  -65.089  -19.851 0.6000000238
11217  11.495  -67.156  -19.436 0.6999999881
13374  11.850  -63.884  -17.530 0.5000000000
13375  11.179  -63.720  -17.995 0.5000000000
104674  12.009  -66.842  -19.573 0.6999999881
11237  11.572  -67.219  -20.036 0.6999999881
11981  12.507  -66.314  -19.450 0.6999999881
13391  12.689  -65.306  -18.976 0.6999999881
11963  11.249  -67.016  -18.620 0.6999999881
11962  12.256  -66.752  -18.940 0.6999999881
13373  12.891  -64.786  -18.029 0.6000000238
12637  12.887  -65.958  -19.183 0.8000000119
88424  9.539  -63.351  -11.283 0.6999999881
88716  9.851  -64.006  -11.822 0.8000000119
100788  14.461  -64.666  -15.850 0.4000000060
11946  10.692  -66.777  -17.692 0.6999999881
100736  14.022  -64.573  -16.533 0.5000000000
11945  11.856  -66.784  -17.951 0.6999999881
100869  13.373  -64.710  -17.406 0.6000000238
13372  13.567  -65.526  -17.651 0.6000000238
11961  12.898  -66.217  -18.984 0.6999999881
12624  13.169  -65.868  -18.496 0.8000000119
11944  12.886  -66.368  -18.148 0.8000000119
20763  9.129  -55.883  -10.156 0.5000000000
20782  9.153  -56.124  -10.976 0.5000000000
19984  8.570  -56.754  -10.777 0.5000000000
16409  8.106  -58.151  -6.687 0.5000000000
15624  8.698  -61.274  -7.952 0.6000000238
16395  8.815  -59.085  -6.708 0.6000000238
107075  8.469  -58.314  -6.795 0.6000000238
17826  8.223  -58.210  -8.025 0.6000000238
15625  8.183  -60.955  -8.072 0.6999999881
16396  7.863  -59.569  -7.013 0.6999999881
14071  8.734  -62.367  -9.710 0.6999999881
14863  8.114  -61.660  -9.023 0.6999999881
93579  10.755  -66.644  -15.327 0.6999999881
12593  10.151  -66.011  -13.998 0.6999999881
88735  10.001  -65.466  -13.186 0.8000000119
103927  14.818  -65.592  -16.120 0.5000000000
11932  11.126  -66.641  -16.973 0.6999999881
12611  14.116  -65.831  -17.113 0.6000000238
11931  12.283  -66.680  -17.163 0.8000000119
11943  13.583  -66.064  -17.630 0.6999999881
90212  12.530  -66.708  -16.331 0.8000000119
20745  9.413  -55.043  -9.877 0.5000000000
20762  9.567  -55.240  -10.582 0.6000000238
21524  9.839  -54.530  -11.217 0.5000000000
19262  8.524  -56.948  -11.093 0.6000000238
93375  8.623  -56.407  -11.797 0.6000000238
16394  9.346  -58.449  -6.942 0.5000000000
16408  8.316  -57.767  -7.363 0.5000000000
16380  9.482  -59.882  -6.890 0.6000000238
99124  8.943  -58.009  -9.827 0.6000000238
16423  8.556  -57.954  -7.775 0.6999999881
18524  8.545  -57.286  -10.837 0.6000000238
14851  9.212  -61.745  -8.050 0.6000000238
14862  8.690  -61.837  -8.720 0.6999999881
15634  7.516  -60.721  -8.344 0.6999999881
17139  8.436  -58.208  -7.842 0.6999999881
14059  9.531  -62.534  -8.894 0.6999999881
88790  9.623  -63.129  -10.281 0.6999999881
88430  10.432  -63.516  -10.343 0.6999999881
88418  10.213  -63.631  -11.060 0.8000000119
88679  10.617  -65.373  -12.525 0.8000000119
100851  10.391  -64.761  -11.956 0.8000000119
89152  14.560  -66.362  -15.775 0.5000000000
88423  13.612  -66.766  -14.197 0.6000000238
11910  11.026  -66.513  -14.462 0.8000000119
100767  10.954  -66.062  -13.363 0.8000000119
11929  14.039  -66.161  -16.957 0.6000000238
88427  13.758  -66.667  -15.695 0.6999999881
11920  11.733  -66.733  -15.399 0.8000000119
89207  13.491  -66.564  -16.381 0.6999999881
11919  12.792  -66.781  -15.577 0.6999999881
11930  13.268  -66.460  -17.167 0.8000000119
21509  10.038  -54.543  -10.279 0.4000000060
20781  8.827  -54.878  -11.948 0.4000000060
99792  8.638  -57.072  -11.784 0.5000000000
97133  9.838  -59.356  -7.070 0.5000000000
17138  9.160  -58.206  -9.373 0.6000000238
103670  9.067  -58.332  -10.918 0.6000000238
15601  9.865  -60.476  -7.039 0.6000000238
17825  8.654  -57.593  -10.278 0.6999999881
17838  8.675  -57.687  -10.453 0.6999999881
94623  10.054  -61.919  -7.755 0.6000000238
88847  10.656  -64.252  -11.408 0.8000000119
88429  12.544  -66.629  -14.027 0.6999999881
11909  12.108  -66.725  -14.693 0.6999999881
88754  11.671  -66.500  -13.919 0.8000000119
88604  11.515  -65.750  -12.537 0.8000000119
89050  13.156  -66.837  -14.896 0.6999999881
21508  10.333  -53.872  -10.732 0.4000000060
21487  10.204  -53.628  -9.909 0.4000000060
22331  9.735  -52.670  -9.683 0.4000000060
19261  8.661  -56.545  -12.091 0.5000000000
19260  8.827  -56.880  -12.250 0.5000000000
18523  8.814  -57.494  -11.546 0.5000000000
95947  9.320  -56.035  -12.604 0.5000000000
17837  8.883  -58.062  -11.205 0.6999999881
100861  10.337  -63.262  -9.333 0.6000000238
88419  11.178  -65.025  -11.803 0.8000000119
100768  13.001  -66.588  -13.318 0.6000000238
100766  12.542  -66.101  -12.450 0.6000000238
88707  11.901  -64.982  -11.352 0.6999999881
102457  11.347  -64.443  -11.087 0.6999999881
88605  11.982  -66.339  -13.219 0.6999999881
24071  9.437  -50.862  -9.952 0.3000000119
21544  9.558  -53.495  -11.859 0.4000000060
22361  10.550  -53.139  -11.263 0.3000000119
104920  10.639  -53.217  -10.511 0.4000000060
22330  10.570  -52.759  -10.161 0.4000000060
23192  10.242  -51.944  -9.839 0.4000000060
21545  8.935  -53.788  -12.657 0.4000000060
19983  8.704  -55.515  -12.289 0.4000000060
18522  9.139  -57.603  -11.712 0.5000000000
96321  8.709  -55.928  -12.358 0.4000000060
18513  10.025  -57.722  -11.506 0.6000000238
20791  8.767  -54.313  -13.057 0.4000000060
19259  9.846  -56.792  -12.087 0.4000000060
19982  8.870  -56.041  -12.560 0.5000000000
88828  10.882  -63.896  -10.740 0.6999999881
90410  11.951  -65.440  -11.953 0.6999999881
23193  8.806  -51.514  -9.915 0.4000000060
24081  10.641  -51.150  -10.162 0.4000000060
24908  10.067  -50.289  -9.917 0.3000000119
19991  8.765  -55.212  -12.849 0.4000000060
19990  9.159  -55.197  -13.119 0.4000000060
22344  11.065  -52.526  -10.861 0.3000000119
23204  10.991  -52.023  -10.441 0.4000000060
24080  11.400  -51.167  -10.728 0.3000000119
22386  9.456  -52.602  -12.196 0.3000000119
20790  8.857  -54.444  -13.604 0.3000000119
19981  9.888  -55.442  -12.923 0.3000000119
23203  11.429  -51.837  -10.951 0.3000000119
24907  11.209  -50.336  -10.313 0.3000000119
23215  11.255  -51.716  -11.354 0.3000000119
21554  8.813  -53.223  -13.361 0.3000000119
20797  9.013  -54.033  -14.076 0.3000000119
90601  9.329  -54.383  -13.744 0.3000000119
24898  8.888  -49.822  -9.906 0.3000000119
23216  10.269  -52.182  -11.753 0.3000000119
21583  9.155  -53.202  -14.016 0.3000000119
95695  14.760  -70.423  -26.867 0.6999999881
9348  14.141  -70.900  -27.294 0.6999999881
9347  14.352  -70.152  -27.936 0.6999999881
4468  20.685  -78.383  -27.314 0.6999999881
98695  16.086  -77.686  -24.611 0.6999999881
4429  22.070  -78.456  -25.765 0.8000000119
4539  25.164  -78.684  -32.296 0.6000000238
4532  25.002  -79.069  -31.156 0.6999999881
5996  14.525  -75.718  -21.884 0.6999999881
105015  25.599  -78.895  -27.440 0.8000000119
4004  25.645  -79.931  -29.967 0.6999999881
3992  26.792  -80.329  -29.456 0.8000000119
12036  12.221  -65.641  -23.368 0.6999999881
9324  14.863  -70.396  -25.735 0.5000000000
10676  13.849  -67.878  -28.206 0.6000000238
13481  9.008  -64.811  -24.285 0.6000000238
12734  14.920  -65.168  -26.244 0.6999999881
92664  14.778  -74.164  -21.753 0.8000000119
8606  15.515  -71.072  -23.185 0.5000000000
9298  15.249  -70.499  -23.730 0.6000000238
11319  15.761  -66.675  -25.786 0.6000000238
90211  11.441  -66.716  -16.205 0.8000000119
2206  23.768  -82.757  -25.448 0.4000000060
2205  24.560  -83.002  -25.105 0.4000000060
3086  24.059  -81.384  -26.835 0.3000000119
2609  23.131  -81.857  -25.873 0.4000000060
2207  23.040  -82.544  -25.789 0.4000000060
98565  24.182  -83.804  -25.786 0.4000000060
2617  27.459  -82.300  -26.519 0.4000000060
96199  26.230  -81.548  -26.125 0.5000000000
103211  25.830  -81.433  -25.229 0.5000000000
2632  26.774  -82.530  -27.291 0.3000000119
2606  25.219  -81.667  -25.005 0.4000000060
2633  25.846  -81.844  -26.865 0.3000000119
3070  24.308  -81.423  -26.121 0.3000000119
3059  23.833  -81.708  -25.646 0.3000000119
3085  25.005  -81.730  -27.127 0.3000000119
2631  27.611  -82.789  -27.599 0.4000000060
99782  28.176  -82.668  -27.172 0.4000000060
2616  28.506  -82.449  -26.449 0.5000000000
2643  27.635  -82.824  -28.074 0.3000000119
97268  26.078  -82.751  -27.955 0.3000000119
2657  25.052  -83.253  -29.720 0.4000000060
2645  25.564  -82.896  -28.873 0.3000000119
97872  25.796  -82.471  -30.330 0.4000000060
97871  25.064  -83.209  -30.098 0.4000000060
2685  24.958  -82.467  -30.892 0.4000000060
2630  28.275  -82.679  -27.752 0.4000000060
2629  28.843  -82.371  -27.789 0.4000000060
2642  28.277  -82.507  -28.251 0.4000000060
2654  28.204  -82.032  -28.947 0.4000000060
3529  29.171  -80.616  -29.157 0.5000000000
101015  27.078  -82.767  -28.382 0.4000000060
3112  27.967  -81.506  -29.542 0.4000000060
95944  25.841  -82.768  -29.560 0.4000000060
96195  26.580  -82.372  -29.992 0.5000000000
2668  27.022  -82.077  -30.175 0.4000000060
2684  25.740  -81.990  -30.908 0.4000000060
3550  25.161  -80.233  -32.466 0.6000000238
3140  24.660  -81.488  -32.201 0.4000000060
3979  29.622  -79.864  -29.210 0.6000000238
3990  29.168  -79.966  -29.433 0.6000000238
3530  28.421  -80.782  -29.491 0.6000000238
97655  28.074  -80.621  -29.578 0.6000000238
3538  27.598  -81.227  -29.876 0.6000000238
3991  27.538  -80.514  -29.617 0.6999999881
2682  26.670  -81.893  -30.444 0.5000000000
3544  26.857  -81.592  -30.334 0.6000000238
4501  28.755  -78.970  -29.345 0.6999999881
4479  28.485  -78.850  -28.977 0.6999999881
4500  29.203  -78.919  -29.440 0.6000000238
4480  27.573  -79.287  -28.382 0.6999999881
4462  27.230  -78.960  -27.310 0.6999999881
4446  25.995  -78.744  -26.245 0.6999999881
4502  27.911  -79.845  -29.346 0.6999999881
5015  28.805  -78.122  -28.237 0.5000000000
4443  28.092  -78.400  -27.090 0.6000000238
4445  26.841  -78.670  -26.348 0.6999999881
4424  27.364  -78.386  -25.681 0.6999999881
103214  27.947  -79.432  -28.977 0.6999999881
4425  26.528  -78.546  -25.437 0.6999999881
4426  25.649  -78.670  -25.273 0.6000000238
106278  27.536  -78.494  -26.466 0.6000000238
4987  27.828  -77.960  -25.150 0.6000000238
4988  27.054  -78.230  -24.899 0.6000000238
89567  22.314  -76.225  -23.180 0.5000000000
5002  17.026  -78.386  -26.060 0.6000000238
4408  25.253  -78.359  -24.480 0.6000000238
97083  24.441  -76.954  -23.718 0.5000000000
5523  23.577  -76.831  -23.770 0.5000000000
4994  14.736  -77.711  -24.961 0.6000000238
4976  15.324  -77.624  -24.322 0.6000000238
4993  15.516  -77.700  -25.175 0.6000000238
4968  26.622  -77.699  -24.451 0.6000000238
4969  24.865  -77.698  -23.873 0.5000000000
4970  23.966  -77.641  -23.994 0.5000000000
4959  12.786  -77.121  -23.543 0.6000000238
4958  13.532  -77.078  -23.055 0.6000000238
4978  13.424  -77.544  -23.585 0.6000000238
104811  13.398  -77.825  -24.180 0.6000000238
4977  14.235  -77.816  -23.931 0.6000000238
4946  14.189  -76.932  -22.716 0.6000000238
4957  14.163  -77.449  -23.190 0.6000000238
6002  19.234  -75.458  -22.007 0.6000000238
99324  25.720  -77.723  -24.133 0.6000000238
5526  12.423  -76.473  -23.759 0.6000000238
7112  12.844  -74.321  -24.058 0.6000000238
5513  13.099  -76.442  -23.134 0.6000000238
6500  13.618  -74.764  -22.623 0.6000000238
6013  13.370  -75.593  -22.852 0.6000000238
7111  13.245  -73.845  -23.120 0.5000000000
6004  13.898  -75.453  -22.326 0.6000000238
7096  14.095  -73.966  -22.366 0.5000000000
4980  11.983  -77.154  -24.271 0.6999999881
6014  12.821  -75.684  -23.473 0.6000000238
7124  12.896  -73.377  -24.128 0.6000000238
7163  12.341  -73.314  -27.322 0.6000000238
6029  12.364  -75.611  -24.166 0.6000000238
6530  12.570  -74.792  -24.679 0.6000000238
7852  12.756  -72.988  -25.166 0.5000000000
6545  12.463  -74.528  -25.629 0.6000000238
7887  12.727  -72.709  -26.229 0.6000000238
7903  12.578  -72.463  -28.177 0.6000000238
6040  12.174  -75.334  -25.147 0.6000000238
7851  13.072  -72.061  -25.410 0.6000000238
7125  12.704  -73.977  -24.978 0.6000000238
7868  13.009  -72.007  -26.563 0.6000000238
96462  12.727  -72.498  -27.275 0.5000000000
8664  12.674  -71.572  -28.471 0.5000000000
8629  14.156  -71.114  -26.136 0.6000000238
8645  13.607  -71.480  -27.009 0.6000000238
8646  13.177  -71.868  -27.856 0.6000000238
8663  13.510  -70.787  -28.314 0.6000000238
9378  13.178  -69.976  -29.004 0.6999999881
9379  12.504  -70.107  -28.883 0.6999999881
10007  11.807  -69.592  -27.898 0.6999999881
94861  12.108  -69.481  -25.498 0.6999999881
9362  13.776  -69.865  -28.667 0.6999999881
91007  12.817  -68.200  -27.495 0.6999999881
10006  12.496  -68.947  -28.301 0.6999999881
9993  12.222  -69.092  -26.924 0.6999999881
10647  12.694  -68.663  -25.671 0.6000000238
10677  13.175  -68.271  -28.239 0.6000000238
99334  22.689  -75.427  -23.017 0.5000000000
6494  21.566  -74.623  -22.765 0.5000000000
6012  21.941  -75.419  -22.732 0.5000000000
6000  21.088  -75.316  -22.559 0.6000000238
7109  20.212  -74.080  -23.662 0.6000000238
6510  20.892  -74.195  -22.953 0.6000000238
6495  20.570  -74.739  -22.648 0.6000000238
6001  20.158  -75.393  -22.389 0.6000000238
99143  19.039  -74.570  -23.955 0.5000000000
6511  18.642  -74.446  -22.892 0.6000000238
6003  18.284  -75.312  -21.671 0.6000000238
6512  17.449  -74.325  -23.725 0.6000000238
7092  17.116  -74.049  -22.524 0.5000000000
92575  17.829  -74.440  -22.508 0.6000000238
94941  17.757  -74.652  -21.835 0.6000000238
93080  16.985  -74.021  -23.991 0.5000000000
7829  15.241  -72.509  -22.460 0.5000000000
7828  15.983  -72.829  -22.490 0.5000000000
7093  16.338  -73.707  -22.060 0.6000000238
2683  26.025  -81.816  -30.722 0.6000000238
102437  27.089  -81.151  -30.135 0.6999999881
5511  21.477  -76.104  -22.790 0.5000000000
10691  13.012  -68.832  -28.639 0.6999999881
5498  20.610  -76.139  -22.576 0.6000000238
6498  16.849  -74.483  -21.638 0.6000000238
3071  23.520  -81.526  -26.215 0.3000000119
2618  25.202  -81.465  -25.919 0.4000000060
2634  25.202  -82.528  -28.241 0.3000000119
96861  26.989  -82.968  -27.996 0.4000000060
2656  26.771  -82.554  -29.159 0.4000000060
101752  29.175  -81.321  -28.557 0.4000000060
2655  27.532  -82.454  -28.810 0.3000000119
3111  28.695  -81.360  -29.042 0.5000000000
105468  27.124  -82.304  -29.599 0.5000000000
3121  27.266  -81.716  -30.089 0.5000000000
2669  26.428  -82.037  -30.499 0.5000000000
93711  28.493  -79.803  -29.432 0.6000000238
100094  28.078  -78.850  -27.964 0.6999999881
91275  19.913  -74.423  -22.871 0.6000000238
96623  17.822  -74.558  -25.275 0.5000000000
6496  19.534  -74.830  -22.424 0.6000000238
6497  18.612  -74.732  -22.066 0.6000000238
6528  17.951  -74.652  -24.440 0.5000000000
6529  17.417  -74.315  -24.977 0.5000000000
7110  16.635  -73.342  -22.841 0.5000000000
1084  16.446  -86.416  -15.388 0.4000000060
1093  17.207  -85.861  -15.975 0.4000000060
1094  15.895  -85.616  -15.840 0.5000000000
514  16.149  -88.648  -14.368 0.5000000000
168  15.936  -90.429  -15.069 0.5000000000
106607  15.599  -87.726  -14.696 0.5000000000
750  16.640  -87.598  -14.344 0.5000000000
1424  18.224  -85.619  -16.436 0.4000000060
1425  17.357  -84.608  -16.468 0.5000000000
1158  25.287  -86.140  -25.577 0.3000000119
820  24.518  -86.571  -25.461 0.3000000119
1515  24.766  -85.850  -26.486 0.3000000119
96899  24.446  -85.419  -26.579 0.3000000119
742  17.305  -87.666  -13.704 0.4000000060
505  16.809  -88.360  -13.915 0.5000000000
89454  16.706  -89.235  -13.835 0.5000000000
749  17.585  -87.081  -14.269 0.4000000060
757  16.965  -86.872  -14.783 0.4000000060
1092  18.473  -86.684  -16.201 0.3000000119
756  18.705  -86.939  -16.069 0.3000000119
1757  17.630  -83.561  -17.866 0.4000000060
1102  19.019  -86.697  -16.726 0.3000000119
1437  18.981  -85.124  -16.930 0.4000000060
1438  18.139  -84.424  -16.816 0.5000000000
1101  19.833  -86.291  -17.139 0.3000000119
810  25.044  -86.360  -25.082 0.3000000119
821  23.748  -86.894  -25.213 0.3000000119
1514  25.124  -85.932  -26.235 0.3000000119
1823  25.214  -85.345  -26.213 0.3000000119
103948  24.652  -84.709  -26.285 0.3000000119
741  18.170  -87.006  -13.454 0.3000000119
107117  17.511  -87.637  -13.006 0.4000000060
748  18.603  -86.820  -14.604 0.3000000119
779  20.490  -87.074  -17.240 0.3000000119
1755  19.666  -84.045  -18.806 0.4000000060
1756  18.486  -83.516  -18.609 0.4000000060
1436  19.804  -85.035  -17.818 0.4000000060
1113  20.624  -86.063  -17.691 0.3000000119
93182  25.734  -86.120  -23.532 0.4000000060
91041  25.117  -86.522  -23.918 0.4000000060
1148  24.227  -86.454  -23.936 0.4000000060
91367  22.961  -86.069  -24.074 0.4000000060
1154  26.363  -86.081  -24.193 0.3000000119
1157  25.883  -85.898  -25.031 0.3000000119
1510  26.003  -85.323  -25.350 0.3000000119
2209  25.126  -84.331  -25.743 0.3000000119
2607  24.274  -81.950  -25.203 0.3000000119
106167  20.899  -84.349  -18.741 0.3000000119
1762  18.663  -83.141  -19.462 0.4000000060
1763  18.179  -83.354  -20.025 0.4000000060
98739  21.104  -86.770  -17.554 0.3000000119
1450  20.802  -84.966  -18.433 0.3000000119
100161  21.173  -85.946  -17.932 0.3000000119
1796  19.687  -84.037  -22.892 0.5000000000
1781  26.962  -84.745  -21.650 0.3000000119
1472  26.443  -85.251  -21.951 0.3000000119
1471  27.269  -85.136  -22.067 0.3000000119
1138  25.644  -85.600  -22.960 0.3000000119
1139  25.088  -86.054  -23.327 0.4000000060
93920  23.133  -84.581  -23.489 0.5000000000
1811  21.494  -84.139  -23.601 0.5000000000
1137  26.128  -85.533  -22.996 0.3000000119
1140  24.100  -86.031  -23.628 0.4000000060
1498  23.346  -85.427  -23.703 0.5000000000
1499  22.293  -85.068  -23.884 0.5000000000
1507  26.399  -85.495  -24.669 0.3000000119
1820  26.195  -84.709  -24.941 0.3000000119
2204  25.528  -83.594  -24.848 0.3000000119
2200  25.898  -82.594  -24.267 0.3000000119
2596  25.743  -81.834  -24.443 0.4000000060
1761  20.317  -83.845  -19.123 0.3000000119
2133  19.570  -82.746  -19.569 0.4000000060
1112  21.963  -86.694  -17.603 0.3000000119
104993  21.179  -85.430  -18.189 0.3000000119
1753  21.240  -85.035  -18.366 0.3000000119
2134  18.710  -82.606  -20.262 0.4000000060
1449  21.483  -85.898  -17.837 0.3000000119
2169  18.727  -83.532  -21.801 0.4000000060
2584  19.668  -82.383  -22.497 0.4000000060
2184  19.301  -83.274  -22.449 0.5000000000
2556  27.170  -82.713  -20.817 0.3000000119
2194  21.027  -83.207  -23.262 0.5000000000
2183  20.079  -83.197  -22.930 0.5000000000
1782  26.044  -84.782  -21.578 0.3000000119
104381  22.054  -83.201  -23.375 0.4000000060
2589  21.466  -82.576  -23.163 0.5000000000
1780  27.942  -84.618  -21.795 0.3000000119
1474  25.339  -85.204  -22.152 0.4000000060
1794  24.724  -84.720  -22.222 0.4000000060
1809  23.018  -83.621  -23.245 0.5000000000
1485  27.230  -85.208  -22.652 0.3000000119
1486  24.900  -85.490  -22.818 0.4000000060
1487  24.068  -85.098  -23.172 0.5000000000
1816  27.521  -84.943  -23.973 0.3000000119
98946  27.096  -84.229  -24.097 0.4000000060
2199  26.673  -82.965  -23.870 0.3000000119
2203  26.435  -83.837  -24.460 0.4000000060
2595  26.318  -81.898  -23.955 0.4000000060
4536  21.403  -78.401  -31.648 0.5000000000
2605  26.232  -81.563  -24.492 0.3000000119
1434  23.398  -86.119  -17.126 0.3000000119
1752  21.661  -85.496  -17.856 0.3000000119
2547  19.341  -82.006  -20.302 0.3000000119
1448  22.166  -86.250  -17.550 0.3000000119
2572  19.543  -81.701  -21.914 0.5000000000
2571  20.093  -81.691  -22.429 0.4000000060
3004  27.794  -82.009  -20.897 0.3000000119
2582  21.553  -81.929  -22.936 0.5000000000
1770  26.431  -84.106  -21.268 0.3000000119
2182  22.882  -82.668  -23.019 0.4000000060
2588  22.091  -82.411  -23.141 0.4000000060
1783  25.384  -84.723  -21.654 0.4000000060
2166  24.901  -83.932  -21.213 0.4000000060
2180  24.303  -83.856  -22.057 0.4000000060
2181  23.659  -83.255  -22.541 0.4000000060
1793  27.939  -84.810  -22.375 0.3000000119
1795  23.809  -84.211  -22.832 0.4000000060
2192  28.086  -83.424  -23.258 0.3000000119
2587  28.150  -82.290  -23.232 0.4000000060
2193  27.214  -82.299  -23.581 0.4000000060
4522  21.820  -78.814  -30.665 0.5000000000
3034  26.938  -81.468  -23.942 0.5000000000
5067  22.220  -78.342  -32.480 0.5000000000
1745  22.822  -85.463  -16.910 0.3000000119
4415  13.820  -77.925  -24.810 0.5000000000
3021  21.209  -80.809  -21.782 0.3000000119
92565  20.697  -80.646  -21.102 0.3000000119
4436  13.365  -78.302  -25.482 0.6000000238
3461  28.295  -81.259  -21.066 0.3000000119
3005  26.644  -81.970  -20.727 0.3000000119
3003  28.981  -81.980  -20.623 0.3000000119
2557  26.256  -82.990  -20.708 0.3000000119
2558  25.402  -82.878  -20.516 0.3000000119
3025  22.759  -81.325  -21.944 0.4000000060
3026  21.812  -81.305  -22.382 0.4000000060
95940  17.481  -78.602  -26.841 0.5000000000
4996  10.725  -77.813  -25.446 0.5000000000
107112  25.152  -83.550  -20.736 0.3000000119
2167  24.273  -83.135  -21.468 0.3000000119
3019  23.619  -81.509  -21.092 0.3000000119
98746  18.389  -78.911  -26.760 0.5000000000
1779  28.648  -84.227  -21.826 0.3000000119
1792  28.534  -84.282  -22.356 0.3000000119
4487  20.241  -78.629  -28.140 0.5000000000
2191  28.821  -83.678  -22.645 0.3000000119
5041  20.888  -78.515  -29.540 0.5000000000
97339  29.204  -82.325  -22.892 0.4000000060
4508  21.576  -78.750  -29.673 0.6000000238
3032  28.326  -81.410  -23.605 0.5000000000
4521  22.811  -78.991  -30.759 0.5000000000
3043  28.566  -81.026  -23.944 0.4000000060
3044  27.691  -81.176  -23.960 0.3000000119
4534  24.184  -78.494  -31.916 0.6000000238
92130  30.679  -80.886  -25.866 0.3000000119
3069  29.777  -81.959  -26.179 0.4000000060
2603  28.855  -81.946  -25.573 0.4000000060
91963  26.660  -81.364  -25.239 0.3000000119
5065  24.877  -78.320  -32.264 0.6000000238
5076  23.752  -78.377  -33.303 0.5000000000
3507  30.208  -81.445  -26.211 0.5000000000
99992  28.769  -82.525  -27.192 0.4000000060
4544  24.660  -78.509  -33.322 0.6000000238
3970  30.789  -80.045  -26.408 0.3000000119
94099  30.260  -80.861  -26.542 0.5000000000
3508  29.712  -81.358  -27.038 0.4000000060
3084  29.275  -82.146  -27.117 0.4000000060
3511  30.030  -80.299  -27.299 0.4000000060
94188  29.301  -81.786  -27.899 0.4000000060
3519  29.635  -80.773  -28.319 0.5000000000
4416  12.932  -78.049  -24.736 0.6000000238
4437  12.438  -78.419  -25.346 0.6000000238
3912  28.621  -80.303  -21.268 0.3000000119
3462  27.209  -81.346  -21.185 0.3000000119
3463  26.128  -81.294  -20.951 0.3000000119
98932  26.158  -82.466  -20.644 0.3000000119
4417  12.071  -77.849  -24.713 0.6000000238
4995  11.299  -77.471  -24.889 0.6000000238
3006  25.504  -81.909  -20.457 0.3000000119
2559  24.819  -82.230  -20.400 0.3000000119
5535  10.745  -76.979  -25.295 0.6000000238
102861  30.283  -81.259  -20.585 0.3000000119
2149  24.834  -83.128  -20.647 0.3000000119
2570  24.311  -82.330  -20.852 0.3000000119
5543  10.518  -76.669  -26.257 0.6000000238
2179  29.219  -83.819  -21.888 0.3000000119
6059  11.330  -74.954  -27.117 0.6000000238
6050  10.891  -75.844  -26.694 0.6000000238
6060  10.556  -75.359  -27.616 0.6000000238
6070  10.078  -74.849  -28.750 0.5000000000
3042  29.622  -80.972  -24.045 0.4000000060
3054  30.089  -81.675  -25.219 0.4000000060
99226  30.565  -79.274  -27.579 0.4000000060
3518  30.027  -79.825  -28.380 0.5000000000
92624  28.313  -79.218  -21.555 0.3000000119
3913  27.604  -79.897  -21.558 0.3000000119
104245  27.697  -80.668  -21.368 0.3000000119
3475  26.827  -80.566  -21.437 0.3000000119
3464  25.111  -80.966  -20.395 0.3000000119
98982  24.671  -81.366  -20.343 0.3000000119
4979  12.713  -77.559  -24.129 0.5000000000
3460  29.354  -81.186  -20.729 0.3000000119
5527  11.786  -76.269  -24.582 0.5000000000
103516  11.297  -76.883  -24.747 0.6000000238
3911  29.772  -80.510  -20.949 0.3000000119
2560  24.313  -81.539  -20.401 0.3000000119
101742  11.198  -76.470  -25.087 0.6000000238
3924  30.262  -79.948  -21.218 0.3000000119
5542  11.084  -76.244  -25.862 0.6000000238
91013  30.462  -81.070  -23.584 0.3000000119
101564  30.539  -81.502  -22.927 0.3000000119
6574  10.736  -74.470  -28.269 0.6000000238
7191  10.689  -73.272  -29.939 0.6000000238
92861  11.617  -75.790  -25.528 0.6000000238
6546  12.045  -75.012  -26.250 0.5000000000
102822  11.334  -74.123  -27.865 0.6000000238
6585  10.943  -73.675  -28.913 0.6000000238
7203  10.964  -72.745  -29.968 0.6000000238
7919  10.543  -71.935  -29.250 0.5000000000
6562  12.331  -74.211  -26.484 0.5000000000
6563  11.905  -74.219  -27.160 0.5000000000
7918  11.258  -72.554  -29.449 0.6000000238
9326  10.687  -71.228  -25.240 0.5000000000
9974  11.625  -70.030  -24.889 0.6000000238
9325  11.208  -70.536  -25.633 0.6000000238
9312  10.835  -70.612  -24.727 0.5000000000
9959  10.592  -70.134  -24.538 0.6000000238
7932  11.251  -72.001  -29.292 0.5000000000
8682  11.183  -71.312  -28.822 0.5000000000
8696  10.996  -71.924  -29.458 0.6000000238
9363  11.597  -70.387  -28.411 0.6000000238
9364  10.968  -70.869  -28.021 0.5000000000
8647  10.595  -71.430  -27.409 0.5000000000
9349  11.383  -70.375  -27.204 0.6000000238
9994  11.726  -69.878  -26.264 0.6000000238
9960  10.106  -69.295  -24.907 0.5000000000
11948  8.597  -66.499  -17.058 0.5000000000
7141  12.605  -73.674  -25.991 0.5000000000
7176  11.936  -72.889  -28.685 0.5000000000
8680  11.889  -71.432  -28.816 0.6000000238
12612  7.782  -66.010  -15.720 0.5000000000
12603  7.352  -65.614  -15.130 0.6000000238
11923  8.432  -66.400  -15.936 0.6000000238
11934  7.754  -66.214  -16.463 0.5000000000
11965  9.048  -66.826  -18.095 0.5000000000
11219  9.518  -67.268  -19.134 0.5000000000
11339  9.118  -67.485  -26.423 0.5000000000
10648  9.384  -68.184  -26.025 0.5000000000
88425  9.811  -64.883  -12.460 0.6000000238
89149  9.105  -64.156  -12.612 0.6999999881
88626  9.309  -65.020  -12.989 0.6000000238
100859  8.684  -64.727  -13.260 0.6999999881
13301  8.028  -64.316  -13.420 0.6000000238
13302  7.408  -64.443  -13.897 0.6000000238
88435  9.184  -65.516  -13.749 0.6000000238
11912  9.491  -66.221  -14.585 0.6000000238
88640  8.653  -65.825  -14.533 0.6000000238
100862  8.184  -65.075  -13.969 0.5000000000
13315  7.388  -65.061  -14.464 0.6000000238
11911  10.218  -66.480  -14.710 0.6000000238
11922  8.988  -66.375  -15.266 0.6000000238
12602  8.186  -66.003  -15.173 0.5000000000
12594  7.947  -65.550  -14.625 0.6000000238
101559  9.840  -66.602  -15.325 0.6000000238
91360  10.219  -66.683  -16.834 0.6000000238
11933  9.411  -66.630  -16.220 0.6000000238
11947  9.647  -66.714  -17.391 0.6000000238
11964  10.106  -66.918  -18.396 0.5000000000
11239  9.623  -67.916  -20.010 0.5000000000
103659  9.682  -68.172  -20.760 0.5000000000
11282  9.941  -67.922  -21.575 0.5000000000
11293  8.490  -67.865  -22.757 0.5000000000
88806  8.439  -64.085  -12.993 0.6000000238
14102  7.996  -63.790  -13.046 0.6999999881
11921  10.432  -66.692  -16.095 0.5000000000
11218  10.653  -67.307  -19.264 0.6000000238
100188  10.294  -67.691  -19.808 0.5000000000
11260  10.353  -67.807  -20.567 0.6000000238
11281  10.514  -67.406  -21.232 0.5000000000
12009  10.029  -66.932  -21.844 0.6000000238
11292  9.244  -67.415  -22.271 0.6000000238
88663  11.245  -63.382  -8.509 0.4000000060
15633  7.858  -61.875  -9.870 0.6999999881
103915  6.716  -61.067  -10.061 0.5000000000
88750  7.016  -61.754  -11.414 0.5000000000
88421  11.543  -64.165  -10.300 0.6000000238
88638  11.056  -63.644  -9.849 0.5000000000
88436  7.676  -62.267  -11.457 0.6000000238
88721  7.568  -62.721  -12.207 0.5000000000
88417  12.503  -65.059  -10.818 0.5000000000
14879  8.724  -62.784  -10.891 0.6000000238
105474  8.010  -62.293  -11.003 0.8000000119
88433  9.067  -63.298  -11.961 0.6999999881
88934  8.324  -63.453  -12.510 0.8000000119
14909  7.684  -63.377  -12.814 0.6999999881
11238  11.060  -67.645  -20.011 0.6000000238
11259  11.055  -67.468  -20.572 0.6000000238
14861  10.507  -62.753  -8.157 0.5000000000
15666  6.382  -60.898  -10.476 0.5000000000
100804  13.045  -65.140  -10.239 0.4000000060
104421  12.296  -64.165  -8.924 0.4000000060
94769  13.270  -65.741  -10.986 0.4000000060
88414  13.502  -66.248  -11.951 0.5000000000
88416  14.143  -66.803  -13.528 0.4000000060
16425  6.391  -59.887  -8.409 0.5000000000
16426  5.959  -60.122  -9.036 0.5000000000
101825  11.257  -62.759  -7.740 0.3000000119
14850  10.952  -62.013  -7.533 0.3000000119
15650  6.935  -60.844  -9.048 0.6000000238
105362  13.800  -66.229  -11.369 0.4000000060
100830  14.514  -66.724  -12.746 0.4000000060
88976  14.184  -66.743  -15.032 0.4000000060
16410  7.008  -59.122  -7.312 0.6000000238
88428  14.751  -67.002  -14.310 0.4000000060
15608  13.115  -62.095  -7.881 0.3000000119
90081  11.468  -61.378  -7.549 0.3000000119
15623  11.044  -60.529  -7.449 0.3000000119
16379  10.248  -60.064  -7.088 0.4000000060
100856  15.402  -66.670  -14.344 0.3000000119
88776  15.002  -66.489  -15.057 0.4000000060
88420  15.139  -65.449  -15.466 0.4000000060
16392  11.491  -60.268  -8.308 0.4000000060
16424  7.658  -59.275  -7.281 0.6000000238
17140  7.084  -59.060  -7.434 0.4000000060
16393  10.603  -59.299  -8.121 0.4000000060
15620  13.668  -61.612  -9.055 0.3000000119
15621  12.813  -61.422  -8.372 0.3000000119
17125  9.862  -58.413  -8.518 0.4000000060
17836  9.392  -58.287  -11.224 0.5000000000
107553  10.247  -58.921  -10.737 0.4000000060
17824  9.635  -58.572  -10.711 0.4000000060
19258  11.067  -56.274  -11.915 0.3000000119
19252  10.779  -57.019  -11.591 0.3000000119
95058  10.378  -55.839  -12.414 0.3000000119
98145  9.625  -54.233  -9.770 0.4000000060
19980  11.386  -55.435  -12.172 0.3000000119
3007  23.607  -81.058  -20.525 0.3000000119
3031  29.451  -81.311  -23.552 0.4000000060
17823  10.229  -58.656  -11.020 0.3000000119
12008  10.696  -66.723  -21.227 0.6000000238
22332  8.185  -52.225  -9.726 0.4000000060
88413  12.581  -65.556  -11.604 0.5000000000
2604  27.745  -81.594  -25.360 0.3000000119
2615  29.218  -82.280  -26.469 0.4000000060
7177  11.676  -73.525  -28.238 0.5000000000
1083  17.715  -86.567  -15.597 0.4000000060
758  15.885  -87.001  -14.830 0.5000000000
310  16.310  -89.843  -14.446 0.5000000000
1749  16.767  -83.812  -17.359 0.5000000000
811  24.324  -86.651  -24.751 0.4000000060
91043  18.039  -86.732  -15.235 0.4000000060
1747  18.495  -83.912  -17.572 0.4000000060
1147  25.794  -86.447  -24.007 0.4000000060
802  23.596  -86.697  -24.525 0.4000000060
1149  23.436  -86.540  -24.300 0.4000000060
491  17.302  -88.166  -12.341 0.3000000119
778  21.079  -87.383  -17.218 0.3000000119
89636  18.082  -83.571  -18.898 0.4000000060
1146  26.448  -85.915  -23.683 0.3000000119
1153  26.961  -85.676  -23.916 0.4000000060
107205  19.243  -83.258  -19.239 0.4000000060
2151  18.475  -82.935  -20.957 0.4000000060
1810  22.351  -84.132  -23.536 0.5000000000
5051  20.762  -78.187  -30.667 0.5000000000
1817  26.859  -84.880  -24.425 0.4000000060
1741  21.637  -84.781  -17.967 0.3000000119
2150  18.742  -82.287  -20.940 0.4000000060
2168  19.000  -82.524  -21.724 0.5000000000
2583  20.642  -82.280  -22.914 0.5000000000
2148  25.848  -83.498  -20.862 0.3000000119
96587  27.566  -85.068  -23.126 0.3000000119
1808  27.962  -84.553  -23.181 0.3000000119
106854  22.234  -78.767  -31.452 0.6000000238
3011  19.750  -81.246  -21.279 0.3000000119
2562  19.189  -81.784  -21.184 0.4000000060
2580  23.499  -82.231  -22.058 0.3000000119
92119  20.995  -78.418  -27.937 0.5000000000
3033  27.558  -81.602  -23.643 0.4000000060
3053  30.402  -81.335  -25.573 0.4000000060
3055  29.201  -81.445  -24.742 0.4000000060
3056  28.099  -81.181  -24.425 0.4000000060
3969  31.647  -79.406  -25.670 0.3000000119
3476  25.874  -80.378  -21.233 0.3000000119
6049  11.440  -75.572  -26.290 0.6000000238
3041  30.674  -80.851  -24.441 0.3000000119
4388  30.805  -79.480  -21.782 0.3000000119
8665  10.719  -71.439  -28.496 0.5000000000
15649  7.359  -61.741  -10.582 0.6000000238
14849  11.766  -62.286  -7.578 0.3000000119
15622  11.956  -61.029  -7.887 0.3000000119
4485  22.363  -78.880  -28.788 0.5000000000
95781  21.744  -78.568  -27.867 0.5000000000
5026  29.122  -78.014  -29.155 0.6000000238
7917  11.910  -72.160  -28.835 0.4000000060
8679  12.619  -70.649  -28.763 0.5000000000
95557  10.898  -69.451  -24.435 0.5000000000
10632  13.257  -67.894  -24.977 0.5000000000
10633  12.460  -68.474  -24.478 0.5000000000
10634  11.513  -69.017  -24.461 0.5000000000
10635  10.566  -68.398  -24.763 0.5000000000
11323  10.704  -67.270  -24.742 0.5000000000
95174  9.681  -67.231  -25.849 0.4000000060
104447  12.475  -67.882  -23.895 0.5000000000
99657  11.573  -68.112  -24.227 0.5000000000
12064  8.413  -66.414  -25.974 0.5000000000
11322  11.702  -67.314  -23.901 0.6000000238
12063  9.269  -66.389  -25.766 0.5000000000
12022  8.146  -66.837  -22.826 0.5000000000
92492  10.454  -65.795  -24.532 0.6000000238
12051  7.158  -65.884  -24.684 0.5000000000
12023  7.126  -66.105  -23.251 0.5000000000
12049  10.035  -66.301  -25.229 0.6000000238
12736  8.573  -65.792  -25.370 0.6000000238
12737  7.663  -66.053  -25.399 0.5000000000
12720  11.021  -65.340  -23.770 0.6000000238
12722  9.450  -65.184  -24.567 0.6000000238
12723  8.793  -65.231  -24.748 0.6000000238
12010  8.888  -66.356  -22.160 0.5000000000
13482  7.971  -64.740  -24.427 0.6000000238
97194  7.099  -65.083  -24.260 0.6000000238
14103  7.416  -63.751  -13.354 0.5000000000
100346  9.906  -65.965  -21.636 0.6000000238
13465  7.300  -64.392  -23.714 0.6000000238
12708  6.829  -65.228  -23.404 0.6000000238
12688  7.301  -65.524  -22.569 0.6000000238
12689  6.928  -64.577  -22.785 0.6000000238
17124  10.639  -59.528  -9.996 0.3000000119
3989  29.434  -79.106  -29.412 0.5000000000
4017  25.104  -79.001  -33.303 0.5000000000
4540  24.969  -78.280  -32.660 0.5000000000
95131  24.955  -78.206  -31.828 0.4000000060
4486  21.340  -78.736  -28.753 0.4000000060
107212  23.387  -78.883  -30.097 0.4000000060
4507  22.525  -78.992  -29.849 0.4000000060
4520  23.896  -78.826  -30.835 0.4000000060
4533  24.948  -78.297  -31.333 0.4000000060
5541  28.837  -76.860  -26.121 0.4000000060
4444  28.096  -78.137  -26.001 0.4000000060
5540  29.068  -76.735  -27.228 0.4000000060
107555  28.660  -77.614  -26.836 0.4000000060
4966  27.957  -77.206  -24.803 0.4000000060
13464  8.343  -64.328  -23.966 0.5000000000
14252  7.263  -64.043  -22.943 0.5000000000
14237  7.386  -63.549  -22.332 0.5000000000
14219  7.155  -63.514  -21.800 0.5000000000
12672  7.053  -64.596  -22.013 0.5000000000
13416  7.373  -63.636  -21.087 0.5000000000
14910  7.088  -63.086  -12.900 0.4000000060
13428  7.088  -63.822  -21.699 0.5000000000
12671  7.917  -65.289  -21.865 0.5000000000
5001  28.925  -77.219  -28.235 0.4000000060
4986  28.399  -77.466  -25.562 0.4000000060
311  15.643  -89.477  -14.950 0.4000000060
169  15.418  -90.247  -15.672 0.4000000060
186  13.367  -90.375  -20.500 0.4000000060
515  15.077  -88.267  -14.871 0.4000000060
312  14.902  -89.114  -15.621 0.4000000060
180  13.748  -89.655  -19.676 0.4000000060
328  14.776  -88.835  -19.746 0.4000000060
329  13.943  -89.122  -19.299 0.4000000060
176  13.441  -89.613  -18.990 0.4000000060
759  14.931  -87.226  -15.162 0.5000000000
765  14.449  -87.123  -16.066 0.4000000060
524  14.560  -88.031  -15.745 0.4000000060
325  13.915  -89.074  -18.335 0.4000000060
1085  15.393  -86.411  -15.486 0.5000000000
1095  15.027  -85.840  -16.123 0.5000000000
1086  14.723  -86.522  -15.800 0.5000000000
525  14.330  -87.916  -16.716 0.4000000060
95721  14.447  -88.860  -16.605 0.4000000060
1096  14.626  -86.414  -16.505 0.4000000060
93215  15.575  -87.094  -19.492 0.4000000060
539  14.992  -88.116  -19.250 0.4000000060
543  14.359  -88.553  -18.857 0.4000000060
107089  14.265  -88.417  -18.117 0.4000000060
1114  14.949  -86.361  -18.070 0.5000000000
771  14.608  -87.174  -17.898 0.4000000060
534  14.368  -87.867  -17.603 0.4000000060
93256  14.258  -88.609  -17.472 0.4000000060
1120  15.544  -86.329  -18.988 0.5000000000
780  15.127  -87.270  -18.809 0.4000000060
540  14.602  -87.915  -18.408 0.4000000060
1127  16.806  -86.586  -20.252 0.3000000119
784  17.800  -87.061  -21.200 0.3000000119
1126  17.460  -86.450  -20.678 0.4000000060
1465  16.500  -85.990  -19.667 0.3000000119
1463  17.693  -85.593  -20.556 0.4000000060
1464  17.176  -85.831  -20.040 0.4000000060
790  19.516  -87.221  -22.576 0.3000000119
102677  18.363  -87.025  -21.691 0.4000000060
1125  18.091  -86.372  -21.204 0.4000000060
1133  18.903  -86.506  -21.991 0.4000000060
1477  18.297  -85.291  -21.310 0.4000000060
91977  18.273  -83.982  -21.066 0.3000000119
1119  16.076  -86.710  -19.791 0.3000000119
91672  17.707  -83.995  -19.526 0.3000000119
1772  17.405  -84.886  -19.772 0.4000000060
1132  19.667  -86.676  -22.581 0.4000000060
1771  17.824  -84.490  -20.379 0.3000000119
1476  18.960  -85.451  -22.011 0.4000000060
1797  19.118  -84.045  -22.403 0.4000000060
1784  18.757  -84.540  -21.889 0.4000000060
107151  16.019  -86.124  -19.390 0.4000000060
1456  16.822  -85.117  -19.374 0.4000000060
1488  20.064  -85.868  -23.131 0.4000000060
795  20.197  -86.999  -23.091 0.4000000060
1500  20.995  -85.191  -23.706 0.4000000060
94981  20.145  -84.816  -23.139 0.4000000060
1475  19.409  -85.910  -22.440 0.4000000060
1452  15.379  -85.437  -18.073 0.4000000060
1457  16.082  -85.409  -18.900 0.4000000060
1764  17.281  -84.085  -18.826 0.3000000119
1765  16.584  -84.511  -18.621 0.4000000060
1152  20.871  -86.366  -23.846 0.4000000060
98846  21.849  -86.058  -24.157 0.4000000060
1812  20.504  -84.077  -23.351 0.4000000060
1489  19.446  -84.945  -22.556 0.4000000060
1427  15.569  -85.080  -16.577 0.4000000060
1758  16.857  -83.781  -18.014 0.3000000119
1426  16.410  -84.743  -16.321 0.4000000060
1103  14.921  -85.672  -17.124 0.4000000060
1439  16.041  -84.251  -16.928 0.4000000060
1440  15.527  -84.899  -17.327 0.4000000060
1451  16.033  -84.402  -17.891 0.4000000060
5521  26.128  -76.724  -24.189 0.4000000060
561  19.744  -87.427  -22.950 0.4000000060
766  14.423  -87.154  -16.999 0.4000000060
782  15.388  -87.651  -19.599 0.4000000060
800  25.046  -86.551  -24.286 0.4000000060
801  24.321  -86.596  -24.307 0.4000000060
812  23.637  -86.812  -24.719 0.3000000119
1104  14.641  -86.524  -17.327 0.4000000060
1129  26.589  -85.346  -22.355 0.3000000119
1130  26.005  -85.444  -22.333 0.3000000119
1131  25.511  -85.451  -22.558 0.3000000119
1136  26.671  -85.434  -23.031 0.3000000119
1145  27.105  -85.409  -23.440 0.3000000119
1155  25.582  -86.294  -24.581 0.4000000060
1162  24.500  -86.082  -26.552 0.3000000119
1435  22.692  -86.022  -17.289 0.3000000119
1473  25.790  -85.250  -21.977 0.4000000060
1497  27.426  -85.225  -23.771 0.3000000119
1506  27.007  -85.513  -24.100 0.4000000060
1511  25.650  -85.582  -25.851 0.3000000119
1519  24.146  -85.914  -26.792 0.3000000119
1742  16.787  -84.088  -16.767 0.5000000000
1746  22.170  -85.479  -17.468 0.3000000119
1748  17.518  -83.820  -17.085 0.5000000000
1821  25.813  -84.904  -25.733 0.3000000119
2147  26.859  -83.469  -21.004 0.3000000119
2165  25.571  -84.087  -21.193 0.3000000119
2198  27.553  -83.885  -23.649 0.4000000060
2201  25.140  -82.208  -24.753 0.3000000119
2561  19.632  -81.491  -20.706 0.3000000119
2581  22.460  -81.923  -22.724 0.4000000060
2602  29.619  -82.048  -25.819 0.4000000060
2608  23.582  -82.062  -25.502 0.3000000119
2644  26.405  -82.769  -28.635 0.3000000119
2670  24.472  -83.209  -30.097 0.4000000060
3022  20.266  -81.101  -21.805 0.3000000119
3027  20.891  -81.433  -22.499 0.4000000060
3057  27.143  -81.256  -24.415 0.3000000119
3058  24.443  -81.667  -25.526 0.4000000060
3100  28.827  -81.984  -28.400 0.4000000060
3139  25.147  -81.170  -31.811 0.4000000060
3545  26.337  -81.423  -30.559 0.6999999881
3547  25.737  -80.989  -31.005 0.6999999881
3548  25.242  -80.713  -31.908 0.6999999881
3551  25.107  -79.760  -33.003 0.6000000238
4016  25.282  -79.489  -32.872 0.6000000238
4407  26.173  -78.337  -24.672 0.6000000238
4449  22.368  -78.763  -26.364 0.6999999881
4464  24.773  -78.832  -27.330 0.8000000119
4535  23.138  -78.727  -31.713 0.6000000238
4543  25.217  -78.707  -32.950 0.5000000000
4951  21.183  -77.188  -23.743 0.6000000238
4967  27.371  -77.673  -24.684 0.4000000060
5066  23.389  -78.411  -32.606 0.6000000238
5075  24.663  -78.360  -33.055 0.6000000238
5493  15.767  -76.283  -21.535 0.6999999881
5503  15.396  -76.638  -22.179 0.6999999881
6487  15.705  -75.025  -21.306 0.8000000119
6488  14.946  -74.965  -21.549 0.8000000119
6513  13.125  -74.879  -23.333 0.6000000238
6514  12.738  -75.057  -23.906 0.6000000238
7190  11.259  -73.037  -29.404 0.6000000238
7842  13.653  -72.050  -23.687 0.6000000238
7933  10.993  -72.319  -29.748 0.6000000238
7934  10.736  -72.402  -29.794 0.6000000238
8681  11.430  -71.465  -28.857 0.6000000238
9311  11.372  -69.917  -24.620 0.6000000238
9350  10.868  -70.981  -26.577 0.5000000000
9377  13.500  -69.218  -28.727 0.6999999881
9380  11.862  -70.639  -28.720 0.6000000238
9973  12.017  -69.348  -24.791 0.6000000238
10018  12.777  -69.454  -28.847 0.6999999881
10019  12.171  -69.766  -28.650 0.6999999881
10646  15.635  -68.173  -26.723 0.5000000000
10675  14.388  -68.172  -28.160 0.6000000238
10690  13.490  -68.555  -28.449 0.6000000238
11304  16.314  -67.866  -23.157 0.5000000000
11320  13.485  -67.291  -24.564 0.6000000238
11364  13.512  -67.528  -27.780 0.6000000238
11928  14.522  -65.963  -16.432 0.5000000000
11992  12.005  -66.456  -20.012 0.6999999881
12033  15.648  -66.514  -23.555 0.5000000000
12037  6.833  -65.932  -23.968 0.5000000000
12047  12.720  -67.227  -23.693 0.6999999881
12050  9.355  -65.719  -25.105 0.6000000238
12075  15.184  -66.095  -26.877 0.5000000000
12077  14.411  -66.260  -27.189 0.6000000238
12648  12.303  -65.698  -19.640 0.8000000119
12670  15.255  -65.241  -22.191 0.5000000000
12705  11.870  -64.916  -23.242 0.5000000000
12719  14.586  -64.547  -25.606 0.6000000238
12721  10.043  -65.096  -24.380 0.6999999881
12724  7.792  -65.360  -24.896 0.6000000238
12733  15.200  -65.123  -26.074 0.6999999881
13392  10.971  -63.977  -18.702 0.5000000000
13417  7.208  -63.205  -21.297 0.5000000000
13427  7.547  -64.417  -21.462 0.5000000000
13444  7.014  -63.974  -22.247 0.5000000000
13462  10.165  -64.323  -23.918 0.5000000000
14246  14.853  -62.915  -24.170 0.5000000000
14251  7.762  -63.920  -23.304 0.5000000000
15012  15.071  -62.454  -23.578 0.5000000000
15019  7.854  -62.870  -21.820 0.5000000000
15602  9.311  -60.622  -7.105 0.6000000238
15609  12.335  -61.758  -7.700 0.3000000119
15610  10.555  -60.967  -7.222 0.6000000238
15611  9.645  -61.193  -7.349 0.6000000238
15612  9.055  -61.102  -7.514 0.6000000238
17137  10.126  -58.905  -10.430 0.4000000060
20798  8.858  -53.676  -13.835 0.3000000119
21568  8.993  -53.017  -13.688 0.3000000119
22437  9.466  -52.931  -14.059 0.3000000119
88432  15.038  -66.012  -15.717 0.4000000060
88629  13.949  -65.085  -17.116 0.5000000000
88693  12.403  -64.555  -9.770 0.4000000060
88807  11.755  -63.979  -9.277 0.4000000060
89185  10.805  -66.519  -24.466 0.5000000000
89659  13.650  -64.408  -23.711 0.6000000238
89769  14.147  -66.373  -16.302 0.6000000238
90680  11.774  -64.693  -19.266 0.6999999881
92853  27.540  -82.032  -29.593 0.4000000060
93255  8.258  -62.799  -11.728 0.8000000119
93509  15.958  -67.268  -26.044 0.6000000238
95439  14.024  -65.212  -25.419 0.6000000238
95646  17.904  -76.508  -22.002 0.6999999881
97732  9.009  -66.958  -26.403 0.5000000000
99150  12.043  -70.799  -28.795 0.6000000238
100408  14.396  -65.343  -16.603 0.5000000000
100781  15.415  -66.086  -14.949 0.4000000060
101207  8.690  -60.370  -7.140 0.6000000238
101422  9.807  -65.580  -24.835 0.6000000238
101630  21.493  -86.498  -17.643 0.3000000119
101649  13.995  -67.193  -27.835 0.6000000238
103709  10.675  -59.846  -7.441 0.4000000060
103724  17.332  -76.268  -21.557 0.8999999762
104267  19.881  -76.077  -22.308 0.6000000238
104397  13.376  -71.617  -26.003 0.6000000238
104759  13.394  -64.232  -16.778 0.5000000000
105342  25.693  -81.566  -30.925 0.6000000238
105426  26.494  -79.154  -27.537 0.8000000119
105556  25.567  -80.513  -31.295 0.6999999881
105673  13.505  -66.567  -12.766 0.4000000060
106094  24.933  -78.849  -26.700 0.8000000119
106438  24.471  -78.552  -30.288 0.6000000238
106619  24.260  -78.413  -32.653 0.6000000238
107560  11.917  -64.613  -10.709 0.6999999881
