#!ascii label  , from subject OASIS_0001 vox2ras=TkReg
1085
3989  29.434  -79.106  -29.412 0.5000000000
9944  19.294  -69.756  -23.605 0.6000000238
9934  18.523  -69.312  -23.468 0.6000000238
10602  17.698  -68.894  -23.038 0.6000000238
10603  16.793  -68.401  -22.538 0.6000000238
100546  18.055  -68.834  -21.225 0.6999999881
10588  16.650  -68.256  -21.508 0.6000000238
5510  23.236  -76.014  -23.461 0.5000000000
89136  25.308  -76.100  -23.946 0.6000000238
6028  24.581  -75.483  -23.906 0.6000000238
5509  23.938  -76.288  -23.716 0.5000000000
5520  27.156  -76.904  -24.443 0.5000000000
5521  26.128  -76.724  -24.189 0.4000000060
94239  25.188  -76.937  -23.771 0.5000000000
5522  24.626  -76.228  -23.760 0.6000000238
7110  16.635  -73.342  -22.841 0.5000000000
5025  29.056  -77.077  -29.455 0.4000000060
7840  16.841  -73.278  -23.883 0.5000000000
7841  16.446  -72.281  -23.099 0.5000000000
99398  16.974  -72.234  -23.668 0.6000000238
8603  19.025  -71.011  -24.252 0.6000000238
9294  19.746  -70.540  -23.993 0.6000000238
9943  20.056  -69.898  -23.455 0.6999999881
97648  19.027  -70.104  -24.132 0.6000000238
9933  19.122  -69.363  -22.719 0.6999999881
10601  19.806  -68.916  -22.115 0.6000000238
9921  19.194  -69.120  -21.917 0.6999999881
10584  20.044  -68.274  -21.585 0.6000000238
10585  19.417  -68.687  -21.298 0.6000000238
10586  18.770  -68.881  -21.190 0.6999999881
10567  19.750  -68.001  -20.853 0.6999999881
11290  16.034  -67.852  -22.146 0.6000000238
6011  22.290  -74.859  -22.812 0.5000000000
6010  23.412  -75.105  -23.241 0.6000000238
103056  22.844  -74.775  -23.019 0.5000000000
6027  25.950  -75.629  -24.563 0.6000000238
6525  25.154  -75.303  -24.593 0.6999999881
6009  23.965  -75.570  -23.630 0.6000000238
6025  27.719  -76.244  -24.706 0.4000000060
7123  17.047  -73.886  -24.907 0.5000000000
4499  29.571  -77.887  -29.403 0.5000000000
7850  17.083  -72.976  -24.583 0.5000000000
8614  18.681  -71.521  -24.775 0.6999999881
7849  17.651  -72.505  -25.105 0.6000000238
8613  19.608  -71.495  -24.981 0.6999999881
9306  19.737  -71.141  -24.366 0.6999999881
9293  20.196  -70.474  -24.005 0.6999999881
9931  20.350  -69.326  -22.900 0.6000000238
98935  20.489  -69.805  -23.627 0.6000000238
10600  20.401  -68.459  -22.362 0.6000000238
9932  19.706  -69.402  -22.715 0.6000000238
11289  20.463  -67.606  -22.019 0.6000000238
11278  20.323  -67.420  -21.271 0.6999999881
11990  16.359  -66.836  -20.480 0.6999999881
11280  15.545  -67.088  -21.882 0.5000000000
10568  19.097  -68.361  -20.661 0.6999999881
11257  17.704  -67.923  -20.255 0.6999999881
11279  16.072  -67.559  -21.273 0.6000000238
7119  22.638  -73.092  -24.271 0.5000000000
7107  22.066  -73.526  -23.618 0.5000000000
6509  21.630  -73.998  -23.123 0.5000000000
7105  24.144  -73.895  -24.309 0.6999999881
102959  23.683  -73.886  -23.737 0.6000000238
6039  25.635  -74.967  -25.341 0.5000000000
6526  24.584  -74.754  -24.449 0.6999999881
6507  24.040  -74.657  -23.661 0.6000000238
90904  28.040  -75.623  -25.163 0.4000000060
98580  27.412  -75.510  -24.858 0.4000000060
6026  26.889  -75.955  -24.494 0.5000000000
7140  17.260  -74.138  -25.728 0.5000000000
7866  17.628  -73.103  -26.078 0.5000000000
7886  17.321  -73.886  -26.370 0.5000000000
7867  17.260  -73.548  -25.529 0.5000000000
8626  19.297  -71.693  -25.936 0.6000000238
8625  20.273  -71.341  -25.442 0.6999999881
9321  21.204  -69.798  -25.683 0.6000000238
9305  21.178  -70.084  -24.742 0.6999999881
8612  20.382  -70.884  -24.569 0.6999999881
9970  21.427  -69.261  -24.930 0.6000000238
9955  21.266  -69.435  -24.356 0.6000000238
9292  20.802  -70.062  -24.117 0.6999999881
11317  20.288  -66.590  -24.069 0.6999999881
10629  21.283  -68.775  -24.347 0.6000000238
9942  21.031  -69.218  -23.679 0.6000000238
12020  20.458  -66.178  -22.902 0.6000000238
11303  20.595  -67.420  -23.340 0.6999999881
105596  20.606  -67.831  -22.640 0.6999999881
12685  21.454  -65.729  -22.075 0.6000000238
12019  20.825  -66.205  -22.238 0.6000000238
92049  20.575  -66.709  -22.102 0.6999999881
12657  15.439  -65.229  -21.313 0.6000000238
12005  20.670  -66.667  -21.337 0.6999999881
11236  17.242  -67.149  -20.011 0.6999999881
12006  15.743  -66.769  -21.139 0.6000000238
12654  21.478  -65.823  -20.411 0.6999999881
12004  21.128  -66.142  -21.333 0.6000000238
11987  20.764  -66.377  -20.580 0.8000000119
11989  19.714  -66.899  -19.750 0.6999999881
11234  18.959  -67.187  -19.661 0.6999999881
11235  18.110  -67.269  -19.749 0.6999999881
7120  21.601  -73.250  -24.526 0.6000000238
7136  24.386  -74.178  -25.286 0.6999999881
7862  23.293  -72.912  -25.893 0.6999999881
7118  23.510  -73.292  -24.272 0.6000000238
6541  24.889  -74.759  -25.596 0.6999999881
6540  27.576  -74.911  -25.429 0.4000000060
6038  26.709  -75.059  -25.094 0.5000000000
6543  18.052  -74.616  -25.811 0.5000000000
6527  18.479  -74.680  -25.030 0.5000000000
6561  17.432  -74.143  -26.289 0.5000000000
7865  18.220  -72.510  -26.534 0.6000000238
8644  18.994  -71.912  -27.019 0.6000000238
8627  18.438  -72.102  -25.560 0.6999999881
95582  20.506  -70.851  -26.941 0.6999999881
8643  20.152  -71.428  -26.465 0.6999999881
103246  21.225  -68.938  -25.597 0.6000000238
9345  20.840  -69.915  -26.892 0.6000000238
9346  20.759  -70.723  -26.082 0.6999999881
96013  19.670  -66.182  -25.993 0.6999999881
11335  20.509  -67.290  -25.537 0.6999999881
10662  20.772  -68.142  -26.052 0.6999999881
13413  16.068  -64.370  -20.125 0.6000000238
12044  19.911  -65.782  -24.395 0.6000000238
11336  19.786  -66.204  -24.954 0.6999999881
11316  20.796  -67.643  -24.395 0.6999999881
13424  23.196  -64.969  -21.869 0.6000000238
89282  21.498  -65.590  -22.830 0.6000000238
12701  20.392  -65.775  -23.897 0.6000000238
12032  20.296  -66.274  -23.498 0.6999999881
12656  15.987  -65.202  -20.514 0.6000000238
12668  22.468  -65.299  -21.419 0.6000000238
12686  20.800  -65.804  -22.915 0.6000000238
12645  18.104  -66.082  -18.882 0.6999999881
12646  17.375  -65.748  -19.247 0.6000000238
11980  16.907  -66.272  -19.812 0.6999999881
94377  16.297  -65.959  -20.214 0.6000000238
92895  23.268  -64.856  -21.167 0.5000000000
12653  22.280  -65.381  -20.583 0.6000000238
12642  22.119  -65.339  -19.756 0.8000000119
12644  20.715  -65.988  -19.233 0.8000000119
12634  20.315  -65.766  -18.572 0.8000000119
11977  19.326  -66.628  -19.175 0.8000000119
11978  18.529  -66.683  -19.229 0.6999999881
11979  17.687  -66.572  -19.448 0.6999999881
12655  20.912  -66.022  -19.897 0.8000000119
11988  20.389  -66.475  -19.834 0.8000000119
7847  23.100  -72.869  -25.076 0.6999999881
7848  22.305  -72.882  -25.036 0.6999999881
7138  20.893  -73.503  -25.260 0.6999999881
7121  20.580  -73.833  -24.575 0.6000000238
7156  24.235  -74.281  -26.862 0.6999999881
7139  20.060  -74.076  -25.488 0.6000000238
6558  24.798  -74.567  -26.686 0.6000000238
7122  19.564  -74.416  -24.754 0.5000000000
6542  18.992  -74.618  -25.683 0.5000000000
17206  10.157  -59.339  -17.409 0.6000000238
6560  17.701  -74.320  -26.446 0.5000000000
16492  10.652  -60.250  -17.657 0.5000000000
7162  17.479  -74.036  -26.901 0.5000000000
15715  13.451  -61.676  -17.845 0.6000000238
7901  17.848  -72.789  -27.682 0.6999999881
7885  17.526  -73.558  -27.146 0.6000000238
8661  19.946  -71.396  -27.501 0.6999999881
14956  15.022  -62.513  -18.993 0.6000000238
9990  20.442  -68.901  -27.237 0.6999999881
9360  20.217  -70.535  -27.720 0.6000000238
11350  19.828  -66.849  -26.671 0.6999999881
90954  16.231  -63.438  -19.210 0.6000000238
14173  15.728  -62.947  -18.957 0.6000000238
91530  19.588  -65.308  -25.079 0.6000000238
13390  16.900  -63.980  -18.971 0.6000000238
14191  15.620  -63.093  -19.862 0.6000000238
12716  21.668  -65.337  -24.403 0.6000000238
12700  21.070  -65.522  -23.630 0.6000000238
13389  17.585  -64.572  -18.381 0.6999999881
13401  17.166  -64.858  -19.074 0.6000000238
13402  16.624  -64.400  -19.514 0.6000000238
12684  22.296  -65.358  -22.352 0.6000000238
13368  20.470  -64.658  -17.492 0.6000000238
100055  19.769  -64.760  -17.497 0.6000000238
94016  18.907  -65.564  -18.264 0.6999999881
90161  17.817  -65.374  -18.637 0.6000000238
12647  16.636  -65.254  -19.755 0.6000000238
13387  21.640  -64.804  -18.164 0.6000000238
12621  20.063  -65.264  -17.933 0.8000000119
13400  21.927  -65.119  -18.903 0.6000000238
13388  20.832  -65.093  -18.066 0.6999999881
11960  18.928  -66.133  -18.673 0.8000000119
7883  22.548  -72.811  -26.545 0.6999999881
7884  21.639  -72.808  -26.365 0.6999999881
7864  21.598  -72.907  -25.545 0.6999999881
7157  23.437  -73.498  -26.787 0.6999999881
91059  20.704  -73.367  -26.198 0.6000000238
100364  19.474  -74.260  -26.366 0.6000000238
18565  9.303  -57.396  -17.074 0.6000000238
17866  8.937  -57.972  -16.004 0.6000000238
17884  10.571  -58.152  -17.548 0.6000000238
17872  8.545  -57.645  -16.954 0.6000000238
7161  18.723  -74.263  -27.206 0.6000000238
17205  11.195  -59.323  -17.446 0.5000000000
96337  17.941  -73.157  -28.948 0.6999999881
7902  17.694  -73.400  -28.116 0.6999999881
16489  13.692  -60.827  -17.186 0.4000000060
16490  12.311  -60.888  -17.643 0.5000000000
9361  19.539  -71.148  -28.511 0.6999999881
7915  17.941  -72.828  -28.739 0.8000000119
15714  14.296  -61.574  -17.385 0.5000000000
9375  19.574  -70.207  -28.550 0.6000000238
8662  18.731  -72.040  -28.216 0.6999999881
14948  14.843  -62.262  -17.857 0.6000000238
10663  20.326  -67.991  -27.059 0.6999999881
10003  19.826  -69.319  -28.046 0.6999999881
14154  16.252  -62.851  -17.880 0.6999999881
14155  15.525  -62.617  -18.194 0.6000000238
12074  19.131  -65.365  -26.922 0.6999999881
106738  19.070  -66.183  -27.590 0.6999999881
14153  17.410  -63.229  -17.244 0.5000000000
14172  16.562  -63.410  -18.469 0.6000000238
13494  20.314  -64.637  -25.780 0.6000000238
13478  19.928  -64.729  -25.314 0.6000000238
12059  19.379  -65.235  -25.840 0.6999999881
13371  17.346  -63.832  -17.955 0.6999999881
13477  20.888  -65.043  -25.275 0.6000000238
12717  20.448  -65.282  -24.606 0.6000000238
14151  19.135  -63.753  -16.789 0.5000000000
14152  18.240  -63.669  -17.161 0.6000000238
12699  22.315  -65.377  -23.305 0.6000000238
13347  20.752  -64.079  -16.958 0.6000000238
13348  19.932  -64.116  -16.845 0.5000000000
12623  18.407  -65.073  -18.044 0.6999999881
13366  22.099  -64.028  -17.640 0.6000000238
7900  21.697  -73.043  -27.217 0.6999999881
7159  20.825  -73.262  -27.098 0.6999999881
7160  19.931  -73.946  -27.016 0.6000000238
18557  9.498  -57.610  -16.407 0.4000000060
17860  9.407  -58.918  -15.571 0.5000000000
96168  17.989  -74.080  -27.985 0.6000000238
18574  10.405  -57.201  -17.560 0.5000000000
17867  8.459  -58.628  -15.941 0.6000000238
7188  18.633  -73.683  -28.727 0.6999999881
7202  18.021  -72.848  -29.623 0.6999999881
7175  17.651  -73.888  -27.664 0.6000000238
17204  12.212  -59.848  -17.527 0.5000000000
8678  18.314  -71.795  -29.454 0.6999999881
16488  14.630  -60.865  -16.875 0.4000000060
11384  18.666  -67.238  -29.159 0.6999999881
10688  18.596  -68.210  -29.150 0.6999999881
10017  18.445  -69.407  -29.720 0.6999999881
15708  15.250  -61.594  -16.927 0.6000000238
12099  19.116  -66.182  -28.612 0.6999999881
11375  18.769  -66.701  -29.071 0.6999999881
10687  18.707  -68.252  -28.679 0.6999999881
10016  18.617  -69.115  -28.993 0.6999999881
14938  16.171  -61.827  -16.742 0.5000000000
14947  15.739  -62.285  -17.342 0.5000000000
13519  19.777  -64.564  -26.915 0.6000000238
12085  19.239  -65.806  -27.865 0.6999999881
11362  18.837  -66.483  -28.388 0.6999999881
11361  18.958  -67.026  -27.753 0.6999999881
14946  16.524  -62.436  -17.004 0.5000000000
13493  21.283  -64.822  -25.878 0.5000000000
13506  20.487  -64.625  -26.346 0.6000000238
13507  19.817  -64.572  -26.086 0.6000000238
7174  20.894  -73.314  -27.993 0.6999999881
17858  11.184  -59.007  -15.465 0.4000000060
7187  19.949  -73.633  -28.825 0.6999999881
103305  19.527  -73.851  -27.944 0.6999999881
17180  10.871  -59.849  -15.223 0.4000000060
17181  9.972  -59.834  -15.235 0.6000000238
7930  17.920  -72.478  -30.373 0.8000000119
7201  18.335  -73.140  -29.560 0.6999999881
9393  17.715  -70.878  -30.691 0.6000000238
8695  17.577  -71.866  -30.558 0.6000000238
88439  11.612  -62.558  -14.951 0.6000000238
94206  18.573  -69.109  -29.737 0.6999999881
10030  18.053  -69.967  -30.257 0.6999999881
9392  17.974  -70.191  -30.178 0.6000000238
11383  18.868  -67.100  -29.349 0.6000000238
12098  19.994  -66.003  -28.423 0.6000000238
88422  12.526  -63.442  -15.169 0.5000000000
13518  20.902  -64.847  -27.008 0.6000000238
12753  20.044  -64.965  -27.648 0.6999999881
13517  22.369  -64.999  -27.146 0.5000000000
97002  19.355  -73.170  -29.969 0.6999999881
16463  11.494  -60.588  -15.108 0.4000000060
7212  18.762  -72.704  -30.471 0.8000000119
16464  10.528  -60.722  -15.111 0.5000000000
8700  18.127  -71.749  -31.392 0.8000000119
88792  12.137  -62.467  -14.713 0.4000000060
15686  12.018  -61.839  -14.725 0.4000000060
8701  17.562  -71.727  -31.122 0.6999999881
88434  12.468  -63.071  -14.770 0.4000000060
100741  11.245  -61.921  -14.948 0.5000000000
11382  19.820  -67.342  -29.445 0.6000000238
10703  18.823  -68.009  -29.433 0.6000000238
10034  18.626  -69.789  -30.540 0.6999999881
100908  13.285  -63.560  -14.183 0.4000000060
11373  20.622  -67.014  -28.962 0.6000000238
11374  19.127  -66.560  -29.130 0.6000000238
100906  13.531  -64.069  -14.865 0.4000000060
100754  11.590  -62.924  -15.108 0.6000000238
12766  21.224  -65.816  -27.986 0.6000000238
12752  21.690  -65.336  -27.536 0.5000000000
16451  12.152  -61.180  -14.957 0.4000000060
7211  20.161  -72.905  -30.692 0.8000000119
15665  12.743  -62.326  -14.478 0.4000000060
7939  19.263  -72.423  -31.048 0.6999999881
88826  12.966  -62.933  -14.396 0.4000000060
10033  19.547  -69.828  -31.051 0.6000000238
9397  18.755  -70.486  -31.220 0.6999999881
10702  19.687  -68.076  -29.747 0.6000000238
10705  19.451  -69.006  -30.294 0.6000000238
88586  14.842  -64.212  -13.961 0.4000000060
100733  13.925  -64.124  -14.238 0.4000000060
12097  21.929  -66.716  -28.624 0.6000000238
100732  14.615  -64.623  -14.987 0.4000000060
12765  22.562  -65.950  -28.255 0.4000000060
15684  13.538  -61.581  -14.498 0.4000000060
93231  20.476  -71.979  -31.649 0.6999999881
14894  13.697  -62.762  -13.934 0.4000000060
9395  21.108  -70.416  -31.176 0.6999999881
8699  19.374  -71.274  -31.535 0.6000000238
100727  13.637  -63.331  -13.877 0.4000000060
10701  20.947  -68.200  -29.760 0.6000000238
10704  20.694  -68.897  -30.362 0.6000000238
100868  15.430  -65.168  -14.619 0.4000000060
88612  15.808  -66.148  -14.224 0.3000000119
12096  23.408  -66.628  -29.130 0.4000000060
12764  23.708  -65.805  -28.765 0.4000000060
12095  24.237  -66.506  -29.394 0.4000000060
100740  14.348  -63.651  -13.684 0.4000000060
100734  15.924  -65.199  -13.826 0.4000000060
10700  22.199  -68.231  -29.582 0.6000000238
12104  23.199  -67.260  -29.377 0.6000000238
10699  23.312  -68.325  -29.300 0.6000000238
12102  24.832  -66.891  -29.580 0.4000000060
11380  24.579  -67.336  -29.487 0.5000000000
12763  24.878  -66.010  -29.242 0.4000000060
100875  13.752  -65.525  -10.128 0.3000000119
12767  25.553  -66.764  -29.362 0.4000000060
14089  16.884  -64.069  -13.027 0.4000000060
88728  14.967  -65.626  -9.611 0.3000000119
99122  11.932  -63.084  -7.700 0.4000000060
14890  17.770  -63.080  -13.238 0.4000000060
13284  17.764  -64.910  -11.560 0.4000000060
13265  15.776  -65.156  -9.093 0.3000000119
12543  17.150  -65.256  -9.841 0.3000000119
88584  13.397  -64.922  -9.332 0.3000000119
12530  14.327  -65.299  -9.242 0.3000000119
88688  12.916  -64.214  -8.491 0.3000000119
14078  18.974  -64.077  -11.401 0.4000000060
13275  18.554  -64.507  -10.735 0.4000000060
12559  17.465  -65.417  -10.580 0.4000000060
13248  14.699  -64.778  -8.676 0.3000000119
88747  13.899  -64.543  -8.544 0.3000000119
17106  11.233  -60.032  -9.727 0.4000000060
17136  10.688  -59.245  -10.619 0.3000000119
18512  11.095  -57.766  -11.152 0.3000000119
14044  13.601  -63.647  -8.042 0.3000000119
14045  12.726  -63.384  -7.819 0.3000000119
13262  18.216  -64.170  -10.002 0.4000000060
13276  17.903  -64.884  -10.250 0.4000000060
13264  16.576  -64.866  -9.272 0.3000000119
14057  15.820  -64.370  -8.937 0.3000000119
106735  14.713  -63.329  -8.539 0.3000000119
15622  11.956  -61.029  -7.887 0.3000000119
14846  14.188  -63.052  -8.220 0.3000000119
17123  11.273  -59.880  -10.278 0.3000000119
14847  13.322  -62.846  -7.805 0.3000000119
17813  11.559  -59.229  -10.638 0.4000000060
17822  11.043  -58.740  -10.906 0.3000000119
18511  12.006  -57.365  -10.796 0.3000000119
19251  11.753  -56.696  -11.215 0.3000000119
14055  17.519  -63.617  -9.497 0.4000000060
90386  16.010  -63.467  -9.188 0.4000000060
14858  15.640  -62.734  -9.322 0.3000000119
16407  11.794  -60.413  -9.906 0.4000000060
14859  14.928  -62.791  -8.940 0.3000000119
16391  12.414  -60.814  -8.995 0.3000000119
17122  12.217  -59.910  -10.352 0.4000000060
14856  17.666  -62.722  -9.502 0.4000000060
92794  15.913  -62.037  -9.569 0.4000000060
92216  15.060  -62.065  -9.558 0.4000000060
15619  14.403  -61.376  -9.525 0.4000000060
14860  14.371  -62.199  -9.076 0.3000000119
16390  13.232  -60.879  -9.551 0.3000000119
17105  12.521  -60.532  -9.991 0.3000000119
17121  13.228  -59.199  -10.243 0.3000000119
17811  13.384  -58.194  -10.264 0.5000000000
17812  12.499  -58.750  -10.499 0.4000000060
18499  12.651  -57.695  -10.525 0.4000000060
19969  11.961  -55.824  -11.638 0.3000000119
95282  16.357  -61.173  -9.474 0.4000000060
95217  15.377  -61.275  -9.570 0.4000000060
16388  14.926  -60.557  -9.562 0.3000000119
17103  14.009  -59.519  -9.818 0.3000000119
100072  14.339  -57.828  -10.069 0.3000000119
18498  14.316  -57.059  -10.267 0.3000000119
106132  13.781  -61.117  -9.495 0.3000000119
16389  14.014  -60.514  -9.646 0.3000000119
98821  13.540  -57.189  -10.390 0.3000000119
17104  13.206  -60.136  -10.041 0.3000000119
18510  12.650  -56.857  -10.750 0.3000000119
19979  12.194  -55.050  -11.857 0.3000000119
96157  18.583  -61.228  -9.692 0.3000000119
16385  17.861  -60.805  -9.482 0.3000000119
16386  16.964  -60.331  -9.411 0.3000000119
17101  16.393  -59.518  -9.519 0.3000000119
100418  15.405  -57.815  -9.862 0.3000000119
19235  14.811  -56.598  -10.524 0.3000000119
16387  15.829  -60.332  -9.523 0.3000000119
17796  15.924  -58.698  -9.633 0.3000000119
17797  14.848  -58.804  -9.688 0.3000000119
18497  14.880  -57.260  -10.173 0.3000000119
19953  14.162  -55.930  -10.965 0.3000000119
19249  13.380  -56.371  -10.822 0.3000000119
19968  13.265  -55.644  -11.230 0.3000000119
19250  12.610  -56.129  -11.178 0.3000000119
93421  12.610  -55.495  -11.496 0.3000000119
16405  19.480  -60.296  -10.256 0.3000000119
17099  17.831  -59.963  -9.531 0.3000000119
17100  17.182  -59.526  -9.485 0.3000000119
17810  16.477  -57.859  -9.810 0.3000000119
96317  15.499  -57.070  -10.224 0.3000000119
20761  13.838  -55.081  -11.364 0.3000000119
19978  12.986  -54.922  -11.618 0.3000000119
20787  12.069  -53.897  -12.816 0.3000000119
19234  15.668  -56.403  -10.522 0.3000000119
19952  15.065  -55.877  -10.838 0.3000000119
20777  13.520  -54.176  -11.789 0.3000000119
20778  12.551  -54.343  -12.126 0.3000000119
90639  12.853  -53.597  -12.439 0.3000000119
19966  15.378  -55.284  -11.027 0.3000000119
97232  15.046  -54.799  -11.250 0.3000000119
20760  14.431  -54.548  -11.466 0.3000000119
19965  16.109  -55.326  -10.981 0.3000000119
94744  15.672  -54.739  -11.283 0.3000000119
20759  15.110  -54.253  -11.509 0.3000000119
20776  14.411  -53.783  -11.776 0.3000000119
21543  13.649  -53.231  -12.161 0.3000000119
21552  13.047  -52.907  -12.741 0.3000000119
21553  12.321  -53.104  -13.309 0.3000000119
5040  29.310  -78.021  -29.162 0.5000000000
9922  18.425  -69.149  -22.082 0.6999999881
11258  16.837  -67.805  -20.610 0.6999999881
5534  28.447  -76.542  -25.293 0.4000000060
5039  29.328  -77.148  -29.680 0.5000000000
10614  20.773  -68.553  -23.057 0.6000000238
7916  17.979  -72.582  -29.742 0.8000000119
7189  17.927  -73.461  -28.577 0.6999999881
9376  18.646  -70.368  -29.495 0.6000000238
13505  21.772  -64.905  -26.487 0.5000000000
10674  18.597  -67.283  -28.718 0.6999999881
88426  13.091  -63.671  -14.552 0.4000000060
13504  23.114  -64.707  -26.682 0.5000000000
11372  22.075  -67.501  -29.212 0.6000000238
12751  23.082  -65.260  -27.865 0.4000000060
10032  20.434  -69.606  -31.021 0.6000000238
92412  21.744  -68.975  -30.054 0.6000000238
11381  23.867  -67.598  -29.478 0.4000000060
13290  17.631  -64.296  -12.336 0.4000000060
15618  16.931  -61.955  -9.481 0.3000000119
17118  18.600  -59.635  -9.901 0.3000000119
8693  22.500  -71.842  -30.735 0.5000000000
8697  22.032  -71.992  -31.337 0.5000000000
7942  21.452  -72.579  -31.493 0.6999999881
102280  22.092  -73.501  -31.153 0.6999999881
7200  20.466  -73.290  -29.734 0.6000000238
101276  21.385  -71.375  -31.300 0.5000000000
8698  20.647  -71.234  -31.488 0.6000000238
7938  20.395  -72.438  -31.323 0.6000000238
103979  22.963  -73.792  -28.407 0.6000000238
7158  22.734  -73.398  -27.485 0.6000000238
7209  22.855  -73.575  -31.246 0.6999999881
7185  22.498  -73.733  -29.404 0.6000000238
7198  22.340  -73.732  -30.631 0.6999999881
96536  21.612  -73.428  -29.893 0.6000000238
7173  21.986  -73.361  -28.212 0.6000000238
9390  22.016  -71.055  -29.839 0.5000000000
6594  24.775  -74.267  -30.715 0.6999999881
6595  24.196  -74.308  -30.247 0.6999999881
6572  24.525  -74.461  -28.533 0.6000000238
94136  23.805  -74.053  -27.833 0.6000000238
7208  23.913  -73.555  -31.258 0.6000000238
7197  23.432  -74.085  -30.485 0.6999999881
6584  23.730  -74.226  -29.238 0.6000000238
7935  24.584  -73.220  -31.326 0.6000000238
9374  22.565  -70.749  -28.937 0.5000000000
9391  21.829  -70.205  -30.536 0.5000000000
7206  25.181  -73.507  -31.126 0.6999999881
6583  24.610  -74.391  -29.648 0.6000000238
7172  24.695  -74.550  -27.581 0.6000000238
9359  22.968  -70.328  -28.081 0.5000000000
96751  22.273  -70.156  -29.676 0.5000000000
10672  23.460  -69.022  -27.727 0.5000000000
98171  22.692  -69.853  -28.879 0.5000000000
10671  23.956  -68.477  -27.222 0.4000000060
10615  17.923  -68.917  -24.208 0.4000000060
9945  18.382  -69.482  -24.149 0.5000000000
9295  18.383  -70.410  -24.231 0.5000000000
10686  23.380  -68.824  -28.992 0.5000000000
8598  15.717  -71.883  -22.805 0.6000000238
8615  17.874  -71.612  -24.113 0.5000000000
8604  17.244  -71.304  -23.655 0.5000000000
9956  17.788  -69.056  -24.520 0.5000000000
9307  18.052  -69.648  -24.383 0.5000000000
9308  17.338  -69.440  -24.554 0.5000000000
9296  17.375  -70.452  -23.963 0.5000000000
8605  16.419  -71.237  -23.327 0.5000000000
10698  24.170  -67.983  -29.298 0.5000000000
11349  24.440  -67.858  -26.435 0.4000000060
10685  24.112  -68.279  -28.633 0.4000000060
11360  24.583  -67.812  -27.895 0.4000000060
12007  15.376  -66.156  -21.577 0.5000000000
104488  16.911  -69.160  -25.015 0.5000000000
13414  15.481  -64.308  -20.966 0.5000000000
99028  15.293  -63.444  -21.485 0.5000000000
14218  15.397  -62.983  -22.568 0.5000000000
12670  15.255  -65.241  -22.191 0.5000000000
11371  24.814  -67.673  -29.111 0.4000000060
14203  15.516  -63.380  -20.583 0.5000000000
88868  15.199  -62.590  -21.714 0.5000000000
14976  15.063  -62.501  -20.880 0.5000000000
89703  14.942  -61.658  -21.992 0.5000000000
14990  15.157  -62.106  -22.553 0.5000000000
103438  15.232  -62.320  -23.085 0.4000000060
14977  14.677  -61.861  -21.012 0.5000000000
14991  14.408  -61.314  -22.248 0.6000000238
15013  15.017  -61.684  -22.889 0.6000000238
14966  15.062  -62.531  -19.967 0.5000000000
106481  13.174  -61.427  -20.213 0.5000000000
15743  13.835  -61.515  -20.776 0.5000000000
15757  13.647  -60.962  -21.860 0.6000000238
14992  13.864  -61.050  -22.185 0.6000000238
15014  14.398  -61.546  -22.617 0.6000000238
14247  14.306  -62.840  -23.949 0.5000000000
14248  13.425  -63.257  -23.247 0.5000000000
13442  12.258  -63.768  -22.777 0.5000000000
14958  14.445  -62.184  -19.869 0.5000000000
15724  13.477  -61.986  -19.125 0.5000000000
15733  12.489  -61.453  -19.623 0.5000000000
15744  12.929  -60.916  -21.016 0.5000000000
15725  11.508  -61.345  -18.812 0.6000000238
15758  12.698  -60.959  -21.558 0.6000000238
15015  13.399  -61.472  -22.302 0.6000000238
14231  13.931  -62.342  -23.008 0.6000000238
14232  12.876  -62.765  -22.577 0.5000000000
14205  7.346  -62.933  -20.608 0.5000000000
13443  10.932  -64.020  -23.014 0.5000000000
15723  14.048  -62.118  -18.159 0.5000000000
16500  11.700  -61.291  -18.065 0.5000000000
16501  10.887  -61.117  -18.064 0.6000000238
99582  10.135  -60.516  -18.112 0.6000000238
16502  9.475  -60.294  -19.233 0.6000000238
16518  10.917  -60.703  -20.713 0.6000000238
16512  9.890  -60.172  -20.038 0.6000000238
15759  11.563  -60.872  -21.182 0.6000000238
15760  10.437  -60.914  -20.989 0.6000000238
99731  12.391  -62.127  -22.154 0.6000000238
15016  11.426  -62.404  -21.884 0.5000000000
14233  11.772  -63.209  -22.349 0.5000000000
14234  10.604  -63.421  -22.471 0.5000000000
15018  9.037  -62.828  -21.894 0.5000000000
14235  9.425  -63.459  -22.650 0.5000000000
15019  7.854  -62.870  -21.820 0.5000000000
104590  9.943  -59.916  -17.679 0.6000000238
16493  9.233  -59.907  -18.133 0.6000000238
16504  7.524  -59.822  -18.613 0.6000000238
16505  6.881  -59.715  -18.074 0.6000000238
16513  9.038  -60.296  -19.682 0.6000000238
16519  9.530  -60.332  -20.129 0.6000000238
91603  7.938  -60.324  -19.377 0.6000000238
15761  9.402  -61.338  -20.915 0.5000000000
104799  9.003  -60.961  -20.352 0.5000000000
14995  9.824  -61.811  -21.455 0.5000000000
15748  7.445  -61.732  -19.942 0.5000000000
14960  7.346  -61.611  -19.264 0.6000000238
14997  7.752  -62.368  -21.140 0.5000000000
14206  7.394  -62.588  -20.674 0.5000000000
14967  7.418  -62.294  -20.039 0.5000000000
14192  8.871  -63.422  -19.387 0.5000000000
98665  6.861  -59.594  -17.418 0.6000000238
15710  7.197  -60.683  -17.269 0.6000000238
15717  6.792  -60.913  -17.989 0.6000000238
15736  7.305  -60.975  -19.251 0.6000000238
14959  7.611  -62.249  -19.272 0.6000000238
14176  8.447  -62.886  -19.065 0.5000000000
16472  8.568  -60.356  -16.046 0.6000000238
14950  7.458  -61.642  -18.477 0.6000000238
14157  9.521  -62.960  -17.924 0.6000000238
14175  9.319  -63.214  -18.595 0.5000000000
100811  10.489  -61.446  -15.277 0.6000000238
101920  9.289  -60.777  -15.707 0.6000000238
14929  10.046  -61.996  -16.226 0.6000000238
14939  9.557  -62.289  -16.813 0.6000000238
14158  8.329  -62.040  -17.779 0.6000000238
14156  10.211  -63.592  -17.949 0.5000000000
100787  10.626  -62.511  -15.830 0.6000000238
101260  10.285  -62.551  -16.461 0.6000000238
88431  11.593  -63.206  -15.713 0.6000000238
14139  10.197  -62.801  -17.242 0.6000000238
88438  11.570  -63.570  -16.601 0.6000000238
100801  12.636  -64.030  -17.128 0.5000000000
88437  13.495  -63.931  -15.918 0.4000000060
7186  21.225  -73.328  -28.962 0.6000000238
7199  21.419  -73.329  -30.701 0.6999999881
10029  21.397  -69.586  -30.634 0.5000000000
10015  22.593  -69.143  -29.616 0.5000000000
10002  23.451  -69.708  -27.282 0.5000000000
107436  23.079  -69.597  -28.098 0.5000000000
9297  16.290  -70.331  -23.731 0.6000000238
15734  11.603  -60.799  -20.560 0.6000000238
96567  10.470  -60.618  -19.402 0.6000000238
14994  11.034  -61.536  -21.418 0.6000000238
15762  8.331  -61.679  -20.737 0.5000000000
15709  8.187  -61.275  -16.803 0.6000000238
15716  7.730  -61.427  -17.571 0.6000000238
100852  10.839  -63.103  -16.278 0.6000000238
13349  10.827  -63.519  -17.154 0.6000000238
94970  30.051  -78.930  -28.955 0.4000000060
4460  31.361  -78.509  -27.256 0.5000000000
5013  31.409  -77.616  -28.013 0.5000000000
4461  30.669  -78.293  -28.263 0.4000000060
4478  30.154  -77.970  -29.129 0.4000000060
5012  32.553  -77.266  -27.429 0.5000000000
5000  32.287  -77.973  -26.914 0.5000000000
5023  30.757  -76.923  -29.344 0.5000000000
5024  30.059  -77.175  -29.900 0.5000000000
5550  31.648  -76.713  -28.485 0.5000000000
5557  30.025  -76.297  -30.385 0.5000000000
5038  29.825  -76.705  -30.100 0.4000000060
5565  30.030  -76.182  -30.422 0.4000000060
5555  31.911  -75.934  -29.023 0.5000000000
5556  30.793  -76.162  -29.670 0.5000000000
6067  30.736  -75.748  -29.681 0.5000000000
5564  30.062  -76.024  -30.463 0.5000000000
6072  29.973  -76.065  -30.505 0.5000000000
5558  29.553  -76.330  -29.815 0.4000000060
6557  25.348  -74.720  -26.381 0.5000000000
6556  26.217  -74.533  -26.026 0.4000000060
7135  27.092  -74.282  -25.903 0.4000000060
6539  28.274  -74.959  -25.793 0.4000000060
6037  28.611  -75.768  -25.786 0.4000000060
6068  30.081  -75.842  -30.260 0.5000000000
6048  29.127  -76.115  -26.521 0.4000000060
95455  29.316  -76.027  -27.679 0.4000000060
5551  29.115  -76.433  -28.713 0.4000000060
6057  30.046  -75.414  -29.471 0.4000000060
6069  29.970  -75.923  -30.283 0.5000000000
7134  27.919  -74.173  -25.975 0.4000000060
6555  29.020  -75.179  -26.250 0.4000000060
97923  30.933  -75.295  -29.326 0.4000000060
6047  29.586  -75.417  -27.158 0.4000000060
6569  30.785  -74.736  -28.193 0.4000000060
6570  30.172  -74.998  -27.741 0.4000000060
6058  29.614  -75.628  -28.978 0.4000000060
7155  25.098  -74.654  -27.438 0.5000000000
7154  25.757  -74.185  -27.225 0.4000000060
97928  26.674  -73.702  -26.601 0.4000000060
7153  27.480  -73.402  -26.405 0.4000000060
102770  28.380  -73.322  -26.341 0.4000000060
7152  28.748  -74.232  -26.203 0.4000000060
6554  29.589  -74.541  -26.650 0.4000000060
7169  30.861  -73.674  -27.503 0.4000000060
6553  30.239  -74.070  -27.055 0.4000000060
101639  25.007  -74.727  -28.164 0.5000000000
7171  25.394  -74.410  -28.399 0.5000000000
6571  25.139  -74.392  -29.086 0.6000000238
7882  27.911  -72.664  -26.859 0.4000000060
7881  28.791  -72.581  -26.843 0.4000000060
7880  29.702  -72.475  -26.960 0.4000000060
7150  30.250  -73.240  -26.882 0.4000000060
7170  26.251  -73.655  -28.614 0.4000000060
7184  25.893  -73.864  -29.765 0.5000000000
7899  27.084  -72.909  -28.348 0.4000000060
7911  27.706  -72.440  -29.535 0.4000000060
7898  27.759  -72.486  -27.869 0.4000000060
103864  28.442  -72.347  -27.433 0.4000000060
7195  26.279  -73.262  -30.521 0.6000000238
6582  25.221  -74.194  -30.280 0.6000000238
7925  28.054  -71.951  -29.996 0.4000000060
7941  22.286  -72.644  -31.507 0.5000000000
17207  9.099  -59.222  -17.426 0.5000000000
17187  7.497  -59.341  -16.525 0.5000000000
99281  10.187  -61.025  -15.176 0.5000000000
17873  7.855  -58.025  -16.929 0.5000000000
16466  9.208  -60.356  -15.618 0.5000000000
17888  7.404  -58.639  -17.019 0.5000000000
104352  26.554  -73.359  -27.452 0.4000000060
101620  27.172  -72.852  -27.076 0.4000000060
7151  29.431  -73.452  -26.524 0.4000000060
7912  26.963  -73.124  -30.073 0.6000000238
7910  28.515  -72.157  -29.001 0.5000000000
10625  27.226  -68.817  -24.081 0.3000000119
9968  27.092  -69.755  -25.430 0.3000000119
9969  26.183  -69.884  -25.214 0.3000000119
9953  26.677  -69.324  -24.662 0.3000000119
11300  28.304  -67.323  -23.356 0.3000000119
10610  27.767  -68.158  -23.613 0.3000000119
9341  26.286  -70.793  -26.803 0.4000000060
9342  25.492  -70.802  -26.620 0.4000000060
9952  27.549  -69.272  -24.859 0.3000000119
9343  24.651  -70.512  -26.557 0.4000000060
89922  25.057  -70.304  -25.964 0.4000000060
8660  22.997  -71.068  -28.359 0.4000000060
8677  22.643  -71.399  -29.340 0.4000000060
10624  28.185  -68.765  -24.377 0.3000000119
9320  25.166  -69.697  -25.395 0.3000000119
9344  23.919  -70.163  -26.713 0.4000000060
10612  26.234  -68.022  -23.837 0.3000000119
10643  24.946  -68.845  -25.049 0.3000000119
8640  26.470  -70.794  -28.283 0.4000000060
8673  26.217  -71.294  -29.400 0.4000000060
7913  25.360  -72.374  -30.374 0.4000000060
105705  24.230  -72.363  -30.115 0.4000000060
9986  27.507  -70.070  -26.398 0.4000000060
8641  25.835  -71.084  -27.497 0.4000000060
8657  25.506  -71.353  -28.232 0.4000000060
8675  24.467  -71.873  -29.117 0.4000000060
95976  27.925  -69.597  -25.729 0.3000000119
8642  25.114  -71.221  -27.272 0.4000000060
7937  22.858  -72.570  -31.443 0.4000000060
9967  28.237  -69.206  -25.188 0.3000000119
8659  23.842  -71.323  -28.124 0.4000000060
8692  23.295  -72.157  -30.277 0.4000000060
10623  29.055  -68.451  -24.575 0.3000000119
9358  23.462  -70.495  -27.575 0.4000000060
10661  23.671  -69.032  -26.888 0.4000000060
9389  27.470  -70.944  -30.328 0.4000000060
7927  26.732  -72.651  -30.403 0.4000000060
9372  27.697  -70.538  -30.018 0.4000000060
9373  26.997  -70.810  -29.791 0.4000000060
8690  27.120  -71.602  -30.363 0.4000000060
7928  25.878  -72.965  -30.835 0.4000000060
9984  29.058  -69.588  -27.518 0.3000000119
9339  27.734  -70.075  -27.650 0.4000000060
10640  30.178  -68.582  -25.719 0.3000000119
10641  29.372  -68.778  -25.440 0.3000000119
7914  24.155  -72.745  -31.232 0.4000000060
10622  29.802  -68.051  -24.937 0.3000000119
11334  24.756  -67.740  -25.614 0.3000000119
10644  24.491  -68.377  -25.608 0.3000000119
7936  23.759  -72.910  -31.422 0.4000000060
92634  25.022  -72.879  -31.104 0.4000000060
7196  25.634  -73.670  -30.680 0.4000000060
7926  27.511  -72.095  -30.230 0.4000000060
9319  25.838  -70.442  -25.873 0.3000000119
10626  26.400  -68.727  -24.157 0.3000000119
10611  26.905  -68.145  -23.613 0.3000000119
9340  27.032  -70.498  -27.206 0.4000000060
98039  24.398  -69.869  -26.027 0.4000000060
9357  24.272  -70.880  -27.319 0.4000000060
8676  23.437  -71.766  -29.036 0.4000000060
9987  24.413  -69.173  -25.716 0.4000000060
9356  27.288  -70.455  -28.702 0.4000000060
8691  26.294  -72.164  -30.406 0.4000000060
8674  25.438  -71.754  -29.354 0.4000000060
9985  28.260  -69.798  -26.816 0.3000000119
8658  24.782  -71.524  -28.107 0.4000000060
9966  28.788  -69.380  -25.993 0.3000000119
10001  27.983  -70.065  -29.134 0.4000000060
104643  28.353  -69.834  -28.017 0.3000000119
10659  29.653  -69.115  -26.492 0.3000000119
3492  31.503  -80.450  -23.954 0.3000000119
92289  31.267  -80.791  -23.521 0.3000000119
3491  32.742  -80.414  -23.358 0.3000000119
3501  31.629  -80.138  -24.394 0.3000000119
3041  30.674  -80.851  -24.441 0.3000000119
3955  33.346  -79.736  -23.381 0.3000000119
3945  33.468  -80.052  -22.655 0.3000000119
3483  32.353  -80.928  -22.930 0.3000000119
3964  33.694  -79.185  -23.945 0.3000000119
3965  32.358  -79.651  -24.418 0.3000000119
3502  30.955  -80.626  -25.012 0.3000000119
99226  30.565  -79.274  -27.579 0.3000000119
4395  33.695  -79.205  -22.725 0.3000000119
101441  33.442  -79.941  -22.257 0.3000000119
4406  34.414  -78.462  -23.474 0.3000000119
3944  33.915  -79.161  -23.131 0.3000000119
3482  33.019  -80.788  -22.455 0.3000000119
3969  31.647  -79.406  -25.670 0.3000000119
4442  31.916  -78.579  -26.164 0.3000000119
3974  31.225  -79.146  -26.613 0.3000000119
4422  34.582  -78.046  -24.188 0.3000000119
101134  33.924  -78.481  -24.541 0.3000000119
4985  34.047  -77.842  -25.251 0.3000000119
98380  32.906  -78.195  -25.723 0.3000000119
4999  33.290  -77.569  -26.433 0.3000000119
5549  32.804  -76.640  -27.999 0.4000000060
2555  29.727  -82.844  -20.638 0.3000000119
1768  28.590  -83.997  -21.446 0.3000000119
3029  32.486  -81.302  -22.123 0.3000000119
3030  31.507  -81.360  -22.683 0.3000000119
3936  32.222  -79.887  -21.690 0.3000000119
3923  31.526  -80.504  -21.188 0.3000000119
3459  31.110  -81.774  -20.475 0.3000000119
2554  30.683  -82.602  -20.719 0.3000000119
2145  29.235  -83.537  -21.022 0.3000000119
4401  33.039  -78.729  -22.736 0.3000000119
3922  32.475  -80.612  -21.567 0.3000000119
3018  31.709  -81.828  -20.932 0.3000000119
2178  29.930  -83.436  -21.351 0.3000000119
2163  30.056  -83.396  -20.965 0.3000000119
3935  33.076  -80.261  -21.912 0.3000000119
3480  32.817  -80.946  -21.901 0.3000000119
3024  31.822  -81.848  -21.654 0.3000000119
2579  30.484  -82.864  -21.572 0.3000000119
2578  31.116  -82.211  -21.997 0.3000000119
3966  31.242  -80.113  -25.292 0.3000000119
4396  33.056  -79.564  -22.199 0.3000000119
4423  32.717  -78.910  -25.073 0.3000000119
3003  28.981  -81.980  -20.623 0.3000000119
99363  30.158  -82.249  -22.460 0.3000000119
3910  30.840  -80.906  -20.702 0.3000000119
3017  32.171  -81.447  -21.584 0.3000000119
2569  31.165  -82.416  -21.157 0.3000000119
2586  29.741  -83.229  -22.063 0.3000000119
7924  33.489  -71.848  -29.600 0.3000000119
7182  32.759  -73.567  -30.083 0.3000000119
6581  31.905  -74.433  -29.644 0.4000000060
8669  32.733  -71.208  -29.086 0.3000000119
7909  32.042  -71.820  -28.472 0.4000000060
7183  32.250  -72.848  -28.924 0.4000000060
7894  31.602  -72.587  -28.024 0.4000000060
6568  31.411  -74.262  -28.602 0.3000000119
7895  30.703  -72.504  -27.420 0.4000000060
97898  34.973  -71.105  -29.801 0.3000000119
8684  34.614  -71.729  -29.817 0.3000000119
91456  33.572  -72.843  -30.016 0.4000000060
104896  32.373  -74.072  -30.114 0.3000000119
89718  31.690  -75.192  -29.439 0.3000000119
100341  34.237  -70.986  -29.839 0.3000000119
9383  33.270  -70.211  -29.662 0.3000000119
8686  33.092  -70.714  -29.569 0.3000000119
9368  32.204  -70.364  -29.558 0.3000000119
9385  31.317  -69.771  -29.797 0.3000000119
9369  31.617  -70.615  -29.267 0.3000000119
8670  31.110  -71.109  -28.707 0.4000000060
8652  31.201  -71.832  -27.947 0.4000000060
9370  30.542  -70.342  -29.727 0.3000000119
8671  30.152  -70.819  -29.462 0.4000000060
7896  29.923  -71.792  -27.558 0.4000000060
8688  28.513  -71.407  -30.232 0.3000000119
8672  29.274  -71.004  -30.276 0.4000000060
8654  29.865  -71.398  -28.433 0.4000000060
7897  29.281  -71.907  -27.671 0.4000000060
9388  28.036  -70.816  -30.411 0.3000000119
97477  27.936  -71.511  -30.324 0.3000000119
8651  38.047  -72.121  -27.004 0.3000000119
7892  37.768  -72.309  -27.327 0.3000000119
7166  37.083  -73.160  -27.496 0.3000000119
7180  36.237  -73.571  -28.153 0.3000000119
8668  35.957  -71.219  -29.227 0.3000000119
94784  36.252  -72.130  -28.896 0.3000000119
7921  35.631  -72.551  -29.318 0.3000000119
89836  35.234  -73.880  -28.789 0.3000000119
10020  34.760  -69.424  -29.467 0.3000000119
9381  35.257  -70.327  -29.497 0.3000000119
8683  35.379  -71.876  -29.603 0.3000000119
7922  34.944  -72.515  -29.818 0.3000000119
7181  34.350  -73.987  -29.961 0.3000000119
6579  33.538  -74.937  -29.310 0.3000000119
6066  32.719  -75.431  -29.181 0.3000000119
6056  33.049  -76.070  -28.358 0.3000000119
9382  34.200  -70.078  -29.538 0.3000000119
9387  29.532  -70.177  -30.553 0.3000000119
10027  29.275  -70.161  -30.602 0.3000000119
9371  28.590  -70.211  -30.319 0.3000000119
8689  27.655  -71.378  -30.369 0.3000000119
8635  37.909  -71.378  -26.928 0.3000000119
8666  37.754  -71.895  -27.611 0.3000000119
7906  37.266  -72.481  -27.932 0.3000000119
99912  36.821  -70.848  -28.691 0.3000000119
5011  33.460  -76.907  -26.888 0.3000000119
9335  37.467  -70.660  -26.555 0.3000000119
9355  38.167  -70.687  -27.141 0.3000000119
10009  38.450  -70.076  -27.261 0.3000000119
9365  37.858  -70.954  -27.938 0.3000000119
8667  37.059  -71.658  -28.455 0.3000000119
10011  36.033  -69.521  -29.087 0.3000000119
9334  38.191  -70.339  -26.752 0.3000000119
9333  38.750  -69.891  -26.905 0.3000000119
99830  37.845  -69.883  -27.834 0.3000000119
9366  36.946  -69.912  -28.560 0.3000000119
8655  29.160  -71.602  -29.189 0.4000000060
8685  33.906  -71.327  -29.841 0.3000000119
7908  32.849  -72.274  -29.248 0.3000000119
7923  34.181  -72.308  -29.953 0.3000000119
98115  31.859  -73.553  -28.815 0.4000000060
8653  30.479  -71.521  -28.035 0.4000000060
7194  33.653  -73.686  -30.227 0.3000000119
94575  34.398  -73.206  -30.047 0.3000000119
6591  33.211  -74.218  -30.166 0.4000000060
6580  32.460  -74.582  -29.805 0.3000000119
9384  32.178  -69.818  -29.764 0.3000000119
8687  28.871  -70.465  -30.499 0.3000000119
7907  36.358  -72.905  -28.592 0.3000000119
7193  35.311  -73.254  -29.402 0.3000000119
10014  29.426  -69.646  -30.083 0.3000000119
2164  29.344  -83.679  -21.381 0.3000000119
3473  32.128  -81.210  -21.282 0.3000000119
3474  31.528  -81.365  -20.768 0.3000000119
3479  33.224  -80.396  -22.218 0.3000000119
5014  30.599  -77.609  -28.945 0.5000000000
6493  22.388  -74.203  -23.103 0.5000000000
6508  23.280  -74.334  -23.320 0.6000000238
6544  17.568  -74.354  -25.803 0.5000000000
6559  18.375  -74.511  -26.479 0.6000000238
6573  17.816  -74.202  -27.173 0.6000000238
6592  32.196  -73.855  -29.917 0.4000000060
6593  25.154  -74.077  -30.989 0.6999999881
6601  24.314  -74.166  -30.864 0.6999999881
7106  22.983  -73.611  -23.600 0.6000000238
7108  21.143  -73.705  -23.691 0.6000000238
7137  23.966  -73.789  -26.033 0.6999999881
7168  31.377  -73.294  -27.869 0.4000000060
7207  24.772  -73.934  -31.172 0.6999999881
7210  21.390  -73.089  -31.207 0.6000000238
7213  23.071  -73.041  -31.624 0.5000000000
7214  22.248  -73.175  -31.497 0.6999999881
7863  22.455  -72.682  -25.776 0.6999999881
7929  23.345  -72.524  -31.250 0.4000000060
7931  17.589  -72.138  -30.856 0.6999999881
7940  17.985  -72.247  -31.126 0.6999999881
7943  19.216  -72.037  -31.405 0.6999999881
8656  25.939  -71.050  -28.310 0.4000000060
8694  17.887  -70.983  -30.217 0.6000000238
8702  21.418  -72.028  -31.544 0.6000000238
8703  17.805  -71.431  -31.295 0.8000000119
9318  26.690  -70.325  -26.059 0.4000000060
9322  20.820  -70.641  -25.225 0.6999999881
9367  36.088  -70.278  -29.121 0.3000000119
9394  21.699  -71.166  -30.847 0.5000000000
9396  20.033  -70.321  -31.513 0.6000000238
9398  17.777  -71.019  -31.183 0.6000000238
9399  18.240  -71.195  -31.394 0.8000000119
9957  17.202  -68.893  -24.948 0.5000000000
9988  23.971  -69.444  -26.437 0.4000000060
9989  20.947  -68.970  -26.401 0.6000000238
9998  39.089  -69.455  -26.962 0.3000000119
10028  21.994  -69.558  -30.150 0.5000000000
10031  17.977  -70.415  -30.795 0.6999999881
10569  18.268  -68.469  -20.660 0.6999999881
10570  17.435  -68.458  -20.889 0.6999999881
10587  17.427  -68.754  -21.837 0.6999999881
10613  21.056  -68.404  -23.732 0.6000000238
10642  28.723  -68.927  -25.109 0.3000000119
10645  21.145  -68.405  -25.115 0.6000000238
10660  24.117  -68.690  -26.307 0.3000000119
10673  19.302  -68.073  -27.927 0.6999999881
11254  20.148  -67.079  -20.503 0.8000000119
11255  19.386  -67.571  -20.255 0.6999999881
11256  18.587  -67.836  -20.169 0.6999999881
11370  25.311  -67.150  -29.351 0.5000000000
11858  16.733  -65.852  -10.426 0.3000000119
11959  19.660  -66.193  -18.739 0.8000000119
11976  20.052  -66.399  -19.164 0.8000000119
11991  15.770  -66.081  -20.790 0.6000000238
12084  19.522  -65.540  -27.979 0.6999999881
12103  24.113  -67.051  -29.686 0.4000000060
12529  15.097  -65.300  -9.040 0.3000000119
12544  16.326  -65.502  -9.632 0.3000000119
12545  15.592  -65.619  -9.574 0.3000000119
12558  18.016  -65.004  -10.898 0.4000000060
12560  15.389  -66.037  -10.299 0.3000000119
12570  17.556  -65.443  -11.141 0.4000000060
12622  19.287  -65.183  -17.851 0.6000000238
12633  21.135  -65.412  -18.716 0.6999999881
12635  19.541  -65.704  -18.329 0.8000000119
12636  18.428  -65.645  -18.492 0.6999999881
12643  21.379  -65.641  -19.450 0.8000000119
12669  21.779  -65.710  -21.183 0.6999999881
12718  19.845  -65.121  -24.820 0.6000000238
12732  19.646  -64.816  -25.598 0.6000000238
12744  19.468  -64.739  -26.521 0.6000000238
12754  19.489  -64.971  -27.301 0.6000000238
13247  15.279  -64.886  -8.787 0.3000000119
13249  12.149  -63.728  -8.317 0.4000000060
13263  17.419  -64.521  -9.579 0.4000000060
13283  18.451  -64.605  -11.198 0.4000000060
13367  21.257  -64.445  -17.513 0.6000000238
13369  18.984  -64.427  -17.347 0.5000000000
13370  18.089  -64.318  -17.759 0.6999999881
13412  22.958  -64.951  -20.612 0.5000000000
13425  15.196  -64.251  -21.882 0.5000000000
14042  15.099  -64.352  -8.660 0.3000000119
14043  14.505  -63.904  -8.354 0.3000000119
14056  16.691  -63.980  -9.257 0.4000000060
14058  15.281  -63.538  -8.806 0.3000000119
14070  18.927  -63.674  -10.508 0.4000000060
14079  18.278  -64.361  -11.742 0.4000000060
14150  21.423  -63.532  -17.055 0.6000000238
14190  16.184  -63.760  -19.682 0.6000000238
14848  12.547  -62.578  -7.653 0.3000000119
14857  16.601  -62.900  -9.400 0.4000000060
14895  13.290  -62.720  -14.193 0.4000000060
14940  8.634  -62.001  -17.065 0.6000000238
14945  17.255  -62.591  -16.809 0.5000000000
14949  9.044  -62.565  -17.422 0.6000000238
14957  14.388  -62.305  -18.831 0.5000000000
14978  7.577  -62.155  -20.652 0.5000000000
14993  12.393  -61.121  -21.772 0.6000000238
14996  8.701  -62.183  -21.281 0.5000000000
15017  10.243  -62.728  -21.849 0.5000000000
15664  13.358  -62.186  -14.292 0.4000000060
15685  12.782  -61.676  -14.619 0.4000000060
15695  9.810  -60.900  -15.351 0.5000000000
15701  9.146  -61.696  -16.432 0.6000000238
15702  8.829  -61.007  -16.184 0.6000000238
15726  6.961  -60.971  -18.563 0.6000000238
15735  7.811  -60.906  -19.747 0.5000000000
15742  14.377  -61.337  -21.722 0.6000000238
15745  10.221  -60.461  -20.473 0.6000000238
15746  9.790  -60.650  -20.615 0.5000000000
15747  8.022  -61.281  -20.210 0.5000000000
16406  18.612  -60.499  -9.763 0.3000000119
16452  11.270  -61.345  -14.981 0.4000000060
16453  10.683  -61.300  -15.125 0.5000000000
16465  9.799  -60.532  -15.302 0.6000000238
16473  7.713  -59.941  -16.348 0.6000000238
16480  7.845  -60.511  -16.563 0.6000000238
16481  6.985  -59.902  -16.874 0.6000000238
16491  11.490  -60.560  -17.636 0.5000000000
16494  6.732  -60.190  -17.689 0.6000000238
16503  8.489  -60.068  -18.958 0.6000000238
16514  7.062  -60.310  -18.704 0.6000000238
16520  8.589  -60.566  -19.905 0.6000000238
17120  13.969  -58.673  -10.017 0.3000000119
17182  9.182  -59.687  -15.551 0.6000000238
17186  8.310  -59.592  -15.985 0.5000000000
17194  7.034  -59.169  -16.954 0.6000000238
17208  8.061  -58.834  -17.471 0.5000000000
17209  7.136  -59.147  -17.401 0.6000000238
17214  8.137  -59.426  -18.206 0.6000000238
17215  7.402  -59.246  -17.809 0.6000000238
17821  11.807  -58.204  -10.713 0.4000000060
17859  10.282  -58.992  -15.433 0.5000000000
17868  7.887  -58.824  -16.301 0.5000000000
17874  7.555  -58.652  -16.703 0.5000000000
17885  9.568  -58.169  -17.220 0.6000000238
17886  8.457  -57.991  -17.082 0.6000000238
17887  7.721  -58.498  -17.124 0.5000000000
18541  9.712  -58.254  -15.747 0.4000000060
18575  9.312  -57.311  -17.098 0.6000000238
19236  14.043  -56.608  -10.563 0.3000000119
19248  15.736  -55.764  -10.753 0.3000000119
19967  14.656  -55.244  -11.139 0.3000000119
88582  15.415  -64.187  -13.565 0.4000000060
88583  11.011  -62.335  -15.223 0.6000000238
88591  11.063  -62.859  -15.491 0.6000000238
88706  9.738  -61.344  -15.761 0.6000000238
88753  12.496  -63.653  -16.163 0.4000000060
90085  21.154  -67.668  -29.393 0.6000000238
91378  16.873  -63.271  -17.763 0.6999999881
92378  12.977  -60.349  -17.436 0.4000000060
93688  38.007  -71.496  -27.238 0.3000000119
94555  22.994  -67.807  -29.428 0.6000000238
94847  19.276  -73.478  -29.339 0.6999999881
95027  16.849  -62.906  -17.315 0.6999999881
97496  8.280  -57.810  -16.508 0.5000000000
97511  29.654  -76.692  -30.032 0.5000000000
97714  6.756  -60.422  -18.205 0.6000000238
97739  10.570  -60.503  -20.320 0.6000000238
97763  17.504  -63.715  -13.001 0.4000000060
98416  17.219  -61.180  -9.411 0.3000000119
99191  12.987  -61.121  -17.605 0.6000000238
100449  23.853  -73.294  -25.129 0.6999999881
100565  13.288  -60.895  -22.018 0.6000000238
100742  10.426  -61.898  -15.655 0.6000000238
100744  13.837  -63.795  -13.818 0.4000000060
101894  7.880  -58.241  -16.439 0.5000000000
101906  13.770  -62.406  -8.307 0.3000000119
102213  8.552  -62.540  -18.356 0.6000000238
102500  22.693  -65.016  -20.023 0.6000000238
102850  8.814  -57.531  -16.681 0.6000000238
103105  30.440  -83.019  -21.083 0.3000000119
103157  24.490  -74.385  -26.137 0.6999999881
103368  35.491  -69.722  -29.316 0.3000000119
104462  20.438  -66.837  -22.672 0.6999999881
104664  17.812  -72.339  -30.401 0.8000000119
105113  12.518  -61.571  -18.302 0.5000000000
105509  33.864  -74.392  -29.759 0.3000000119
106127  31.304  -82.181  -20.685 0.3000000119
106282  8.039  -57.855  -17.032 0.5000000000
107191  28.756  -76.363  -25.924 0.4000000060
