#!ascii label  , from subject OASIS_0001 vox2ras=TkReg
240
13183  42.029  -65.222  -3.655 0.0000000000
14871  45.013  -62.720  -12.407 0.0000000000
11854  40.822  -67.047  -10.349 0.0000000000
11823  43.294  -66.751  -7.066 0.0000000000
11161  43.237  -67.597  -13.597 0.0000000000
99494  42.509  -67.761  -12.228 0.0000000000
10477  41.575  -69.217  -14.865 0.0000000000
13255  43.180  -65.010  -9.306 0.0000000000
14019  41.513  -63.619  -6.635 0.0000000000
11069  40.962  -67.768  -5.504 0.0000000000
10398  42.984  -68.773  -7.872 0.0000000000
11121  44.619  -66.991  -10.373 0.0000000000
12575  45.699  -64.529  -12.939 0.0000000000
12609  43.697  -65.374  -16.907 0.0000000000
14812  39.250  -63.040  -4.480 0.0000000000
11801  38.983  -65.732  -5.642 0.0000000000
95974  39.013  -65.532  -9.114 0.0000000000
13209  44.231  -64.660  -4.829 0.0000000000
10478  40.824  -69.071  -14.611 0.0000000000
14065  44.081  -63.950  -10.762 0.0000000000
14049  42.508  -64.261  -9.855 0.0000000000
11100  41.002  -67.914  -7.763 0.0000000000
11099  41.730  -68.475  -8.139 0.0000000000
11151  42.887  -67.855  -13.338 0.0000000000
100219  43.324  -67.922  -11.085 0.0000000000
11866  44.236  -67.408  -11.954 0.0000000000
12565  45.230  -65.920  -11.465 0.0000000000
11890  44.425  -66.336  -12.793 0.0000000000
12608  44.730  -64.719  -16.717 0.0000000000
13233  38.217  -64.536  -6.829 0.0000000000
12516  39.254  -65.839  -7.211 0.0000000000
13257  37.891  -64.544  -9.095 0.0000000000
12504  43.491  -66.929  -5.207 0.0000000000
12496  43.294  -65.868  -5.434 0.0000000000
14837  41.378  -62.263  -6.899 0.0000000000
14835  43.264  -62.528  -5.966 0.0000000000
11867  40.260  -66.543  -11.694 0.0000000000
91824  41.745  -67.743  -10.647 0.0000000000
11144  41.450  -67.547  -12.918 0.0000000000
11152  42.086  -68.172  -13.690 0.0000000000
10476  42.017  -68.731  -14.706 0.0000000000
12538  43.865  -65.834  -8.750 0.0000000000
12515  41.809  -65.273  -7.005 0.0000000000
13241  41.620  -64.715  -8.281 0.0000000000
14029  40.498  -63.472  -7.672 0.0000000000
15653  44.983  -61.432  -13.491 0.0000000000
11790  40.852  -66.829  -4.453 0.0000000000
11080  43.048  -68.078  -5.731 0.0000000000
11822  43.589  -67.620  -6.994 0.0000000000
11108  43.061  -68.379  -9.172 0.0000000000
94815  43.960  -68.076  -9.151 0.0000000000
12523  44.490  -66.548  -8.653 0.0000000000
12537  45.060  -66.032  -9.272 0.0000000000
13268  45.462  -64.944  -10.707 0.0000000000
103130  45.649  -63.741  -12.126 0.0000000000
11916  43.471  -65.659  -15.367 0.0000000000
12592  44.552  -65.284  -14.703 0.0000000000
13306  46.150  -63.821  -14.891 0.0000000000
14881  46.076  -62.654  -13.353 0.0000000000
14811  40.423  -62.643  -4.478 0.0000000000
13977  40.346  -64.509  -4.177 0.0000000000
13196  38.705  -64.695  -4.208 0.0000000000
100104  39.778  -65.613  -4.305 0.0000000000
11813  39.516  -66.464  -5.815 0.0000000000
11836  39.669  -66.546  -7.834 0.0000000000
11847  39.657  -66.333  -8.964 0.0000000000
12552  38.715  -65.540  -10.685 0.0000000000
12551  39.402  -66.087  -11.418 0.0000000000
14006  43.148  -63.910  -5.638 0.0000000000
93853  41.350  -64.538  -3.834 0.0000000000
13975  43.096  -64.006  -3.369 0.0000000000
14076  44.521  -63.386  -11.573 0.0000000000
14066  43.000  -63.709  -10.516 0.0000000000
11846  40.549  -67.026  -9.346 0.0000000000
11110  41.139  -67.768  -8.724 0.0000000000
11125  41.403  -67.650  -9.675 0.0000000000
11150  43.469  -67.652  -12.881 0.0000000000
11877  44.064  -67.326  -12.523 0.0000000000
11876  44.656  -66.747  -12.116 0.0000000000
11891  43.874  -67.078  -13.183 0.0000000000
92469  44.461  -65.014  -18.460 0.0000000000
13243  37.959  -64.347  -8.080 0.0000000000
11811  43.285  -66.951  -6.358 0.0000000000
12505  43.050  -66.198  -6.141 0.0000000000
15593  42.920  -61.642  -6.331 0.0000000000
11878  40.782  -66.991  -12.278 0.0000000000
11892  40.509  -67.039  -13.031 0.0000000000
10492  41.175  -69.813  -15.136 0.0000000000
10466  41.437  -68.637  -14.250 0.0000000000
11163  41.960  -68.614  -14.451 0.0000000000
13240  42.514  -65.347  -8.457 0.0000000000
14036  41.056  -64.195  -8.861 0.0000000000
14037  40.525  -63.520  -8.466 0.0000000000
103292  40.244  -62.907  -7.960 0.0000000000
11799  40.450  -67.188  -5.072 0.0000000000
11789  42.039  -67.264  -4.256 0.0000000000
11056  41.353  -67.639  -4.884 0.0000000000
11079  43.347  -68.060  -6.392 0.0000000000
10377  43.392  -68.399  -7.068 0.0000000000
11135  42.145  -67.786  -11.545 0.0000000000
11124  42.371  -67.996  -9.911 0.0000000000
96023  42.644  -68.031  -10.876 0.0000000000
11122  43.945  -67.786  -10.245 0.0000000000
11844  44.572  -67.230  -9.482 0.0000000000
11845  44.372  -67.314  -8.743 0.0000000000
93644  44.875  -66.592  -9.053 0.0000000000
97173  45.123  -66.386  -9.616 0.0000000000
12576  45.204  -65.687  -12.387 0.0000000000
12549  45.535  -65.325  -10.891 0.0000000000
104300  45.589  -64.683  -11.322 0.0000000000
13282  45.535  -64.267  -11.487 0.0000000000
13289  45.758  -64.088  -12.499 0.0000000000
11207  41.354  -67.244  -19.554 0.0000000000
11927  42.562  -65.903  -17.118 0.0000000000
11938  41.499  -66.629  -17.383 0.0000000000
11917  42.628  -65.988  -16.091 0.0000000000
12607  45.695  -64.125  -16.597 0.0000000000
12598  45.637  -64.316  -15.381 0.0000000000
13305  46.367  -63.412  -14.991 0.0000000000
13296  46.315  -63.479  -14.235 0.0000000000
14108  46.499  -63.091  -14.525 0.0000000000
106509  40.417  -61.852  -4.559 0.0000000000
13989  40.855  -63.572  -4.234 0.0000000000
13990  39.815  -63.812  -4.387 0.0000000000
106827  38.423  -65.257  -5.442 0.0000000000
13211  38.014  -64.819  -4.775 0.0000000000
12498  38.759  -65.332  -4.883 0.0000000000
12485  39.305  -65.153  -4.183 0.0000000000
12497  39.310  -65.444  -4.451 0.0000000000
11791  39.903  -66.308  -4.576 0.0000000000
12526  39.106  -65.767  -8.267 0.0000000000
12539  39.272  -65.711  -9.865 0.0000000000
12577  37.962  -66.006  -12.299 0.0000000000
12566  38.448  -65.738  -11.547 0.0000000000
13220  41.720  -64.504  -6.586 0.0000000000
14018  42.155  -63.770  -6.217 0.0000000000
13270  43.602  -64.575  -10.102 0.0000000000
11091  40.953  -68.067  -6.799 0.0000000000
11082  41.060  -68.136  -6.066 0.0000000000
10410  42.602  -68.576  -8.389 0.0000000000
11142  43.030  -67.844  -12.544 0.0000000000
11134  42.908  -67.948  -11.742 0.0000000000
11141  43.571  -67.765  -12.049 0.0000000000
11133  43.977  -67.494  -11.206 0.0000000000
98704  45.255  -66.149  -10.489 0.0000000000
12619  44.833  -64.858  -17.872 0.0000000000
98639  45.380  -64.326  -17.474 0.0000000000
94071  38.654  -65.376  -6.375 0.0000000000
12517  38.646  -65.156  -7.617 0.0000000000
12527  38.539  -64.990  -8.714 0.0000000000
103223  43.895  -65.530  -4.897 0.0000000000
94931  41.715  -62.987  -6.468 0.0000000000
14836  42.210  -62.282  -6.392 0.0000000000
11136  41.048  -67.198  -11.403 0.0000000000
91053  41.726  -67.519  -12.250 0.0000000000
11143  42.369  -67.779  -12.831 0.0000000000
11162  42.494  -68.166  -14.204 0.0000000000
12524  43.127  -66.101  -7.796 0.0000000000
12514  42.569  -65.970  -6.909 0.0000000000
12525  41.982  -65.402  -7.600 0.0000000000
13231  41.390  -64.566  -7.438 0.0000000000
13256  42.019  -64.613  -9.090 0.0000000000
13242  40.905  -64.134  -8.060 0.0000000000
13232  40.893  -63.872  -7.379 0.0000000000
107143  40.491  -62.975  -7.455 0.0000000000
14842  40.737  -62.441  -7.454 0.0000000000
14882  45.492  -62.108  -13.035 0.0000000000
12471  41.384  -65.894  -3.778 0.0000000000
12470  42.989  -65.848  -3.394 0.0000000000
11771  42.470  -66.443  -3.780 0.0000000000
11810  43.264  -67.718  -5.827 0.0000000000
11123  43.262  -68.136  -10.115 0.0000000000
10409  43.492  -68.485  -8.327 0.0000000000
11098  44.099  -68.099  -8.126 0.0000000000
11833  44.114  -67.448  -7.991 0.0000000000
11834  43.963  -66.929  -7.881 0.0000000000
104083  43.923  -66.390  -8.330 0.0000000000
106454  44.663  -65.943  -8.969 0.0000000000
13254  44.302  -65.425  -9.576 0.0000000000
12550  45.239  -65.767  -10.149 0.0000000000
13253  45.015  -65.474  -10.018 0.0000000000
13269  44.603  -64.775  -10.352 0.0000000000
14064  44.904  -63.988  -10.846 0.0000000000
14074  45.685  -63.045  -12.609 0.0000000000
11173  42.266  -68.322  -14.721 0.0000000000
100157  42.465  -67.040  -15.222 0.0000000000
11903  42.894  -67.413  -14.379 0.0000000000
11902  43.610  -66.474  -14.024 0.0000000000
12587  44.330  -65.825  -13.621 0.0000000000
12586  45.301  -65.362  -13.293 0.0000000000
12599  44.989  -64.743  -15.788 0.0000000000
12591  45.370  -64.813  -14.288 0.0000000000
13297  45.791  -64.282  -13.891 0.0000000000
96932  45.983  -63.666  -13.303 0.0000000000
14083  45.837  -63.452  -12.808 0.0000000000
15652  45.751  -61.944  -13.720 0.0000000000
106382  41.918  -61.925  -4.158 0.0000000000
101632  41.264  -61.726  -4.520 0.0000000000
14810  41.655  -62.648  -4.115 0.0000000000
107239  41.111  -64.097  -3.996 0.0000000000
13184  40.718  -65.216  -3.924 0.0000000000
13198  37.409  -64.239  -4.299 0.0000000000
13991  38.705  -64.133  -4.186 0.0000000000
13978  39.260  -64.659  -4.123 0.0000000000
13185  39.598  -65.068  -4.105 0.0000000000
12472  40.199  -65.533  -4.163 0.0000000000
11773  40.383  -66.063  -4.190 0.0000000000
11812  40.312  -67.344  -6.065 0.0000000000
12507  39.254  -65.967  -6.350 0.0000000000
11825  39.722  -66.563  -6.778 0.0000000000
11824  40.306  -67.297  -7.273 0.0000000000
11835  40.379  -67.123  -8.320 0.0000000000
11855  39.986  -66.415  -10.023 0.0000000000
102828  39.515  -66.016  -10.605 0.0000000000
98783  40.162  -66.515  -10.935 0.0000000000
12506  42.378  -65.404  -6.358 0.0000000000
13210  42.757  -64.830  -5.709 0.0000000000
14823  42.565  -63.098  -6.079 0.0000000000
106193  43.520  -63.220  -5.639 0.0000000000
10387  43.557  -68.516  -7.676 0.0000000000
10388  42.902  -68.695  -7.355 0.0000000000
10399  42.329  -68.744  -7.672 0.0000000000
11089  43.801  -68.070  -7.339 0.0000000000
11109  42.018  -68.178  -9.019 0.0000000000
11772  41.258  -66.364  -4.044 0.0000000000
11800  39.359  -66.017  -5.068 0.0000000000
11865  44.601  -66.785  -11.272 0.0000000000
12486  38.646  -64.963  -4.275 0.0000000000
12564  45.720  -65.028  -12.051 0.0000000000
13197  38.097  -64.462  -4.302 0.0000000000
13221  41.182  -63.928  -6.928 0.0000000000
13281  45.702  -64.164  -11.935 0.0000000000
14020  40.908  -63.172  -6.956 0.0000000000
14075  45.376  -63.583  -11.844 0.0000000000
14094  46.364  -63.054  -13.767 0.0000000000
14897  46.315  -62.606  -14.045 0.0000000000
95816  42.361  -64.502  -3.538 0.0000000000
104492  45.942  -63.908  -13.591 0.0000000000
106567  39.834  -66.723  -5.299 0.0000000000
107052  40.723  -65.964  -4.001 0.0000000000
