#!ascii label  , from subject OASIS_0001 vox2ras=TkReg
1596
14262  42.169  -62.418  -25.323 0.2000000030
15031  42.258  -62.286  -24.396 0.2000000030
15032  41.634  -61.831  -24.717 0.2000000030
15779  39.559  -61.461  -26.155 0.1000000015
14239  42.737  -62.397  -23.621 0.3000000119
15020  42.232  -62.066  -23.843 0.2000000030
91629  41.277  -61.592  -25.586 0.1000000015
15042  41.726  -62.168  -26.196 0.2000000030
15021  41.337  -61.810  -24.019 0.1000000015
15033  40.684  -61.619  -24.812 0.1000000015
15022  39.898  -62.223  -24.174 0.1000000015
100268  38.800  -62.127  -24.250 0.1000000015
15773  39.035  -61.542  -25.400 0.1000000015
14223  37.773  -62.785  -22.921 0.1000000015
15035  38.366  -62.046  -24.736 0.1000000015
15023  37.739  -62.329  -23.907 0.1000000015
15003  36.987  -62.372  -23.380 0.1000000015
14981  41.166  -62.502  -22.072 0.1000000015
14210  40.174  -62.851  -21.435 0.1000000015
15000  42.146  -62.107  -23.277 0.2000000030
15001  40.314  -62.555  -23.164 0.1000000015
14222  39.020  -63.143  -22.613 0.1000000015
14212  38.153  -63.473  -22.008 0.1000000015
14183  37.263  -63.485  -19.529 0.2000000030
99151  37.411  -63.544  -21.327 0.2000000030
14184  36.317  -63.481  -19.492 0.1000000015
14213  37.128  -63.226  -22.298 0.2000000030
14165  36.050  -63.657  -18.633 0.2000000030
14185  35.200  -63.579  -19.492 0.1000000015
14166  35.174  -63.789  -18.552 0.1000000015
14221  39.954  -62.813  -22.136 0.1000000015
14197  39.703  -63.170  -20.664 0.1000000015
14144  36.687  -63.755  -17.994 0.2000000030
14145  35.679  -64.056  -17.836 0.2000000030
13364  35.017  -64.314  -17.103 0.2000000030
14146  34.464  -64.025  -17.911 0.1000000015
14211  39.224  -63.273  -21.640 0.1000000015
93069  38.984  -63.289  -19.990 0.1000000015
14198  38.476  -63.400  -20.769 0.1000000015
14182  38.145  -63.426  -19.698 0.2000000030
14143  37.655  -63.656  -18.046 0.2000000030
14164  36.998  -63.549  -18.688 0.3000000119
13345  34.689  -64.350  -16.411 0.3000000119
13365  34.062  -64.298  -16.893 0.2000000030
14147  33.368  -63.842  -17.459 0.2000000030
14187  33.663  -62.897  -19.404 0.2000000030
13362  37.128  -64.249  -17.400 0.3000000119
91961  37.889  -63.493  -18.856 0.2000000030
13344  35.329  -64.385  -16.328 0.3000000119
13328  34.796  -64.310  -15.733 0.3000000119
14114  34.320  -63.953  -14.378 0.3000000119
13346  33.938  -64.315  -16.036 0.3000000119
14132  33.238  -63.892  -16.491 0.2000000030
14168  33.555  -63.476  -18.414 0.2000000030
105409  32.923  -62.907  -18.742 0.2000000030
14087  34.950  -63.265  -12.975 0.4000000060
107271  35.586  -64.357  -14.858 0.3000000119
14113  35.183  -64.164  -14.247 0.3000000119
103429  36.382  -64.249  -17.413 0.2000000030
13363  35.847  -64.432  -16.987 0.2000000030
14115  33.446  -63.622  -14.609 0.3000000119
14148  32.502  -63.492  -16.947 0.2000000030
14133  32.577  -63.499  -16.117 0.2000000030
14169  32.588  -63.337  -17.928 0.2000000030
14887  34.465  -62.719  -12.562 0.3000000119
14100  34.616  -63.681  -13.623 0.3000000119
14920  32.914  -63.029  -14.119 0.2000000030
14927  32.055  -62.535  -15.463 0.2000000030
14921  32.485  -62.790  -14.811 0.2000000030
14928  31.622  -62.263  -16.031 0.1000000015
14932  31.334  -62.343  -16.774 0.2000000030
14941  31.775  -62.956  -17.341 0.2000000030
14876  34.081  -62.136  -12.030 0.3000000119
14888  33.627  -62.492  -12.651 0.3000000119
14902  34.074  -63.143  -13.105 0.3000000119
15646  32.803  -61.050  -11.870 0.2000000030
15659  32.825  -62.121  -12.879 0.3000000119
15660  32.518  -61.332  -12.603 0.2000000030
14903  33.306  -62.782  -13.348 0.3000000119
14904  32.571  -62.282  -14.162 0.1000000015
15694  32.294  -62.080  -14.836 0.1000000015
15699  31.926  -61.796  -15.487 0.1000000015
97628  32.415  -61.691  -14.279 0.1000000015
16418  34.280  -60.908  -11.139 0.3000000119
107580  33.259  -61.273  -11.689 0.2000000030
16403  33.233  -60.189  -11.083 0.2000000030
17115  32.677  -59.109  -10.897 0.2000000030
18491  32.331  -57.877  -10.974 0.1000000015
16420  32.770  -60.366  -11.559 0.1000000015
93662  32.289  -59.253  -11.550 0.1000000015
16433  32.341  -60.416  -12.334 0.1000000015
15677  32.453  -61.658  -13.468 0.1000000015
16470  32.486  -61.290  -14.916 0.1000000015
16471  32.089  -61.022  -15.501 0.1000000015
16402  33.880  -60.267  -10.847 0.2000000030
18505  32.118  -58.035  -11.836 0.1000000015
17150  32.166  -59.430  -12.396 0.1000000015
97827  32.393  -59.399  -13.244 0.1000000015
107050  32.214  -60.057  -12.960 0.1000000015
17169  32.733  -60.424  -14.573 0.1000000015
17158  32.368  -60.239  -13.660 0.1000000015
19255  32.233  -56.524  -12.116 0.1000000015
17157  33.014  -59.521  -14.241 0.1000000015
17184  32.835  -60.413  -15.059 0.1000000015
19241  32.436  -56.430  -11.244 0.1000000015
15002  38.740  -62.537  -23.492 0.1000000015
11789  42.039  -67.264  -4.256 0.5000000000
11799  40.450  -67.188  -5.072 0.5000000000
11790  40.852  -66.829  -4.453 0.5000000000
11771  42.470  -66.443  -3.780 0.5000000000
94071  38.654  -65.376  -6.375 0.2000000030
11801  38.983  -65.732  -5.642 0.3000000119
11791  39.903  -66.308  -4.576 0.5000000000
11773  40.383  -66.063  -4.190 0.5000000000
12472  40.199  -65.533  -4.163 0.5000000000
12471  41.384  -65.894  -3.778 0.5000000000
13183  42.029  -65.222  -3.655 0.5000000000
12470  42.989  -65.848  -3.394 0.5000000000
11788  43.151  -66.880  -3.984 0.5000000000
12469  44.011  -65.818  -2.972 0.5000000000
11053  43.271  -67.128  -4.451 0.5000000000
11810  43.264  -67.718  -5.827 0.5000000000
106827  38.423  -65.257  -5.442 0.3000000119
12498  38.759  -65.332  -4.883 0.3000000119
100104  39.778  -65.613  -4.305 0.5000000000
11787  43.792  -66.372  -3.622 0.5000000000
12484  44.234  -66.064  -3.579 0.5000000000
97173  45.123  -66.386  -9.616 0.4000000060
12523  44.490  -66.548  -8.653 0.5000000000
11822  43.589  -67.620  -6.994 0.5000000000
12504  43.491  -66.929  -5.207 0.5000000000
12550  45.239  -65.767  -10.149 0.4000000060
13222  38.031  -64.842  -5.646 0.3000000119
13211  38.014  -64.819  -4.775 0.4000000060
13196  38.705  -64.695  -4.208 0.4000000060
13185  39.598  -65.068  -4.105 0.5000000000
13977  40.346  -64.509  -4.177 0.5000000000
13184  40.718  -65.216  -3.924 0.5000000000
93853  41.350  -64.538  -3.834 0.5000000000
107239  41.111  -64.097  -3.996 0.5000000000
13976  41.869  -63.731  -3.784 0.5000000000
13975  43.096  -64.006  -3.369 0.5000000000
13182  43.537  -65.125  -3.107 0.5000000000
13181  44.088  -65.364  -3.030 0.5000000000
12495  44.018  -66.176  -4.353 0.6000000238
11834  43.963  -66.929  -7.881 0.5000000000
11811  43.285  -66.951  -6.358 0.5000000000
12496  43.294  -65.868  -5.434 0.5000000000
12576  45.204  -65.687  -12.387 0.4000000060
12565  45.230  -65.920  -11.465 0.4000000060
12537  45.060  -66.032  -9.272 0.5000000000
93887  33.704  -63.526  -6.890 0.1000000015
14838  34.638  -62.823  -5.677 0.1000000015
14009  35.490  -63.237  -4.886 0.1000000015
14023  35.363  -62.870  -6.080 0.1000000015
13995  36.145  -63.483  -4.381 0.1000000015
105423  35.739  -63.295  -5.409 0.1000000015
14008  36.216  -63.673  -4.710 0.1000000015
90351  36.257  -63.334  -4.344 0.1000000015
13223  37.587  -64.163  -6.066 0.2000000030
14021  36.787  -63.992  -5.299 0.1000000015
13978  39.260  -64.659  -4.123 0.5000000000
13198  37.409  -64.239  -4.299 0.4000000060
13197  38.097  -64.462  -4.302 0.4000000060
13990  39.815  -63.812  -4.387 0.4000000060
13989  40.855  -63.572  -4.234 0.5000000000
14810  41.655  -62.648  -4.115 0.5000000000
14801  42.783  -63.040  -3.600 0.5000000000
13194  44.380  -65.283  -3.497 0.5000000000
11823  43.294  -66.751  -7.066 0.5000000000
104083  43.923  -66.390  -8.330 0.5000000000
12549  45.535  -65.325  -10.891 0.4000000060
12586  45.301  -65.362  -13.293 0.5000000000
12499  31.870  -65.428  -5.211 0.1000000015
13225  32.589  -64.458  -6.245 0.1000000015
13224  33.016  -63.805  -6.411 0.1000000015
102174  34.029  -63.066  -6.238 0.1000000015
14826  33.939  -62.895  -5.410 0.1000000015
14825  34.772  -62.808  -4.732 0.1000000015
14011  32.577  -63.682  -5.649 0.1000000015
14025  33.349  -63.316  -6.024 0.1000000015
14824  35.617  -62.958  -4.465 0.1000000015
16336  38.276  -61.206  -5.109 0.2000000030
17047  38.322  -59.947  -5.349 0.2000000030
14022  36.146  -63.299  -6.109 0.1000000015
13994  36.538  -63.768  -4.176 0.1000000015
90048  36.621  -63.592  -4.204 0.1000000015
96745  37.680  -62.497  -4.519 0.2000000030
14007  36.796  -64.061  -4.348 0.2000000030
13993  36.933  -63.921  -4.075 0.1000000015
14813  37.146  -63.609  -4.133 0.2000000030
15569  38.732  -62.229  -4.795 0.2000000030
13992  37.751  -64.131  -4.174 0.2000000030
13991  38.705  -64.133  -4.186 0.3000000119
15568  39.728  -62.005  -4.637 0.3000000119
106509  40.417  -61.852  -4.559 0.4000000060
14811  40.423  -62.643  -4.478 0.5000000000
103223  43.895  -65.530  -4.897 0.5000000000
13220  41.720  -64.504  -6.586 0.5000000000
13210  42.757  -64.830  -5.709 0.5000000000
12515  41.809  -65.273  -7.005 0.5000000000
12506  42.378  -65.404  -6.358 0.5000000000
13974  43.982  -64.296  -3.204 0.5000000000
95948  43.799  -63.351  -3.371 0.5000000000
12538  43.865  -65.834  -8.750 0.5000000000
12525  41.982  -65.402  -7.600 0.5000000000
12514  42.569  -65.970  -6.909 0.5000000000
13209  44.231  -64.660  -4.829 0.5000000000
13253  45.015  -65.474  -10.018 0.5000000000
106454  44.663  -65.943  -8.969 0.5000000000
12505  43.050  -66.198  -6.141 0.5000000000
13195  44.485  -65.521  -4.073 0.6000000238
12524  43.127  -66.101  -7.796 0.5000000000
12575  45.699  -64.529  -12.939 0.4000000060
12488  31.529  -65.606  -4.387 0.1000000015
13213  32.059  -64.548  -5.510 0.1000000015
13199  31.912  -63.835  -4.940 0.1000000015
13979  31.891  -63.144  -3.252 0.1000000015
14010  33.197  -63.073  -5.135 0.1000000015
14814  34.762  -62.389  -4.263 0.1000000015
14802  35.556  -62.485  -4.345 0.1000000015
93980  35.773  -61.078  -4.539 0.1000000015
97108  36.215  -62.827  -4.300 0.1000000015
16338  36.612  -60.854  -4.836 0.2000000030
16337  37.425  -60.461  -5.183 0.2000000030
95227  36.807  -62.731  -4.319 0.1000000015
15570  37.157  -61.596  -4.718 0.2000000030
95345  39.331  -61.236  -5.002 0.3000000119
17046  39.308  -59.419  -4.983 0.2000000030
16335  39.850  -60.300  -4.856 0.2000000030
101632  41.264  -61.726  -4.520 0.4000000060
96363  40.712  -60.228  -4.710 0.3000000119
106382  41.918  -61.925  -4.158 0.4000000060
16334  41.429  -60.696  -4.523 0.4000000060
106193  43.520  -63.220  -5.639 0.5000000000
14005  44.290  -63.638  -5.068 0.5000000000
14809  42.594  -62.133  -3.768 0.5000000000
15580  45.474  -62.462  -5.088 0.5000000000
15579  45.935  -61.987  -4.544 0.5000000000
102145  45.697  -62.531  -4.420 0.5000000000
14821  45.231  -63.037  -4.685 0.5000000000
14004  44.650  -63.800  -4.417 0.6000000238
103557  43.717  -62.522  -3.472 0.5000000000
14820  45.846  -62.258  -3.885 0.5000000000
14808  45.359  -62.926  -4.141 0.6000000238
13208  44.600  -64.717  -4.099 0.5000000000
89944  44.223  -64.222  -3.461 0.5000000000
13988  44.608  -63.976  -3.904 0.5000000000
12599  44.989  -64.743  -15.788 0.4000000060
12591  45.370  -64.813  -14.288 0.4000000060
16309  32.663  -61.098  -2.315 0.1000000015
14792  32.213  -62.486  -2.913 0.1000000015
16308  33.179  -60.665  -2.865 0.1000000015
101059  32.938  -62.730  -4.351 0.1000000015
13996  32.110  -63.328  -4.097 0.1000000015
14791  33.397  -61.755  -3.506 0.1000000015
15544  33.598  -61.239  -3.464 0.1000000015
14803  34.356  -61.914  -3.883 0.1000000015
16322  34.249  -61.095  -3.919 0.1000000015
15558  35.085  -61.717  -4.110 0.1000000015
17048  36.243  -59.332  -4.844 0.2000000030
103863  36.926  -59.095  -5.123 0.2000000030
100651  37.552  -58.442  -5.071 0.2000000030
91939  38.364  -58.938  -5.143 0.2000000030
17728  39.128  -58.408  -4.660 0.2000000030
19897  44.389  -55.659  -7.154 0.2000000030
17045  40.402  -59.463  -4.646 0.2000000030
19174  45.739  -56.855  -6.461 0.2000000030
19175  44.958  -56.815  -6.410 0.2000000030
18430  44.768  -57.849  -5.254 0.2000000030
17746  44.181  -58.377  -4.810 0.2000000030
104841  46.233  -57.648  -6.026 0.2000000030
18429  45.765  -58.234  -5.503 0.2000000030
17745  45.127  -58.755  -5.063 0.2000000030
17722  44.505  -59.217  -4.594 0.2000000030
17041  43.999  -59.740  -4.259 0.2000000030
17744  47.640  -59.571  -5.548 0.2000000030
17064  46.337  -59.357  -5.286 0.3000000119
17721  45.378  -59.512  -4.820 0.3000000119
96757  45.057  -60.133  -4.389 0.4000000060
16332  44.113  -60.462  -4.116 0.5000000000
16333  42.373  -60.214  -4.195 0.4000000060
15567  42.283  -61.267  -4.154 0.5000000000
15578  46.517  -61.318  -5.267 0.5000000000
16349  47.130  -60.905  -5.450 0.4000000060
16329  46.624  -61.136  -4.997 0.4000000060
95458  45.824  -60.943  -4.616 0.4000000060
16318  45.799  -62.087  -3.879 0.5000000000
16319  44.835  -61.329  -3.808 0.5000000000
15557  43.292  -61.561  -3.714 0.5000000000
15565  46.103  -61.543  -4.865 0.5000000000
15566  46.125  -62.329  -4.108 0.5000000000
15554  45.944  -62.560  -3.856 0.5000000000
13973  44.792  -63.236  -3.852 0.5000000000
97370  44.492  -63.284  -3.605 0.5000000000
102964  44.261  -62.963  -3.458 0.5000000000
17695  32.485  -59.226  -1.653 0.1000000015
16293  32.141  -60.771  -1.537 0.1000000015
17010  32.659  -60.043  -2.176 0.1000000015
17706  33.294  -58.273  -2.474 0.1000000015
17025  33.285  -59.685  -2.894 0.1000000015
93223  33.337  -58.826  -2.989 0.1000000015
17024  33.930  -59.261  -3.571 0.1000000015
17705  33.937  -58.197  -3.221 0.1000000015
17033  34.808  -59.389  -4.240 0.1000000015
17715  35.236  -58.347  -4.319 0.1000000015
16339  35.582  -59.950  -4.628 0.1000000015
17730  35.986  -58.657  -4.596 0.2000000030
18413  36.174  -57.959  -4.488 0.2000000030
17729  36.640  -58.514  -4.862 0.2000000030
104534  38.399  -58.192  -4.803 0.2000000030
17727  40.111  -58.554  -4.557 0.2000000030
19176  44.383  -56.330  -6.535 0.2000000030
19158  44.354  -57.069  -5.786 0.2000000030
20675  43.232  -54.171  -7.621 0.1000000015
19898  43.631  -55.089  -7.305 0.1000000015
19880  43.701  -55.893  -6.655 0.1000000015
19177  43.049  -56.335  -6.063 0.1000000015
19159  43.424  -56.953  -5.525 0.1000000015
96214  43.183  -58.199  -4.782 0.1000000015
17723  43.600  -58.889  -4.410 0.2000000030
17044  41.482  -59.623  -4.398 0.2000000030
17042  43.088  -59.158  -4.213 0.1000000015
15555  45.331  -62.319  -3.777 0.5000000000
15556  44.364  -61.882  -3.581 0.5000000000
16320  43.844  -60.956  -3.945 0.5000000000
14800  44.748  -62.707  -3.593 0.5000000000
13972  45.444  -62.677  -3.855 0.5000000000
18381  33.325  -57.632  -1.777 0.1000000015
104789  33.745  -57.663  -2.586 0.1000000015
18380  33.994  -57.038  -2.247 0.1000000015
19136  34.950  -56.806  -3.586 0.1000000015
19122  34.600  -56.458  -2.792 0.1000000015
18404  35.559  -57.395  -4.109 0.1000000015
18412  37.083  -57.685  -4.714 0.2000000030
18411  38.020  -57.573  -4.588 0.2000000030
18401  38.654  -56.845  -3.896 0.2000000030
17714  38.936  -57.623  -4.289 0.2000000030
17713  39.897  -57.675  -4.286 0.2000000030
19899  42.815  -54.881  -7.261 0.1000000015
19160  42.566  -56.804  -5.358 0.1000000015
18431  42.866  -57.553  -5.116 0.1000000015
17711  41.554  -57.974  -3.933 0.1000000015
17726  41.062  -58.692  -4.240 0.2000000030
19143  42.312  -57.251  -4.785 0.1000000015
101153  42.393  -57.805  -4.634 0.1000000015
17724  42.690  -58.459  -4.427 0.1000000015
17043  42.451  -59.357  -4.180 0.2000000030
19096  33.831  -55.751  -0.370 0.1000000015
19106  33.748  -56.841  -1.297 0.1000000015
20599  34.687  -54.634  -0.407 0.1000000015
19105  34.322  -56.242  -1.844 0.1000000015
19814  35.049  -54.897  -1.041 0.1000000015
19121  35.447  -55.926  -3.128 0.1000000015
19120  36.642  -55.728  -3.097 0.1000000015
19134  37.186  -56.333  -3.653 0.1000000015
19119  37.892  -55.746  -2.894 0.1000000015
19133  38.316  -56.277  -3.268 0.1000000015
18400  39.602  -56.913  -3.745 0.2000000030
18399  40.540  -57.094  -3.578 0.2000000030
17712  40.813  -57.852  -3.860 0.2000000030
22285  41.821  -52.689  -8.006 0.1000000015
20677  41.640  -53.896  -7.361 0.1000000015
20657  41.549  -54.564  -6.916 0.1000000015
19865  42.122  -56.082  -5.935 0.1000000015
18398  41.218  -57.286  -3.534 0.2000000030
19882  41.371  -55.367  -6.319 0.1000000015
18410  41.990  -57.655  -4.054 0.1000000015
98808  35.857  -53.472  -0.496 0.1000000015
20597  36.215  -54.103  -0.958 0.1000000015
19813  35.955  -54.591  -1.233 0.1000000015
19840  36.133  -55.267  -2.308 0.1000000015
19839  37.390  -55.149  -2.370 0.1000000015
19838  38.382  -55.302  -2.627 0.1000000015
19849  39.029  -55.554  -2.770 0.1000000015
104312  39.171  -55.902  -2.779 0.1000000015
92701  39.546  -55.977  -2.983 0.2000000030
19132  39.247  -56.219  -2.998 0.2000000030
19848  39.902  -55.753  -3.417 0.1000000015
19131  40.052  -56.440  -3.492 0.2000000030
22274  40.051  -52.890  -7.172 0.1000000015
21420  40.480  -53.486  -7.092 0.1000000015
20658  40.230  -54.353  -6.378 0.1000000015
20643  39.927  -55.046  -5.332 0.1000000015
19855  40.550  -55.916  -3.844 0.1000000015
19847  40.330  -56.241  -3.520 0.1000000015
21441  41.279  -53.315  -7.579 0.1000000015
21419  40.997  -54.063  -7.013 0.1000000015
19883  40.640  -55.288  -5.887 0.1000000015
19866  41.261  -55.934  -5.307 0.1000000015
91162  41.123  -56.185  -4.245 0.1000000015
104605  40.979  -56.415  -3.668 0.1000000015
106004  41.269  -56.685  -3.596 0.1000000015
97236  40.927  -54.746  -6.518 0.1000000015
19161  41.795  -56.645  -4.700 0.1000000015
107400  41.583  -57.413  -3.715 0.1000000015
92181  36.181  -52.904  -0.684 0.1000000015
21380  36.579  -53.570  -1.208 0.1000000015
21379  37.298  -53.936  -1.767 0.1000000015
20609  37.352  -54.507  -2.011 0.1000000015
20619  37.979  -54.752  -2.365 0.1000000015
20618  38.566  -54.898  -2.638 0.1000000015
22276  38.284  -52.227  -6.499 0.1000000015
21406  38.210  -53.804  -5.577 0.1000000015
106935  38.415  -54.529  -5.039 0.1000000015
20627  39.045  -54.998  -2.960 0.1000000015
23155  38.776  -50.816  -7.091 0.1000000015
23143  38.742  -51.610  -6.934 0.1000000015
21422  38.705  -53.227  -6.354 0.1000000015
20634  39.260  -54.940  -4.680 0.1000000015
20626  39.418  -55.205  -3.619 0.1000000015
23154  39.477  -51.539  -7.281 0.1000000015
22275  39.278  -52.463  -6.944 0.1000000015
21405  39.120  -54.276  -5.843 0.1000000015
19856  39.947  -55.435  -4.253 0.1000000015
99464  37.682  -53.776  -2.186 0.1000000015
22260  37.249  -52.968  -3.530 0.1000000015
21394  37.849  -53.725  -3.004 0.1000000015
22265  37.069  -52.789  -4.578 0.1000000015
21400  37.588  -53.532  -4.140 0.1000000015
21393  38.489  -54.452  -2.964 0.1000000015
23144  38.131  -51.165  -6.634 0.1000000015
22269  37.771  -52.312  -6.062 0.1000000015
22270  37.362  -52.347  -5.502 0.1000000015
97419  38.761  -54.607  -3.856 0.1000000015
89634  37.982  -52.872  -5.872 0.1000000015
12497  39.310  -65.444  -4.451 0.4000000060
12485  39.305  -65.153  -4.183 0.4000000060
14024  34.652  -62.964  -6.839 0.1000000015
13212  37.290  -64.519  -4.904 0.2000000030
14812  39.250  -63.040  -4.480 0.4000000060
12500  31.628  -64.740  -4.741 0.1000000015
99916  37.546  -59.428  -5.267 0.2000000030
98698  38.146  -63.367  -4.302 0.2000000030
16350  39.031  -60.451  -5.255 0.2000000030
98679  40.358  -61.152  -4.683 0.3000000119
14006  43.148  -63.910  -5.638 0.5000000000
13997  31.617  -64.187  -4.243 0.1000000015
101552  32.540  -62.579  -3.613 0.1000000015
14815  33.856  -62.588  -4.571 0.1000000015
94284  33.546  -62.158  -3.828 0.1000000015
15572  35.757  -62.115  -4.308 0.1000000015
15571  36.362  -61.904  -4.480 0.1000000015
101163  36.196  -60.212  -4.877 0.1000000015
96521  36.796  -59.882  -5.136 0.2000000030
14822  44.469  -62.911  -5.372 0.5000000000
15581  44.174  -62.073  -5.793 0.5000000000
15545  33.017  -61.439  -3.023 0.1000000015
88929  32.834  -62.025  -3.258 0.1000000015
16307  33.750  -60.367  -3.448 0.1000000015
16321  34.915  -60.605  -4.328 0.1000000015
104485  34.298  -60.157  -3.935 0.1000000015
19879  45.097  -56.243  -6.968 0.2000000030
18445  45.278  -57.438  -5.915 0.2000000030
94433  43.796  -57.657  -5.163 0.1000000015
18428  46.876  -58.597  -5.717 0.2000000030
90713  43.299  -60.022  -4.128 0.4000000060
17063  47.352  -60.424  -5.385 0.5000000000
17040  46.101  -60.305  -4.932 0.4000000060
16331  45.346  -61.171  -4.145 0.5000000000
105904  44.592  -60.547  -4.140 0.5000000000
104595  43.032  -60.757  -3.996 0.5000000000
16330  45.941  -61.845  -4.552 0.5000000000
17694  32.824  -58.428  -1.768 0.1000000015
17009  32.855  -59.027  -2.421 0.1000000015
17716  34.470  -58.535  -3.871 0.1000000015
18393  34.274  -57.293  -3.100 0.1000000015
18405  34.653  -57.706  -3.801 0.1000000015
17049  35.585  -59.120  -4.527 0.1000000015
18403  36.604  -57.087  -4.256 0.2000000030
106428  43.812  -56.484  -6.099 0.1000000015
19881  42.905  -55.581  -6.707 0.1000000015
17685  32.863  -57.995  -1.154 0.1000000015
18373  33.234  -57.366  -0.793 0.1000000015
19828  34.672  -55.508  -1.469 0.1000000015
19135  36.063  -56.573  -3.665 0.1000000015
18402  37.618  -56.870  -4.261 0.2000000030
105089  42.709  -53.573  -7.747 0.1000000015
20676  42.295  -54.242  -7.392 0.1000000015
95123  41.830  -58.799  -4.164 0.2000000030
17725  42.278  -58.554  -4.259 0.1000000015
101956  34.093  -56.095  -0.977 0.1000000015
19802  33.492  -55.736  0.226 0.1000000015
19801  34.061  -55.160  -0.063 0.1000000015
20588  35.044  -53.854  -0.103 0.1000000015
20598  35.512  -54.291  -0.651 0.1000000015
19104  34.979  -55.638  -2.330 0.1000000015
19827  35.514  -55.121  -1.678 0.1000000015
19130  40.941  -56.723  -3.487 0.1000000015
21440  42.082  -53.410  -7.702 0.1000000015
20656  42.145  -55.155  -6.826 0.1000000015
19144  42.016  -57.056  -3.997 0.1000000015
20610  36.703  -54.298  -1.537 0.1000000015
19826  36.252  -54.815  -1.731 0.1000000015
19825  36.787  -54.792  -1.957 0.1000000015
19118  38.819  -55.839  -2.755 0.1000000015
104493  39.386  -55.530  -3.042 0.1000000015
21421  39.660  -53.447  -6.663 0.1000000015
22287  40.158  -52.201  -7.407 0.1000000015
22286  40.681  -52.821  -7.565 0.1000000015
19867  40.523  -55.707  -4.858 0.1000000015
19846  41.502  -56.656  -3.809 0.1000000015
95553  36.555  -52.916  -1.215 0.1000000015
22246  37.087  -53.237  -1.794 0.1000000015
103036  37.730  -54.280  -2.168 0.1000000015
21386  38.103  -54.333  -2.488 0.1000000015
23145  37.642  -51.713  -6.154 0.1000000015
21399  37.938  -54.175  -4.722 0.1000000015
21407  37.502  -53.378  -5.180 0.1000000015
22252  37.367  -53.101  -2.597 0.1000000015
96059  38.126  -54.116  -3.691 0.1000000015
22271  36.850  -51.912  -4.790 0.1000000015
24030  37.471  -50.727  -6.235 0.1000000015
24029  38.092  -50.105  -6.709 0.1000000015
23140  37.157  -51.333  -5.567 0.1000000015
12552  38.715  -65.540  -10.685 0.1000000015
12539  39.272  -65.711  -9.865 0.1000000015
12526  39.106  -65.767  -8.267 0.1000000015
12516  39.254  -65.839  -7.211 0.1000000015
12527  38.539  -64.990  -8.714 0.1000000015
12517  38.646  -65.156  -7.617 0.1000000015
102828  39.515  -66.016  -10.605 0.2000000030
11847  39.657  -66.333  -8.964 0.1000000015
98783  40.162  -66.515  -10.935 0.2000000030
12507  39.254  -65.967  -6.350 0.1000000015
11867  40.260  -66.543  -11.694 0.2000000030
11855  39.986  -66.415  -10.023 0.2000000030
11836  39.669  -66.546  -7.834 0.2000000030
11835  40.379  -67.123  -8.320 0.2000000030
11824  40.306  -67.297  -7.273 0.2000000030
11825  39.722  -66.563  -6.778 0.3000000119
11813  39.516  -66.464  -5.815 0.3000000119
11812  40.312  -67.344  -6.065 0.3000000119
11846  40.549  -67.026  -9.346 0.2000000030
11100  41.002  -67.914  -7.763 0.2000000030
11136  41.048  -67.198  -11.403 0.2000000030
11091  40.953  -68.067  -6.799 0.2000000030
11854  40.822  -67.047  -10.349 0.2000000030
10492  41.175  -69.813  -15.136 0.1000000015
11069  40.962  -67.768  -5.504 0.3000000119
11153  41.102  -67.898  -13.581 0.1000000015
11878  40.782  -66.991  -12.278 0.1000000015
11110  41.139  -67.768  -8.724 0.2000000030
10478  40.824  -69.071  -14.611 0.1000000015
11056  41.353  -67.639  -4.884 0.4000000060
11144  41.450  -67.547  -12.918 0.2000000030
11125  41.403  -67.650  -9.675 0.2000000030
91053  41.726  -67.519  -12.250 0.2000000030
10477  41.575  -69.217  -14.865 0.1000000015
11163  41.960  -68.614  -14.451 0.2000000030
10466  41.437  -68.637  -14.250 0.1000000015
11152  42.086  -68.172  -13.690 0.1000000015
91824  41.745  -67.743  -10.647 0.2000000030
11099  41.730  -68.475  -8.139 0.2000000030
11081  41.588  -68.415  -6.467 0.4000000060
10389  42.272  -68.631  -6.934 0.4000000060
11055  42.192  -67.889  -4.868 0.4000000060
11135  42.145  -67.786  -11.545 0.3000000119
11124  42.371  -67.996  -9.911 0.3000000119
99494  42.509  -67.761  -12.228 0.4000000060
10368  42.393  -68.354  -6.071 0.4000000060
11054  42.859  -67.625  -4.666 0.4000000060
11109  42.018  -68.178  -9.019 0.3000000119
11123  43.262  -68.136  -10.115 0.4000000060
96023  42.644  -68.031  -10.876 0.3000000119
21452  44.914  -53.110  -8.297 0.1000000015
101355  44.423  -54.976  -7.522 0.1000000015
11067  42.705  -68.082  -5.242 0.4000000060
10398  42.984  -68.773  -7.872 0.4000000060
11080  43.048  -68.078  -5.731 0.5000000000
94815  43.960  -68.076  -9.151 0.4000000060
11108  43.061  -68.379  -9.172 0.3000000119
10409  43.492  -68.485  -8.327 0.4000000060
96197  44.861  -54.452  -7.832 0.1000000015
21437  45.237  -53.883  -8.204 0.1000000015
93252  45.186  -55.384  -7.564 0.1000000015
11066  43.124  -67.812  -5.092 0.4000000060
93525  43.160  -67.926  -5.519 0.5000000000
11079  43.347  -68.060  -6.392 0.5000000000
94786  43.299  -67.544  -4.976 0.5000000000
20672  46.042  -55.317  -7.669 0.1000000015
19896  46.049  -56.178  -7.189 0.1000000015
19895  46.759  -55.779  -7.678 0.1000000015
19173  46.650  -57.088  -6.636 0.1000000015
99491  37.973  -65.372  -11.109 0.1000000015
95974  39.013  -65.532  -9.114 0.1000000015
12540  38.389  -65.082  -9.708 0.1000000015
13257  37.891  -64.544  -9.095 0.1000000015
13233  38.217  -64.536  -6.829 0.1000000015
12566  38.448  -65.738  -11.547 0.1000000015
11082  41.060  -68.136  -6.066 0.3000000119
11068  41.735  -68.147  -5.553 0.4000000060
10410  42.602  -68.576  -8.389 0.3000000119
10378  42.941  -68.415  -6.594 0.4000000060
20673  45.640  -54.658  -8.004 0.1000000015
19191  47.105  -56.621  -7.250 0.1000000015
13258  37.400  -64.616  -9.747 0.1000000015
10528  31.528  -68.445  -16.954 0.1000000015
105935  31.400  -67.702  -17.208 0.1000000015
11211  33.408  -67.423  -18.364 0.1000000015
10529  30.834  -67.883  -16.878 0.1000000015
10542  33.727  -68.214  -17.906 0.1000000015
10515  30.385  -68.504  -16.382 0.1000000015
11188  29.990  -67.694  -16.731 0.1000000015
97489  28.407  -67.447  -16.596 0.1000000015
11203  29.453  -67.054  -17.318 0.1000000015
6944  28.978  -74.647  -5.624 0.1000000015
10444  28.637  -68.616  -11.745 0.1000000015
10471  28.220  -68.535  -13.241 0.1000000015
10526  32.937  -69.002  -17.474 0.1000000015
94541  28.066  -68.397  -13.895 0.1000000015
10527  32.268  -68.438  -17.298 0.1000000015
10501  28.580  -67.993  -15.333 0.1000000015
11180  27.915  -67.667  -15.999 0.1000000015
10541  34.510  -68.381  -18.235 0.1000000015
6346  27.910  -75.110  -4.388 0.1000000015
6935  29.426  -74.374  -4.804 0.1000000015
7624  29.767  -73.677  -5.196 0.1000000015
5855  27.924  -76.178  -3.192 0.1000000015
5867  27.994  -75.936  -3.703 0.1000000015
6355  28.417  -74.886  -4.983 0.1000000015
8399  29.797  -72.285  -5.846 0.1000000015
9765  28.792  -69.621  -8.891 0.1000000015
9784  29.146  -68.721  -10.106 0.1000000015
95129  31.970  -69.344  -17.047 0.1000000015
10514  30.919  -68.785  -16.582 0.1000000015
10516  29.710  -68.094  -16.164 0.1000000015
9872  33.141  -69.983  -17.715 0.1000000015
92401  35.140  -68.940  -18.263 0.1000000015
11209  35.265  -68.084  -18.868 0.1000000015
7623  30.362  -73.254  -4.710 0.1000000015
5854  28.138  -76.680  -3.147 0.1000000015
102196  28.698  -75.239  -4.322 0.1000000015
6934  30.162  -74.203  -4.210 0.1000000015
6933  30.999  -73.355  -4.160 0.1000000015
7635  30.109  -72.765  -5.372 0.1000000015
8397  31.140  -71.660  -5.387 0.1000000015
9108  30.257  -70.605  -6.420 0.1000000015
9116  29.909  -70.176  -7.074 0.1000000015
9115  30.906  -69.965  -6.895 0.1000000015
9753  29.628  -69.839  -7.801 0.1000000015
9774  30.298  -68.855  -8.951 0.1000000015
10427  29.751  -68.612  -10.761 0.1000000015
10443  29.480  -68.579  -11.593 0.1000000015
10469  29.800  -68.628  -14.341 0.1000000015
9860  30.710  -69.292  -16.277 0.1000000015
10481  29.948  -68.756  -15.272 0.1000000015
10500  29.446  -68.265  -15.606 0.1000000015
9234  33.663  -70.613  -18.121 0.1000000015
9871  34.013  -69.238  -17.920 0.1000000015
7621  31.902  -72.855  -4.463 0.1000000015
5324  28.124  -76.906  -3.024 0.1000000015
6338  28.812  -76.013  -3.728 0.1000000015
96506  30.007  -75.023  -3.839 0.1000000015
104023  31.636  -73.622  -3.977 0.1000000015
7633  31.555  -72.202  -4.959 0.1000000015
8413  31.682  -71.046  -5.749 0.1000000015
9126  32.109  -69.690  -8.663 0.1000000015
5335  28.590  -77.752  -2.965 0.1000000015
5853  29.048  -76.911  -3.463 0.1000000015
6337  30.484  -75.437  -3.647 0.1000000015
6924  30.921  -74.227  -3.743 0.1000000015
9752  30.498  -69.664  -7.641 0.1000000015
9762  30.999  -69.392  -8.384 0.1000000015
10414  29.974  -68.584  -9.852 0.1000000015
10442  30.481  -68.666  -11.481 0.1000000015
10456  30.082  -68.649  -12.337 0.1000000015
91170  29.721  -68.522  -13.244 0.1000000015
9833  30.487  -69.305  -14.934 0.1000000015
9874  31.654  -70.310  -16.935 0.1000000015
9845  30.539  -69.427  -15.826 0.1000000015
9873  32.331  -70.206  -17.403 0.1000000015
9889  35.653  -69.832  -18.571 0.1000000015
9890  34.695  -70.098  -18.299 0.1000000015
95747  36.189  -70.786  -19.011 0.1000000015
9246  35.278  -71.048  -18.703 0.1000000015
7620  32.976  -72.944  -4.914 0.1000000015
95682  32.333  -72.288  -5.031 0.1000000015
5323  28.627  -77.779  -2.886 0.1000000015
5334  29.530  -77.844  -3.394 0.1000000015
5852  30.514  -76.993  -3.735 0.1000000015
6923  31.713  -74.473  -3.795 0.1000000015
6932  32.481  -73.700  -4.227 0.1000000015
8396  32.080  -71.671  -5.374 0.1000000015
9106  32.109  -70.722  -6.240 0.1000000015
97808  32.326  -70.235  -7.945 0.1000000015
92208  31.396  -69.115  -9.225 0.1000000015
10413  30.816  -68.748  -9.829 0.1000000015
91518  31.596  -69.116  -10.119 0.1000000015
106153  31.128  -68.820  -10.474 0.1000000015
9783  31.561  -69.186  -10.910 0.1000000015
9793  31.389  -68.922  -11.623 0.1000000015
9819  31.069  -69.386  -14.229 0.1000000015
9806  31.217  -69.276  -13.243 0.1000000015
9223  31.749  -70.938  -16.686 0.1000000015
8524  32.014  -71.664  -16.340 0.1000000015
9212  31.443  -70.773  -16.047 0.1000000015
9832  31.133  -69.822  -14.878 0.1000000015
8540  32.167  -71.732  -16.882 0.1000000015
9844  30.975  -69.986  -15.633 0.1000000015
9236  32.207  -71.284  -17.247 0.1000000015
98984  32.776  -72.257  -17.655 0.1000000015
9235  32.823  -71.066  -17.763 0.1000000015
9247  34.274  -71.486  -18.523 0.1000000015
103263  36.636  -71.695  -19.535 0.1000000015
4207  30.504  -79.247  -2.362 0.1000000015
4766  29.441  -78.650  -2.772 0.1000000015
5333  30.811  -78.436  -3.701 0.1000000015
5851  31.823  -77.463  -3.937 0.1000000015
4223  29.951  -79.167  -2.961 0.1000000015
6336  31.764  -75.763  -3.759 0.1000000015
6345  32.856  -74.921  -4.201 0.1000000015
8395  32.952  -72.008  -5.537 0.1000000015
8411  33.106  -71.557  -6.192 0.1000000015
9113  33.038  -70.817  -7.651 0.1000000015
7644  33.611  -72.251  -6.218 0.1000000015
89671  33.717  -71.464  -7.872 0.1000000015
9139  32.773  -69.997  -9.307 0.1000000015
9773  32.225  -69.550  -9.676 0.1000000015
9782  32.207  -69.626  -10.626 0.1000000015
9148  32.910  -70.233  -10.239 0.1000000015
9792  32.100  -69.535  -11.594 0.1000000015
94629  31.680  -69.284  -12.310 0.1000000015
9188  31.770  -69.986  -14.152 0.1000000015
9174  32.047  -70.015  -12.948 0.1000000015
8539  32.475  -72.579  -16.685 0.1000000015
8553  32.539  -72.438  -17.184 0.1000000015
8552  33.160  -73.337  -17.990 0.1000000015
9248  33.366  -72.000  -18.148 0.1000000015
96056  34.888  -72.310  -18.903 0.1000000015
9245  35.793  -72.257  -19.355 0.1000000015
6354  33.839  -75.019  -5.146 0.1000000015
6942  34.434  -74.592  -5.975 0.1000000015
4206  31.006  -79.387  -2.540 0.1000000015
4222  30.641  -79.397  -3.056 0.1000000015
4784  31.245  -79.071  -3.538 0.1000000015
5332  32.114  -78.562  -4.026 0.1000000015
5866  32.740  -76.527  -4.330 0.1000000015
94081  33.440  -76.016  -4.799 0.1000000015
103072  34.259  -73.279  -6.168 0.1000000015
100178  30.049  -78.907  -3.228 0.1000000015
6931  33.305  -73.944  -4.641 0.1000000015
8424  34.190  -72.068  -7.684 0.1000000015
8435  33.691  -71.057  -8.674 0.1000000015
8425  33.519  -71.643  -7.017 0.1000000015
98943  33.567  -70.777  -10.284 0.1000000015
9161  32.783  -70.199  -11.262 0.1000000015
9173  32.650  -70.234  -12.216 0.1000000015
105038  32.150  -69.692  -12.244 0.1000000015
9200  32.352  -70.938  -14.680 0.1000000015
8512  32.875  -72.075  -15.119 0.1000000015
9211  32.067  -71.399  -15.595 0.1000000015
8523  32.672  -72.688  -15.963 0.1000000015
7748  32.821  -73.487  -16.549 0.1000000015
103900  32.839  -73.259  -17.482 0.1000000015
4800  34.379  -78.769  -5.491 0.1000000015
4213  32.374  -78.821  -3.575 0.1000000015
4790  33.727  -78.686  -4.832 0.1000000015
5346  34.161  -78.312  -5.866 0.1000000015
5875  33.966  -76.892  -5.687 0.1000000015
6353  34.424  -76.315  -6.290 0.1000000015
4763  31.309  -78.974  -2.115 0.1000000015
4778  31.837  -79.010  -2.685 0.1000000015
4783  32.510  -78.707  -4.009 0.1000000015
4791  33.066  -78.537  -4.567 0.1000000015
5865  33.498  -77.525  -5.147 0.1000000015
6951  34.668  -74.355  -6.743 0.1000000015
7656  34.826  -72.885  -7.754 0.1000000015
92299  34.700  -73.597  -7.175 0.1000000015
96284  34.330  -71.577  -9.143 0.1000000015
8445  34.095  -71.153  -9.822 0.1000000015
9160  33.463  -70.811  -11.972 0.1000000015
9172  33.296  -71.090  -12.755 0.1000000015
101688  32.717  -70.665  -12.990 0.1000000015
9186  33.255  -71.400  -13.544 0.1000000015
7761  33.173  -74.223  -16.791 0.1000000015
7037  33.694  -74.435  -17.317 0.1000000015
4782  33.532  -78.759  -4.215 0.1000000015
5345  34.747  -78.629  -6.278 0.1000000015
5882  34.779  -77.796  -7.466 0.1000000015
5874  34.467  -78.222  -6.765 0.1000000015
6960  35.210  -74.988  -7.544 0.1000000015
6959  35.478  -74.173  -8.082 0.1000000015
7668  35.476  -73.294  -8.767 0.1000000015
8444  34.828  -71.775  -9.850 0.1000000015
8458  34.796  -71.642  -10.598 0.1000000015
8475  34.319  -71.518  -11.885 0.1000000015
9147  33.519  -70.764  -11.068 0.1000000015
8488  34.100  -71.760  -12.744 0.1000000015
8502  33.903  -72.764  -14.219 0.1000000015
105787  33.882  -71.915  -13.388 0.1000000015
7722  33.982  -73.834  -14.924 0.1000000015
8503  33.111  -71.683  -14.332 0.1000000015
93702  33.886  -73.632  -15.845 0.1000000015
8522  33.439  -73.372  -15.477 0.1000000015
7746  33.772  -74.043  -16.222 0.1000000015
8551  34.536  -73.984  -17.025 0.1000000015
9232  36.449  -71.812  -17.397 0.1000000015
4789  34.377  -78.855  -4.964 0.1000000015
4799  34.743  -78.842  -5.574 0.1000000015
6374  35.261  -76.409  -8.042 0.1000000015
6373  35.688  -76.092  -8.707 0.1000000015
4781  34.344  -78.685  -4.289 0.1000000015
5889  35.096  -77.315  -7.954 0.1000000015
6972  36.161  -74.981  -9.126 0.1000000015
8443  35.648  -72.449  -10.081 0.1000000015
8457  35.402  -72.098  -10.678 0.1000000015
8473  35.429  -72.494  -11.844 0.1000000015
7721  34.658  -73.809  -14.605 0.1000000015
8487  34.537  -73.038  -13.762 0.1000000015
8538  34.300  -73.632  -16.454 0.1000000015
8537  34.870  -72.534  -17.123 0.1000000015
9221  36.600  -70.823  -17.166 0.1000000015
9856  38.412  -70.181  -16.491 0.1000000015
5331  34.837  -77.736  -4.204 0.1000000015
4780  34.669  -78.801  -4.886 0.1000000015
5344  35.245  -78.582  -6.428 0.1000000015
5353  35.279  -77.832  -7.776 0.1000000015
5896  36.039  -76.773  -9.039 0.1000000015
6386  36.442  -76.237  -9.438 0.1000000015
5354  34.985  -78.378  -7.172 0.1000000015
6985  36.525  -74.030  -9.733 0.1000000015
7677  36.598  -73.538  -10.615 0.1000000015
7694  35.626  -73.690  -13.465 0.1000000015
11155  34.771  -67.611  -13.979 0.1000000015
10479  34.704  -68.165  -14.673 0.1000000015
10480  34.533  -68.893  -14.646 0.1000000015
9199  34.565  -71.167  -15.228 0.1000000015
7734  34.808  -73.368  -15.266 0.1000000015
11168  35.295  -67.550  -14.793 0.1000000015
10498  34.781  -68.666  -15.163 0.1000000015
99483  34.625  -70.300  -15.398 0.1000000015
102576  34.940  -73.792  -14.706 0.1000000015
11908  35.565  -67.075  -14.169 0.1000000015
11167  36.377  -67.176  -14.793 0.1000000015
11178  35.855  -67.706  -15.488 0.1000000015
9843  34.995  -69.486  -15.678 0.1000000015
9210  34.517  -71.800  -15.894 0.1000000015
8521  34.259  -73.702  -15.873 0.1000000015
11907  36.398  -66.759  -14.072 0.1000000015
11906  37.222  -66.799  -14.238 0.1000000015
10496  36.431  -68.234  -16.067 0.1000000015
92375  34.618  -72.139  -16.499 0.1000000015
101136  34.921  -71.258  -16.705 0.1000000015
11165  38.504  -67.687  -15.103 0.1000000015
9857  36.992  -69.748  -16.732 0.1000000015
11176  38.607  -68.485  -15.559 0.1000000015
5864  35.793  -77.220  -5.478 0.1000000015
5339  35.124  -78.455  -5.211 0.1000000015
5873  36.216  -77.519  -6.669 0.1000000015
5363  35.748  -77.589  -8.052 0.1000000015
5352  35.670  -78.077  -7.517 0.1000000015
5887  36.197  -77.006  -8.688 0.1000000015
5895  36.593  -76.319  -9.387 0.1000000015
6971  36.899  -75.631  -10.001 0.1000000015
6984  37.310  -74.866  -10.609 0.1000000015
7685  36.208  -72.749  -11.127 0.1000000015
97937  36.381  -73.571  -12.245 0.1000000015
8500  36.078  -73.351  -14.093 0.1000000015
7707  35.240  -73.798  -14.026 0.1000000015
9818  34.533  -69.195  -14.160 0.1000000015
9185  34.718  -70.440  -14.464 0.1000000015
9198  35.104  -71.990  -14.892 0.1000000015
8501  35.430  -73.331  -14.699 0.1000000015
11169  34.494  -68.361  -14.015 0.1000000015
11881  37.195  -66.151  -12.815 0.1000000015
11895  36.933  -66.445  -13.495 0.1000000015
5863  36.292  -75.395  -4.407 0.1000000015
91108  37.064  -76.155  -6.669 0.1000000015
93202  36.917  -76.846  -8.366 0.1000000015
5886  37.227  -76.394  -8.985 0.1000000015
5881  36.346  -77.437  -8.037 0.1000000015
6384  37.614  -75.798  -9.841 0.1000000015
6385  37.059  -75.889  -10.016 0.1000000015
6394  37.466  -75.434  -10.390 0.1000000015
7684  36.924  -74.022  -11.972 0.1000000015
7693  36.254  -73.993  -13.365 0.1000000015
7692  37.062  -74.402  -13.039 0.1000000015
8486  36.831  -73.293  -13.503 0.1000000015
7706  35.978  -73.952  -13.938 0.1000000015
9817  34.931  -69.720  -13.462 0.1000000015
11898  34.490  -67.078  -13.256 0.1000000015
10468  34.492  -68.449  -13.285 0.1000000015
11883  35.074  -66.339  -12.996 0.1000000015
11897  35.032  -66.901  -13.626 0.1000000015
5880  37.150  -76.597  -7.615 0.1000000015
91680  37.645  -75.829  -8.057 0.1000000015
6393  37.638  -75.320  -10.575 0.1000000015
6401  38.385  -74.901  -11.363 0.1000000015
6983  37.798  -75.121  -11.188 0.1000000015
6995  38.109  -74.990  -12.100 0.1000000015
7005  37.670  -74.682  -12.562 0.1000000015
7704  37.754  -73.811  -13.263 0.1000000015
7705  36.797  -74.085  -13.427 0.1000000015
9183  36.465  -72.098  -13.542 0.1000000015
9184  35.617  -71.459  -13.958 0.1000000015
11156  34.433  -67.798  -13.425 0.1000000015
11882  36.250  -66.114  -12.978 0.1000000015
12577  37.962  -66.006  -12.299 0.1000000015
6363  37.632  -74.932  -6.928 0.1000000015
6958  38.550  -73.904  -8.066 0.1000000015
6372  38.285  -75.173  -8.692 0.1000000015
6957  38.936  -74.013  -8.846 0.1000000015
6383  38.555  -74.928  -9.487 0.1000000015
6982  38.907  -74.443  -10.596 0.1000000015
6392  38.335  -75.031  -10.326 0.1000000015
6413  38.643  -74.680  -12.139 0.1000000015
7690  38.859  -74.317  -12.271 0.1000000015
7004  38.340  -74.639  -12.591 0.1000000015
7010  37.780  -74.463  -13.039 0.1000000015
9170  36.972  -71.756  -12.996 0.1000000015
107080  35.685  -70.338  -13.131 0.1000000015
9171  36.387  -70.766  -12.870 0.1000000015
11145  34.286  -67.452  -12.657 0.1000000015
9805  34.827  -68.949  -12.686 0.1000000015
12567  37.530  -65.558  -11.683 0.1000000015
7666  39.145  -73.358  -9.098 0.1000000015
6970  39.002  -74.198  -9.648 0.1000000015
7675  39.140  -73.615  -10.035 0.1000000015
93426  39.101  -73.168  -10.482 0.1000000015
7682  39.095  -74.145  -11.386 0.1000000015
7683  38.985  -73.565  -11.782 0.1000000015
7691  38.483  -74.116  -12.733 0.1000000015
8472  37.488  -72.271  -12.766 0.1000000015
12569  35.431  -65.341  -11.623 0.1000000015
11884  34.341  -66.609  -12.495 0.1000000015
9804  35.571  -69.783  -12.550 0.1000000015
12568  36.495  -65.352  -11.722 0.1000000015
7676  39.136  -73.061  -9.450 0.1000000015
90151  38.410  -72.325  -10.831 0.1000000015
8441  38.441  -72.351  -9.496 0.1000000015
9146  36.876  -70.454  -11.230 0.1000000015
8456  37.605  -71.361  -11.054 0.1000000015
8455  38.213  -72.674  -12.230 0.1000000015
9158  37.034  -70.971  -12.235 0.1000000015
12580  34.768  -65.842  -12.183 0.1000000015
10455  34.447  -68.185  -12.280 0.1000000015
89462  37.175  -65.138  -11.091 0.1000000015
9781  35.876  -69.551  -10.893 0.1000000015
100419  37.530  -71.384  -11.904 0.1000000015
93929  34.144  -67.457  -11.765 0.1000000015
9791  35.256  -69.063  -11.747 0.1000000015
9159  36.197  -70.103  -11.836 0.1000000015
9785  28.431  -69.154  -10.444 0.1000000015
10428  28.906  -68.666  -10.949 0.1000000015
10457  29.194  -68.472  -12.386 0.1000000015
10458  28.406  -68.580  -12.500 0.1000000015
98992  28.894  -68.442  -13.030 0.1000000015
11200  31.996  -67.534  -17.553 0.1000000015
10470  28.897  -68.432  -13.877 0.1000000015
11199  32.890  -67.875  -17.693 0.1000000015
10482  29.181  -68.346  -14.835 0.1000000015
11189  29.155  -67.418  -16.633 0.1000000015
11179  28.864  -67.784  -16.026 0.1000000015
10459  27.699  -68.856  -12.729 0.1000000015
9794  28.177  -69.048  -11.232 0.1000000015
10483  28.329  -68.214  -14.558 0.1000000015
8398  30.262  -71.884  -5.573 0.1000000015
9763  30.158  -69.263  -8.170 0.1000000015
98729  29.349  -68.937  -9.257 0.1000000015
90617  31.266  -69.492  -16.641 0.1000000015
10499  30.152  -68.792  -15.942 0.1000000015
7622  31.086  -72.696  -4.587 0.1000000015
8414  30.656  -71.120  -5.829 0.1000000015
9107  31.296  -70.538  -6.303 0.1000000015
10426  30.532  -68.661  -10.569 0.1000000015
9859  31.166  -70.050  -16.333 0.1000000015
8412  32.502  -71.239  -5.882 0.1000000015
9114  32.037  -70.335  -7.020 0.1000000015
9127  31.495  -69.860  -7.767 0.1000000015
107554  30.543  -68.733  -12.999 0.1000000015
9807  31.002  -68.749  -12.348 0.1000000015
9820  30.519  -68.859  -13.845 0.1000000015
99673  29.092  -78.466  -3.089 0.1000000015
8426  32.733  -71.025  -6.647 0.1000000015
9125  32.918  -70.357  -8.590 0.1000000015
9201  31.549  -70.467  -15.212 0.1000000015
7632  33.557  -72.765  -5.596 0.1000000015
6943  33.808  -73.665  -5.335 0.1000000015
9138  33.331  -70.577  -9.485 0.1000000015
9187  32.550  -70.714  -13.742 0.1000000015
7777  32.719  -73.544  -17.062 0.1000000015
7791  33.728  -74.238  -18.091 0.1000000015
8561  34.089  -73.128  -18.501 0.1000000015
4214  31.490  -79.208  -3.264 0.1000000015
5341  32.813  -78.103  -4.654 0.1000000015
7657  34.162  -72.550  -6.975 0.1000000015
7669  34.700  -72.404  -8.305 0.1000000015
8434  34.232  -71.784  -8.432 0.1000000015
7747  33.285  -73.787  -16.233 0.1000000015
102373  33.791  -74.447  -17.764 0.1000000015
5340  33.677  -78.507  -5.172 0.1000000015
96190  34.891  -75.903  -7.083 0.1000000015
7679  34.920  -72.295  -9.120 0.1000000015
8459  34.287  -71.302  -10.916 0.1000000015
7760  33.933  -74.412  -16.731 0.1000000015
7049  34.196  -74.531  -17.712 0.1000000015
7678  35.914  -72.979  -9.577 0.1000000015
8474  34.931  -72.718  -12.937 0.1000000015
104420  33.511  -72.975  -14.853 0.1000000015
7735  34.363  -73.830  -14.888 0.1000000015
7774  35.226  -74.113  -17.550 0.1000000015
5888  35.587  -77.157  -8.391 0.1000000015
10511  37.732  -69.260  -16.367 0.1000000015
9233  35.534  -71.388  -17.136 0.1000000015
9858  35.537  -70.229  -16.559 0.1000000015
9831  34.492  -69.789  -14.840 0.1000000015
101743  34.554  -69.356  -15.095 0.1000000015
7720  35.393  -73.736  -14.201 0.1000000015
10497  35.453  -68.450  -15.683 0.1000000015
11896  35.833  -66.574  -13.591 0.1000000015
9222  34.738  -70.753  -16.138 0.1000000015
10513  35.932  -69.050  -16.296 0.1000000015
11177  36.892  -67.633  -15.592 0.1000000015
10495  37.591  -68.454  -16.027 0.1000000015
102162  39.185  -67.634  -14.554 0.1000000015
7719  36.125  -73.964  -13.839 0.1000000015
12578  36.877  -65.777  -12.334 0.1000000015
6996  37.552  -74.683  -11.617 0.1000000015
12579  35.739  -65.706  -12.374 0.1000000015
10377  43.392  -68.399  -7.068 0.4000000060
100219  43.324  -67.922  -11.085 0.3000000119
11122  43.945  -67.786  -10.245 0.3000000119
11098  44.099  -68.099  -8.126 0.4000000060
11844  44.572  -67.230  -9.482 0.3000000119
11833  44.114  -67.448  -7.991 0.4000000060
12663  41.845  -65.448  -21.789 0.1000000015
11997  42.773  -65.620  -21.035 0.1000000015
12632  43.627  -65.405  -18.825 0.2000000030
12608  44.730  -64.719  -16.717 0.3000000119
13240  42.514  -65.347  -8.457 0.4000000060
11134  42.908  -67.948  -11.742 0.3000000119
13297  45.791  -64.282  -13.891 0.4000000060
104300  45.589  -64.683  -11.322 0.4000000060
12619  44.833  -64.858  -17.872 0.2000000030
12598  45.637  -64.316  -15.381 0.3000000119
13289  45.758  -64.088  -12.499 0.4000000060
13268  45.462  -64.944  -10.707 0.4000000060
92469  44.461  -65.014  -18.460 0.3000000119
13282  45.535  -64.267  -11.487 0.4000000060
13269  44.603  -64.775  -10.352 0.4000000060
13255  43.180  -65.010  -9.306 0.4000000060
12673  42.389  -64.711  -22.480 0.1000000015
12631  44.231  -64.675  -19.047 0.2000000030
98639  45.380  -64.326  -17.474 0.3000000119
13306  46.150  -63.821  -14.891 0.3000000119
14064  44.904  -63.988  -10.846 0.4000000060
96932  45.983  -63.666  -13.303 0.4000000060
103130  45.649  -63.741  -12.126 0.4000000060
13270  43.602  -64.575  -10.102 0.4000000060
12662  42.720  -64.926  -21.651 0.2000000030
12652  43.210  -64.734  -20.965 0.2000000030
12618  45.345  -64.284  -17.968 0.2000000030
12641  43.428  -65.398  -19.630 0.2000000030
13305  46.367  -63.412  -14.991 0.3000000119
13296  46.315  -63.479  -14.235 0.3000000119
13431  42.061  -64.501  -23.182 0.1000000015
12607  45.695  -64.125  -16.597 0.3000000119
14083  45.837  -63.452  -12.808 0.4000000060
14065  44.081  -63.950  -10.762 0.4000000060
13241  41.620  -64.715  -8.281 0.5000000000
13231  41.390  -64.566  -7.438 0.5000000000
14018  42.155  -63.770  -6.217 0.4000000060
14074  45.685  -63.045  -12.609 0.4000000060
14049  42.508  -64.261  -9.855 0.4000000060
13256  42.019  -64.613  -9.090 0.5000000000
13242  40.905  -64.134  -8.060 0.5000000000
14019  41.513  -63.619  -6.635 0.4000000060
12630  44.971  -64.506  -18.414 0.2000000030
13335  45.556  -64.039  -17.425 0.4000000060
13355  45.391  -63.959  -17.909 0.2000000030
13320  45.868  -63.709  -15.661 0.3000000119
13334  45.598  -63.764  -16.725 0.4000000060
14108  46.499  -63.091  -14.525 0.3000000119
13232  40.893  -63.872  -7.379 0.5000000000
94931  41.715  -62.987  -6.468 0.4000000060
14823  42.565  -63.098  -6.079 0.4000000060
14926  46.235  -63.369  -15.152 0.4000000060
14881  46.076  -62.654  -13.353 0.4000000060
14076  44.521  -63.386  -11.573 0.4000000060
14036  41.056  -64.195  -8.861 0.5000000000
12640  43.720  -64.530  -20.103 0.2000000030
13429  43.154  -64.044  -22.465 0.2000000030
13379  44.652  -64.119  -18.686 0.2000000030
14835  43.264  -62.528  -5.966 0.4000000060
13377  45.225  -63.743  -17.985 0.2000000030
14871  45.013  -62.720  -12.407 0.4000000060
14066  43.000  -63.709  -10.516 0.4000000060
13430  42.757  -64.111  -23.005 0.2000000030
13408  43.828  -63.923  -20.239 0.2000000030
13354  45.368  -63.724  -17.476 0.3000000119
97886  45.480  -63.565  -16.534 0.4000000060
14914  46.336  -62.780  -14.508 0.3000000119
14067  41.900  -63.476  -10.317 0.5000000000
14029  40.498  -63.472  -7.672 0.5000000000
15592  45.862  -61.600  -5.337 0.4000000060
13445  43.121  -63.494  -22.987 0.2000000030
13409  43.555  -64.023  -20.917 0.2000000030
14882  45.492  -62.108  -13.035 0.4000000060
14077  43.475  -63.138  -11.289 0.4000000060
107143  40.491  -62.975  -7.455 0.5000000000
14836  42.210  -62.282  -6.392 0.4000000060
17062  48.068  -60.141  -5.705 0.4000000060
13446  42.647  -63.455  -23.508 0.2000000030
14194  43.407  -63.602  -20.712 0.2000000030
14159  44.896  -63.716  -18.373 0.2000000030
15669  45.830  -62.123  -14.181 0.4000000060
14037  40.525  -63.520  -8.466 0.5000000000
13466  42.279  -63.177  -24.489 0.2000000030
14915  45.756  -62.590  -14.728 0.4000000060
15652  45.751  -61.944  -13.720 0.3000000119
14867  42.401  -62.867  -11.057 0.5000000000
14050  41.475  -63.899  -9.586 0.5000000000
106962  47.196  -61.043  -5.723 0.4000000060
16348  47.764  -60.598  -5.689 0.2000000030
106749  43.302  -63.730  -22.218 0.2000000030
90848  45.350  -63.374  -16.526 0.4000000060
14837  41.378  -62.263  -6.899 0.4000000060
15593  42.920  -61.642  -6.331 0.4000000060
14220  43.215  -63.291  -22.605 0.2000000030
14177  43.815  -63.772  -19.867 0.2000000030
88834  44.151  -63.976  -19.011 0.2000000030
14207  43.286  -63.490  -21.753 0.2000000030
16359  46.440  -61.128  -5.979 0.4000000060
92972  43.866  -61.102  -6.137 0.4000000060
14872  43.964  -62.496  -12.215 0.3000000119
14051  40.689  -63.427  -9.250 0.5000000000
103292  40.244  -62.907  -7.960 0.5000000000
15653  44.983  -61.432  -13.491 0.4000000060
14883  44.669  -61.628  -12.863 0.3000000119
14873  42.946  -62.209  -11.940 0.4000000060
14109  45.065  -62.666  -15.068 0.4000000060
14068  40.994  -63.113  -9.985 0.5000000000
16360  45.086  -60.845  -6.112 0.4000000060
14842  40.737  -62.441  -7.454 0.5000000000
99949  40.401  -62.065  -8.074 0.5000000000
14868  41.387  -62.539  -10.753 0.5000000000
89900  40.248  -62.663  -8.832 0.5000000000
14874  42.027  -61.749  -11.503 0.5000000000
11845  44.372  -67.314  -8.743 0.4000000060
13254  44.302  -65.425  -9.576 0.4000000060
95614  44.988  -61.719  -5.740 0.4000000060
104868  40.427  -62.699  -9.580 0.5000000000
11877  44.064  -67.326  -12.523 0.3000000119
11866  44.236  -67.408  -11.954 0.3000000119
11121  44.619  -66.991  -10.373 0.2000000030
11903  42.894  -67.413  -14.379 0.2000000030
11891  43.874  -67.078  -13.183 0.3000000119
11890  44.425  -66.336  -12.793 0.3000000119
11916  43.471  -65.659  -15.367 0.2000000030
12587  44.330  -65.825  -13.621 0.2000000030
12620  43.784  -65.420  -18.037 0.2000000030
14263  42.037  -62.959  -26.202 0.1000000015
13496  41.290  -63.860  -27.179 0.1000000015
13382  41.016  -64.046  -18.465 0.1000000015
11151  42.887  -67.855  -13.338 0.1000000015
11141  43.571  -67.765  -12.049 0.2000000030
11133  43.977  -67.494  -11.206 0.2000000030
11161  43.237  -67.597  -13.597 0.2000000030
11150  43.469  -67.652  -12.881 0.2000000030
10476  42.017  -68.731  -14.706 0.1000000015
11173  42.266  -68.322  -14.721 0.1000000015
10490  41.837  -69.082  -14.987 0.1000000015
92150  41.489  -69.050  -15.510 0.1000000015
14253  41.949  -63.317  -25.346 0.1000000015
14195  42.639  -63.102  -20.785 0.1000000015
88877  42.683  -63.467  -19.358 0.1000000015
13381  42.186  -63.768  -18.577 0.1000000015
13337  42.976  -64.025  -16.574 0.1000000015
14209  41.909  -62.701  -21.400 0.1000000015
13322  42.661  -63.935  -15.615 0.1000000015
14160  41.523  -63.511  -19.168 0.1000000015
13323  41.887  -64.489  -16.013 0.1000000015
14111  41.666  -63.637  -14.543 0.1000000015
99796  41.717  -64.267  -15.174 0.1000000015
14919  41.135  -62.690  -14.160 0.1000000015
11162  42.494  -68.166  -14.204 0.2000000030
14131  44.895  -63.301  -17.175 0.1000000015
96149  44.511  -61.243  -13.731 0.3000000119
14979  43.099  -62.801  -22.665 0.1000000015
101244  43.126  -63.283  -21.240 0.1000000015
14178  43.598  -63.667  -19.526 0.1000000015
13336  44.044  -63.491  -17.237 0.1000000015
90939  43.981  -62.656  -14.778 0.2000000030
15691  44.513  -61.272  -14.045 0.3000000119
15655  43.170  -60.533  -12.842 0.3000000119
15639  41.937  -60.469  -11.894 0.3000000119
14999  42.900  -62.357  -23.263 0.1000000015
13357  43.121  -63.830  -17.830 0.1000000015
14110  43.393  -63.423  -15.172 0.1000000015
93204  44.013  -61.673  -14.359 0.2000000030
16428  42.857  -60.276  -12.993 0.3000000119
14980  42.538  -62.462  -22.456 0.1000000015
13307  42.402  -63.756  -14.982 0.1000000015
15693  42.387  -61.295  -14.136 0.2000000030
16429  41.948  -59.895  -12.591 0.3000000119
14918  42.145  -62.558  -14.315 0.1000000015
15673  41.640  -60.959  -13.900 0.2000000030
16439  41.993  -59.941  -12.858 0.4000000060
13308  41.016  -64.359  -14.719 0.1000000015
104433  41.616  -61.782  -14.103 0.1000000015
92480  41.604  -60.250  -13.364 0.3000000119
11868  38.889  -66.077  -12.069 0.1000000015
11879  39.780  -66.450  -12.359 0.1000000015
14854  40.066  -62.042  -9.663 0.4000000060
15638  42.699  -60.967  -12.257 0.3000000119
15629  40.149  -61.357  -10.423 0.4000000060
93464  40.513  -60.475  -10.923 0.4000000060
16413  41.735  -59.572  -12.154 0.4000000060
17127  41.452  -58.710  -11.908 0.5000000000
17146  41.486  -59.305  -12.352 0.5000000000
14112  40.496  -63.809  -14.171 0.2000000030
102601  41.466  -59.681  -12.815 0.4000000060
12601  39.901  -65.028  -15.518 0.1000000015
13309  39.486  -64.257  -14.271 0.1000000015
98241  40.178  -61.973  -13.643 0.2000000030
15674  40.728  -60.941  -13.605 0.2000000030
13384  39.070  -63.945  -18.066 0.1000000015
12610  39.298  -65.129  -16.186 0.1000000015
14096  39.593  -63.501  -13.820 0.2000000030
14163  38.512  -63.613  -18.405 0.1000000015
13341  38.487  -64.835  -16.780 0.1000000015
15600  40.934  -61.518  -7.457 0.4000000060
15594  41.851  -61.438  -6.833 0.3000000119
15616  39.826  -61.010  -9.666 0.4000000060
14845  40.178  -61.683  -8.840 0.4000000060
15630  39.978  -60.449  -10.372 0.4000000060
15607  40.157  -60.889  -8.740 0.4000000060
15640  41.347  -59.588  -11.559 0.4000000060
98811  41.258  -58.504  -11.580 0.4000000060
16399  40.705  -59.275  -10.890 0.4000000060
17147  41.215  -58.493  -12.050 0.4000000060
16441  40.147  -60.441  -13.227 0.3000000119
16440  40.971  -59.970  -13.137 0.4000000060
16430  41.102  -59.191  -12.601 0.4000000060
97354  38.064  -64.751  -14.985 0.2000000030
13310  38.584  -64.427  -14.348 0.2000000030
15675  39.640  -61.625  -13.327 0.2000000030
89738  38.314  -64.951  -15.821 0.1000000015
14224  36.773  -62.368  -22.937 0.1000000015
98013  41.347  -60.599  -7.398 0.4000000060
16362  42.590  -60.570  -6.849 0.4000000060
16377  40.270  -60.281  -8.330 0.4000000060
16378  39.846  -60.126  -9.126 0.4000000060
94050  39.657  -59.176  -9.560 0.4000000060
17108  41.192  -58.127  -11.352 0.4000000060
17109  40.553  -58.344  -10.551 0.4000000060
17128  41.182  -58.083  -11.714 0.3000000119
17148  40.610  -58.835  -12.388 0.4000000060
17832  41.080  -58.011  -11.713 0.4000000060
15656  39.312  -61.018  -12.785 0.3000000119
107095  40.566  -59.616  -12.845 0.4000000060
13326  37.575  -64.737  -15.622 0.2000000030
13311  37.713  -64.409  -14.285 0.2000000030
14097  38.850  -63.335  -13.590 0.2000000030
13342  37.548  -64.652  -16.552 0.2000000030
15025  35.870  -61.995  -23.281 0.1000000015
15004  36.191  -61.977  -23.101 0.1000000015
14982  36.144  -62.426  -22.477 0.1000000015
17077  44.724  -60.041  -6.743 0.3000000119
16371  42.887  -59.554  -7.324 0.4000000060
17092  41.739  -59.682  -7.565 0.4000000060
17774  41.151  -58.776  -8.002 0.4000000060
17093  40.599  -59.685  -8.013 0.4000000060
17096  39.730  -59.060  -8.812 0.4000000060
17098  39.887  -58.146  -9.585 0.4000000060
97440  41.029  -57.623  -11.438 0.4000000060
95661  40.880  -57.328  -10.805 0.3000000119
15641  37.922  -60.960  -12.021 0.3000000119
16432  38.883  -60.473  -12.355 0.3000000119
17149  39.403  -59.271  -12.319 0.3000000119
17129  40.159  -58.355  -11.853 0.3000000119
94236  36.269  -64.508  -15.150 0.2000000030
13312  36.823  -64.380  -14.307 0.2000000030
14084  37.331  -63.144  -12.941 0.3000000119
14901  38.066  -62.410  -12.780 0.2000000030
16431  39.797  -59.886  -12.772 0.3000000119
94890  37.198  -64.608  -15.023 0.2000000030
93432  38.118  -63.310  -13.244 0.2000000030
91578  36.865  -64.590  -15.874 0.2000000030
17076  45.777  -60.395  -6.631 0.3000000119
17090  45.091  -59.595  -7.153 0.3000000119
17091  44.006  -59.411  -7.155 0.4000000060
16361  43.799  -60.172  -6.606 0.3000000119
17786  42.448  -58.024  -8.107 0.3000000119
17772  43.296  -58.699  -7.833 0.4000000060
17787  41.600  -58.002  -8.127 0.4000000060
17773  42.146  -58.794  -7.786 0.4000000060
89743  40.765  -57.864  -8.369 0.4000000060
17788  40.244  -58.570  -8.459 0.4000000060
18471  40.557  -57.057  -9.684 0.3000000119
17789  39.764  -57.929  -9.015 0.4000000060
96974  40.143  -57.689  -8.769 0.4000000060
17817  38.267  -58.608  -11.155 0.3000000119
17816  39.655  -58.021  -11.377 0.2000000030
18504  40.361  -57.223  -11.054 0.2000000030
18479  40.541  -56.985  -10.626 0.2000000030
17791  40.646  -57.151  -10.337 0.3000000119
17130  38.860  -58.879  -11.809 0.3000000119
17815  40.853  -57.518  -11.376 0.2000000030
17799  40.897  -57.154  -11.066 0.2000000030
14099  35.674  -63.740  -13.548 0.2000000030
14085  36.581  -62.831  -12.625 0.3000000119
14885  37.223  -62.472  -12.577 0.3000000119
15657  37.506  -61.794  -12.353 0.3000000119
17088  47.260  -60.202  -7.222 0.3000000119
17075  47.071  -60.746  -6.491 0.3000000119
18469  41.281  -57.070  -8.492 0.3000000119
18485  40.281  -56.487  -10.417 0.2000000030
19217  40.415  -55.931  -9.875 0.2000000030
19209  40.846  -56.226  -9.042 0.2000000030
18470  40.603  -57.026  -8.874 0.2000000030
19229  39.600  -56.516  -10.426 0.2000000030
18486  40.407  -56.934  -10.782 0.2000000030
18478  40.572  -56.505  -9.923 0.2000000030
16358  48.109  -60.420  -6.143 0.2000000030
13361  37.965  -64.340  -17.398 0.1000000015
14086  35.810  -63.138  -12.784 0.3000000119
13343  36.066  -64.468  -16.130 0.2000000030
93644  44.875  -66.592  -9.053 0.3000000119
98704  45.255  -66.149  -10.489 0.3000000119
11876  44.656  -66.747  -12.116 0.3000000119
12592  44.552  -65.284  -14.703 0.2000000030
12551  39.402  -66.087  -11.418 0.1000000015
11142  43.030  -67.844  -12.544 0.2000000030
13356  44.509  -63.496  -17.896 0.1000000015
15690  45.274  -61.717  -14.208 0.3000000119
16370  47.912  -60.586  -6.685 0.3000000119
14142  44.089  -63.704  -18.481 0.1000000015
14123  44.679  -63.047  -15.551 0.3000000119
15637  43.611  -61.365  -12.594 0.2000000030
14916  44.862  -61.978  -14.492 0.2000000030
91477  43.178  -63.406  -20.072 0.1000000015
11902  43.610  -66.474  -14.024 0.2000000030
13358  41.648  -64.314  -17.714 0.1000000015
14208  42.873  -62.951  -21.725 0.1000000015
14179  42.070  -63.251  -19.931 0.1000000015
13380  43.338  -63.681  -18.820 0.1000000015
13338  42.108  -64.345  -16.948 0.1000000015
92520  42.805  -63.195  -14.612 0.1000000015
13321  44.108  -63.541  -16.156 0.2000000030
15654  43.924  -61.068  -13.245 0.3000000119
14917  43.105  -62.007  -14.429 0.2000000030
15671  43.639  -60.960  -13.571 0.3000000119
16412  42.340  -60.202  -12.568 0.4000000060
15628  40.926  -61.307  -11.191 0.4000000060
15692  43.384  -61.104  -14.037 0.3000000119
15672  42.568  -60.502  -13.550 0.3000000119
15606  40.359  -61.190  -8.081 0.4000000060
16384  39.760  -59.829  -10.089 0.4000000060
13325  39.087  -64.894  -15.057 0.2000000030
13298  38.944  -63.930  -13.928 0.2000000030
16372  40.637  -60.666  -7.779 0.4000000060
13299  38.266  -64.014  -13.719 0.2000000030
14884  38.452  -61.463  -12.491 0.3000000119
14900  38.841  -62.526  -13.260 0.2000000030
95593  37.345  -63.942  -13.543 0.2000000030
16414  38.344  -59.980  -11.825 0.3000000119
14098  36.557  -63.492  -13.180 0.2000000030
17771  44.477  -58.838  -7.601 0.4000000060
17800  38.832  -57.826  -10.811 0.2000000030
18487  39.298  -57.100  -10.619 0.2000000030
17770  45.551  -59.073  -7.517 0.2000000030
17784  45.083  -58.299  -7.884 0.3000000119
17089  46.186  -59.903  -7.119 0.2000000030
100654  46.487  -59.440  -7.546 0.2000000030
11917  42.628  -65.988  -16.091 0.1000000015
11927  42.562  -65.903  -17.118 0.1000000015
12609  43.697  -65.374  -16.907 0.1000000015
11143  42.369  -67.779  -12.831 0.1000000015
11937  42.658  -65.897  -18.312 0.1000000015
17743  48.215  -59.582  -5.877 0.1000000015
17074  48.437  -59.830  -6.299 0.1000000015
17767  49.296  -58.777  -7.477 0.1000000015
17073  48.839  -59.303  -6.938 0.1000000015
100026  48.046  -60.160  -7.215 0.1000000015
17095  48.986  -59.155  -7.397 0.1000000015
17768  48.471  -59.495  -7.504 0.1000000015
17769  47.385  -59.421  -7.725 0.1000000015
100615  47.039  -58.695  -8.221 0.1000000015
18464  47.448  -58.206  -8.574 0.2000000030
99435  43.184  -57.918  -8.232 0.2000000030
18465  46.377  -58.060  -8.476 0.2000000030
100276  45.561  -57.960  -8.315 0.2000000030
18466  44.684  -57.502  -8.441 0.2000000030
17785  44.014  -58.162  -8.214 0.2000000030
19213  46.968  -56.719  -9.370 0.2000000030
18477  45.591  -57.264  -8.734 0.2000000030
18468  42.663  -57.215  -8.384 0.2000000030
97469  41.950  -57.413  -8.240 0.2000000030
19208  41.609  -56.158  -8.764 0.1000000015
96621  47.885  -57.606  -9.063 0.2000000030
18467  43.661  -57.397  -8.545 0.2000000030
90425  43.283  -56.604  -8.749 0.2000000030
19917  42.959  -55.819  -8.944 0.1000000015
19207  42.399  -56.377  -8.641 0.1000000015
17087  48.496  -59.948  -6.860 0.1000000015
17757  48.545  -59.238  -6.405 0.1000000015
17756  49.046  -58.804  -6.986 0.1000000015
17781  49.104  -59.000  -7.993 0.1000000015
17783  46.205  -58.695  -8.002 0.2000000030
14886  35.876  -62.454  -12.198 0.2000000030
16415  37.265  -60.391  -11.493 0.2000000030
100330  36.208  -61.864  -11.847 0.2000000030
103542  35.212  -62.800  -12.507 0.2000000030
16417  35.297  -60.939  -11.254 0.2000000030
98086  36.029  -61.353  -11.566 0.2000000030
17132  36.670  -59.883  -10.970 0.2000000030
15644  34.633  -61.572  -11.607 0.2000000030
17131  37.705  -59.480  -11.308 0.2000000030
17111  36.103  -59.351  -10.542 0.1000000015
16400  35.700  -60.121  -10.828 0.2000000030
17110  37.128  -59.094  -10.719 0.2000000030
93750  37.582  -58.313  -10.504 0.2000000030
17112  35.159  -59.488  -10.493 0.1000000015
17802  35.540  -58.755  -10.174 0.1000000015
17801  36.498  -58.589  -10.279 0.1000000015
17794  34.050  -58.049  -9.914 0.1000000015
17804  33.483  -58.769  -10.469 0.1000000015
18488  38.025  -57.575  -10.184 0.1000000015
99650  36.152  -57.175  -9.633 0.1000000015
18489  36.909  -57.880  -9.891 0.1000000015
17793  34.998  -58.129  -9.833 0.1000000015
18482  35.383  -57.544  -9.705 0.1000000015
18484  33.764  -57.256  -9.884 0.1000000015
18483  34.623  -57.438  -9.727 0.1000000015
100180  33.108  -57.005  -10.223 0.1000000015
19212  48.256  -56.829  -9.662 0.1000000015
19228  49.427  -56.555  -10.189 0.1000000015
19218  40.175  -55.851  -10.049 0.1000000015
18480  38.415  -56.858  -9.954 0.1000000015
18481  37.304  -57.110  -9.602 0.1000000015
19220  37.678  -56.365  -9.477 0.1000000015
100200  35.222  -56.891  -9.622 0.1000000015
19230  33.604  -56.490  -10.014 0.1000000015
19223  34.403  -56.687  -9.716 0.1000000015
19214  45.957  -56.702  -9.380 0.1000000015
19936  38.749  -55.418  -9.512 0.1000000015
96724  39.733  -55.970  -10.086 0.1000000015
20725  38.762  -54.687  -9.641 0.1000000015
19219  38.698  -56.159  -9.629 0.1000000015
20726  37.759  -54.928  -9.646 0.1000000015
20740  37.195  -54.331  -10.081 0.1000000015
19937  37.107  -55.565  -9.530 0.1000000015
19221  36.659  -56.292  -9.470 0.1000000015
21504  36.602  -53.883  -10.564 0.1000000015
103301  36.628  -54.351  -10.158 0.1000000015
19938  36.159  -55.532  -9.582 0.1000000015
20728  35.564  -54.896  -9.845 0.1000000015
19947  47.939  -55.778  -10.193 0.1000000015
19927  47.134  -56.137  -9.765 0.1000000015
21503  37.470  -53.739  -10.527 0.1000000015
20739  38.070  -54.139  -9.902 0.1000000015
16401  34.760  -60.219  -10.815 0.1000000015
17113  34.207  -59.553  -10.545 0.1000000015
19939  35.278  -55.610  -9.646 0.1000000015
107210  34.781  -55.176  -9.862 0.1000000015
19935  39.592  -55.237  -9.700 0.1000000015
15750  33.500  -61.678  -21.716 0.1000000015
102864  33.268  -61.394  -21.009 0.1000000015
15765  33.024  -61.798  -21.996 0.1000000015
15007  33.293  -62.262  -22.571 0.1000000015
14225  32.745  -63.363  -22.711 0.1000000015
13452  32.492  -64.392  -23.059 0.1000000015
12714  31.594  -65.865  -24.088 0.1000000015
15749  33.894  -61.735  -21.439 0.1000000015
14971  33.704  -61.812  -20.670 0.1000000015
13451  33.287  -63.984  -23.309 0.1000000015
15727  33.139  -61.408  -20.333 0.1000000015
14962  33.536  -62.061  -20.036 0.1000000015
14961  34.085  -62.549  -20.197 0.1000000015
14970  34.329  -62.246  -20.992 0.1000000015
15764  33.810  -61.805  -22.358 0.1000000015
15751  32.736  -61.390  -21.196 0.1000000015
14186  34.418  -63.255  -19.705 0.1000000015
15737  32.727  -61.235  -20.474 0.1000000015
14951  32.854  -62.034  -19.482 0.1000000015
14952  32.121  -62.420  -18.386 0.1000000015
15728  32.524  -61.081  -19.949 0.1000000015
15718  32.118  -61.323  -19.177 0.1000000015
12026  30.815  -66.329  -23.849 0.1000000015
4208  29.966  -79.110  -2.675 0.1000000015
4215  30.415  -79.325  -2.719 0.1000000015
4216  29.636  -78.993  -2.915 0.1000000015
4764  30.850  -79.076  -1.995 0.1000000015
4765  30.123  -78.981  -2.158 0.1000000015
4785  29.491  -78.819  -3.048 0.1000000015
7634  30.726  -72.345  -5.049 0.1000000015
7636  29.723  -73.400  -5.773 0.1000000015
7775  34.351  -74.483  -17.377 0.1000000015
7776  33.127  -74.186  -17.541 0.1000000015
8550  35.828  -72.744  -17.482 0.1000000015
9764  29.483  -69.369  -8.496 0.1000000015
10387  43.557  -68.516  -7.676 0.4000000060
10388  42.902  -68.695  -7.355 0.4000000060
10399  42.329  -68.744  -7.672 0.3000000119
10441  31.057  -68.773  -11.020 0.1000000015
10494  38.826  -69.515  -15.966 0.1000000015
10512  36.910  -68.855  -16.373 0.1000000015
11089  43.801  -68.070  -7.339 0.4000000060
11090  41.614  -68.526  -7.307 0.2000000030
11770  43.742  -66.170  -3.328 0.5000000000
11772  41.258  -66.364  -4.044 0.5000000000
11798  43.595  -66.688  -4.222 0.5000000000
11800  39.359  -66.017  -5.068 0.3000000119
11865  44.601  -66.785  -11.272 0.3000000119
11985  43.088  -65.527  -20.414 0.1000000015
12468  44.176  -65.945  -3.074 0.5000000000
12486  38.646  -64.963  -4.275 0.3000000119
12564  45.720  -65.028  -12.051 0.4000000060
13221  41.182  -63.928  -6.928 0.4000000060
13281  45.702  -64.164  -11.935 0.4000000060
13300  36.488  -64.026  -13.744 0.2000000030
13313  36.007  -64.240  -14.311 0.2000000030
13314  34.933  -64.253  -14.994 0.3000000119
13327  35.498  -64.395  -15.544 0.3000000119
13378  45.223  -63.935  -18.293 0.2000000030
13396  44.049  -64.055  -19.408 0.2000000030
13418  43.360  -64.114  -21.727 0.2000000030
14020  40.908  -63.172  -6.956 0.5000000000
14075  45.376  -63.583  -11.844 0.4000000060
14094  46.364  -63.054  -13.767 0.3000000119
14095  40.288  -62.790  -13.814 0.2000000030
14101  33.712  -63.440  -13.805 0.3000000119
14116  32.807  -63.290  -14.872 0.2000000030
14121  45.696  -63.724  -15.960 0.4000000060
14122  45.652  -63.292  -15.650 0.4000000060
14124  34.080  -64.158  -15.175 0.3000000119
14125  33.161  -63.744  -15.507 0.3000000119
14126  32.410  -63.190  -15.476 0.2000000030
14130  45.408  -63.543  -17.073 0.3000000119
14141  45.130  -63.532  -17.698 0.2000000030
14167  34.424  -63.511  -18.891 0.1000000015
14238  43.160  -62.751  -23.127 0.2000000030
14271  41.722  -63.015  -26.825 0.1000000015
14869  40.489  -62.263  -10.313 0.4000000060
14875  34.974  -62.251  -12.117 0.2000000030
14897  46.315  -62.606  -14.045 0.3000000119
14898  40.934  -61.806  -13.882 0.2000000030
14899  39.525  -62.615  -13.558 0.2000000030
14931  31.905  -62.981  -16.284 0.2000000030
15034  39.460  -61.739  -24.815 0.1000000015
15591  47.711  -60.842  -5.936 0.2000000030
15642  36.835  -61.324  -11.856 0.2000000030
15643  35.522  -61.767  -11.744 0.2000000030
15645  33.180  -61.744  -12.124 0.2000000030
15658  36.700  -62.138  -12.241 0.3000000119
15670  45.191  -61.451  -13.967 0.3000000119
15676  32.792  -62.379  -13.586 0.3000000119
15772  40.141  -61.495  -25.501 0.1000000015
16416  36.272  -60.665  -11.299 0.2000000030
16419  33.411  -60.808  -11.327 0.2000000030
16442  32.214  -60.807  -13.141 0.1000000015
16459  32.331  -61.031  -13.994 0.1000000015
17114  33.345  -59.636  -10.790 0.2000000030
17133  32.745  -59.758  -11.213 0.2000000030
17782  48.076  -58.933  -8.129 0.1000000015
17792  35.905  -58.041  -9.863 0.1000000015
17803  34.578  -58.808  -10.206 0.1000000015
17805  32.663  -58.426  -10.748 0.2000000030
17818  32.257  -58.574  -11.286 0.1000000015
17833  32.083  -58.735  -11.974 0.1000000015
18476  46.664  -57.387  -8.877 0.2000000030
18519  32.264  -57.396  -12.458 0.1000000015
19095  34.386  -55.342  -0.724 0.1000000015
19129  41.553  -56.985  -3.629 0.1000000015
19222  35.747  -56.238  -9.536 0.1000000015
19934  40.380  -55.167  -9.730 0.1000000015
19940  34.350  -55.806  -9.821 0.1000000015
20727  36.635  -54.853  -9.793 0.1000000015
20741  36.074  -54.333  -10.212 0.1000000015
90118  32.538  -63.301  -4.839 0.1000000015
92239  37.591  -63.489  -20.356 0.2000000030
93201  36.531  -77.351  -7.422 0.1000000015
93212  39.190  -64.933  -17.023 0.1000000015
93455  38.749  -64.450  -17.483 0.1000000015
94073  41.919  -56.825  -8.420 0.2000000030
95816  42.361  -64.502  -3.538 0.5000000000
96433  33.777  -61.445  -11.569 0.2000000030
96781  41.606  -63.437  -26.649 0.1000000015
98498  32.277  -57.241  -11.511 0.1000000015
99738  29.164  -78.509  -3.073 0.1000000015
99755  36.634  -64.487  -16.773 0.2000000030
100672  37.957  -55.669  -9.461 0.1000000015
101415  38.901  -61.867  -12.844 0.2000000030
104492  45.942  -63.908  -13.591 0.4000000060
104808  38.367  -63.888  -17.891 0.1000000015
105024  42.651  -62.158  -23.521 0.2000000030
105273  31.621  -61.654  -18.320 0.1000000015
105973  35.016  -56.199  -9.608 0.1000000015
106567  39.834  -66.723  -5.299 0.3000000119
106768  35.128  -68.021  -15.229 0.1000000015
107052  40.723  -65.964  -4.001 0.5000000000
107238  32.374  -59.855  -11.785 0.1000000015
107257  41.773  -61.865  -25.518 0.2000000030
107569  37.685  -62.470  -23.493 0.1000000015
