#!ascii label  , from subject OASIS_0001 vox2ras=TkReg
529
46015  23.829  -21.294  -18.934 0.1428571492
45999  22.353  -21.378  -17.871 0.1428571492
46795  22.820  -20.138  -19.878 0.1428571492
45265  24.738  -22.985  -19.833 0.1428571492
46031  23.963  -21.238  -20.374 0.2857142985
46016  22.932  -20.945  -18.403 0.1428571492
47575  23.134  -19.960  -20.556 0.5714285970
46793  24.109  -21.108  -20.774 0.1428571492
47574  25.332  -20.646  -20.470 0.2857142985
47573  26.500  -19.864  -19.867 0.1428571492
47584  25.883  -19.493  -20.518 0.2857142985
49087  27.197  -17.220  -21.711 0.2857142985
49078  26.730  -17.840  -20.982 0.1428571492
49079  25.944  -18.279  -21.470 0.2857142985
89579  27.792  -15.436  -21.948 0.2857142985
49865  27.966  -16.806  -21.198 0.2857142985
51457  27.529  -14.530  -22.198 0.2857142985
52990  27.411  -12.822  -22.526 0.2857142985
54572  27.784  -10.957  -23.097 0.8571428657
53794  27.511  -11.754  -22.767 0.4285714328
103218  27.932  -13.588  -21.835 0.2857142985
96619  28.798  -9.365  -23.713 0.7142857313
54583  28.211  -10.071  -23.578 0.7142857313
56143  29.522  -8.204  -24.829 0.8571428657
55361  29.147  -8.828  -24.310 0.5714285970
56144  28.858  -8.679  -25.259 0.8571428657
55362  28.377  -9.355  -24.619 0.7142857313
55363  27.825  -10.005  -24.466 0.7142857313
57724  29.952  -6.614  -25.152 0.4285714328
58525  30.227  -5.025  -25.201 0.2857142985
95492  29.694  -5.059  -25.587 0.5714285970
56945  29.375  -7.160  -25.565 0.8571428657
59229  30.690  -4.160  -24.988 0.1428571492
58519  30.667  -5.068  -24.562 0.1428571492
59230  30.063  -4.399  -25.454 0.4285714328
58526  29.749  -5.729  -25.435 0.5714285970
57725  29.223  -6.381  -25.782 0.8571428657
60734  29.574  -2.361  -24.908 0.1428571492
59943  30.779  -3.318  -24.973 0.1428571492
60742  30.088  -3.161  -25.174 0.1428571492
59955  29.664  -3.813  -25.503 0.4285714328
58527  29.057  -5.439  -25.992 0.8571428657
98354  29.532  -1.491  -24.532 0.1428571492
103190  30.158  -1.953  -24.561 0.1428571492
61450  28.716  -2.346  -25.339 0.4285714328
59231  29.270  -4.590  -25.721 0.7142857313
58534  28.220  -5.412  -26.367 0.8571428657
62166  28.803  -0.872  -24.513 0.1428571492
61441  28.766  -1.630  -25.020 0.1428571492
59956  28.706  -3.868  -25.705 0.8571428657
59236  28.484  -4.715  -26.116 0.8571428657
59964  27.849  -3.931  -26.105 0.8571428657
62839  28.927  -0.142  -23.992 0.1428571492
62848  28.143  -0.197  -24.537 0.2857142985
62176  28.014  -0.949  -25.139 0.1428571492
60743  29.141  -3.090  -25.381 0.7142857313
60745  27.322  -2.433  -25.882 0.8571428657
63470  27.836  1.285  -24.325 0.1428571492
64123  28.135  1.874  -23.805 0.1428571492
62849  27.595  0.534  -24.716 0.4285714328
62855  26.726  -0.252  -25.852 0.8571428657
62177  27.261  -1.002  -25.705 0.8571428657
61451  26.991  -1.765  -26.035 0.8571428657
63477  27.115  1.298  -25.012 0.4285714328
62181  26.557  -1.061  -26.199 0.8571428657
64124  27.320  2.101  -24.533 0.1428571492
64790  26.985  3.032  -24.317 0.2857142985
64131  26.739  1.908  -25.253 0.8571428657
62850  26.898  0.537  -25.414 0.8571428657
62856  26.282  0.508  -25.946 0.8571428657
62182  26.039  -0.326  -26.400 0.8571428657
64125  26.547  2.595  -25.059 0.7142857313
64132  26.122  2.139  -25.670 0.8571428657
63483  25.897  1.245  -25.926 0.8571428657
63484  25.369  1.140  -26.239 0.8571428657
62857  25.722  0.500  -26.364 0.8571428657
95836  25.958  2.927  -25.501 0.8571428657
64133  25.549  2.898  -26.018 0.8571428657
64141  25.533  1.932  -26.002 0.8571428657
64153  24.550  1.933  -26.523 0.7142857313
106010  25.054  1.712  -26.245 0.7142857313
64797  25.565  3.597  -25.638 0.8571428657
94126  25.036  3.178  -26.241 0.8571428657
64142  25.067  2.456  -26.234 0.8571428657
99267  24.452  3.689  -26.100 0.8571428657
103082  24.448  2.804  -26.364 0.7142857313
65473  25.081  4.381  -25.589 0.7142857313
65478  24.511  4.487  -25.709 0.8571428657
65479  23.873  4.586  -26.033 0.8571428657
66141  23.506  5.438  -26.275 0.7142857313
64806  23.590  3.754  -26.394 0.8571428657
67514  26.123  7.360  -24.375 0.1428571492
66140  24.107  5.277  -25.652 0.8571428657
66856  24.608  5.830  -25.675 0.7142857313
66857  23.956  5.921  -25.696 0.7142857313
65480  23.172  4.709  -26.511 0.8571428657
68301  26.243  8.579  -24.742 0.1428571492
66849  24.689  6.377  -25.615 0.5714285970
66850  23.953  6.489  -25.599 0.5714285970
66851  23.191  6.607  -25.973 0.5714285970
67521  25.265  7.974  -25.555 0.1428571492
69080  26.782  9.972  -25.250 0.1428571492
67523  24.134  7.302  -25.385 0.5714285970
69092  25.204  9.642  -27.532 0.1428571492
67529  25.377  8.621  -25.840 0.1428571492
69803  25.641  10.780  -27.176 0.1428571492
67522  24.727  7.452  -25.521 0.5714285970
69093  24.893  9.585  -27.663 0.1428571492
70491  25.264  11.288  -28.261 0.1428571492
45998  23.174  -21.672  -18.058 0.1428571492
45250  23.408  -22.458  -17.781 0.1428571492
46030  24.598  -21.903  -20.817 0.2857142985
91250  25.273  -21.887  -20.390 0.2857142985
46792  24.592  -21.575  -20.729 0.2857142985
48324  27.133  -18.156  -20.184 0.2857142985
48325  26.305  -18.593  -20.631 0.1428571492
104793  27.278  -13.836  -22.442 0.2857142985
101041  28.072  -11.352  -22.455 0.4285714328
56926  30.164  -7.756  -24.381 0.2857142985
54584  27.609  -10.718  -24.066 0.7142857313
57717  30.530  -6.452  -24.588 0.1428571492
56946  28.705  -7.221  -26.070 0.8571428657
62165  29.646  -0.783  -24.130 0.1428571492
103182  27.917  -1.843  -25.572 0.8571428657
66139  24.700  5.206  -25.535 0.8571428657
93593  25.051  7.046  -25.485 0.2857142985
69081  25.626  9.553  -26.074 0.1428571492
101837  26.595  12.395  -27.886 0.1428571492
45251  22.192  -22.127  -17.524 0.1428571492
46803  23.750  -20.481  -21.003 0.4285714328
47585  24.970  -19.969  -20.975 0.2857142985
46802  24.304  -20.722  -20.970 0.4285714328
47587  23.568  -19.437  -21.108 0.2857142985
49077  27.595  -17.434  -20.737 0.2857142985
49875  27.553  -16.458  -21.855 0.2857142985
53804  27.303  -11.484  -23.689 0.7142857313
60733  30.525  -2.610  -24.783 0.1428571492
62840  28.320  0.556  -24.090 0.1428571492
63469  28.452  1.182  -23.749 0.1428571492
97204  27.393  -0.224  -25.247 0.8571428657
64111  27.752  2.677  -23.811 0.1428571492
64796  26.170  3.504  -24.808 0.2857142985
63494  24.786  1.181  -26.609 0.8571428657
66132  25.711  5.090  -24.646 0.5714285970
66133  25.197  5.129  -25.292 0.5714285970
96714  25.057  5.865  -25.706 0.7142857313
66844  25.279  6.430  -25.459 0.4285714328
66843  25.861  6.497  -24.582 0.2857142985
67515  25.521  7.192  -25.130 0.1428571492
67520  25.882  7.971  -24.941 0.1428571492
68315  24.785  8.395  -25.857 0.2857142985
68313  25.686  8.656  -25.502 0.1428571492
68322  25.112  9.051  -27.105 0.1428571492
69083  24.676  9.201  -26.777 0.1428571492
69794  26.090  10.442  -26.132 0.1428571492
69804  24.859  10.024  -27.927 0.1428571492
91596  24.633  9.678  -27.366 0.1428571492
69813  24.843  11.167  -28.256 0.1428571492
65466  26.256  4.434  -24.404 0.4285714328
66111  26.437  5.215  -24.115 0.4285714328
66125  25.974  5.740  -24.431 0.4285714328
66126  25.494  5.837  -25.208 0.5714285970
46014  24.554  -21.951  -19.741 0.1428571492
46775  23.330  -20.674  -19.388 0.1428571492
46794  23.545  -20.689  -20.597 0.4285714328
46776  22.424  -20.194  -18.668 0.2857142985
46029  24.860  -22.812  -21.071 0.1428571492
55372  27.790  -9.682  -25.260 0.7142857313
56935  29.797  -7.483  -25.071 0.8571428657
56936  29.126  -7.998  -25.672 0.8571428657
58520  30.335  -5.824  -24.875 0.5714285970
60744  28.069  -2.978  -25.672 0.8571428657
63478  26.483  1.288  -25.550 0.8571428657
64805  25.114  3.697  -26.012 0.8571428657
101030  27.327  10.739  -25.564 0.1428571492
68314  25.175  8.729  -26.732 0.1428571492
69802  26.757  11.162  -26.474 0.1428571492
48314  27.612  -18.634  -19.721 0.1428571492
65472  25.570  4.332  -25.023 0.5714285970
47586  24.291  -19.834  -21.199 0.4285714328
50675  27.035  -15.989  -22.354 0.5714285970
68316  23.892  8.056  -25.311 0.1428571492
49886  26.248  -16.314  -22.513 0.5714285970
49888  24.843  -16.103  -22.326 0.5714285970
93681  24.257  -15.595  -22.104 0.2857142985
51469  25.847  -15.024  -23.134 0.5714285970
50698  25.081  -15.108  -23.172 0.5714285970
49878  23.841  -16.780  -21.485 0.4285714328
50687  25.510  -15.760  -22.717 0.5714285970
50689  23.487  -15.135  -22.051 0.2857142985
51470  24.312  -14.850  -22.679 0.4285714328
52198  26.780  -13.631  -22.972 0.4285714328
51480  26.055  -14.194  -23.299 0.5714285970
51481  25.388  -14.559  -23.392 0.5714285970
52210  24.686  -13.605  -23.712 0.4285714328
52991  26.792  -12.898  -23.180 0.5714285970
52208  26.172  -13.321  -23.445 0.5714285970
52209  25.366  -13.788  -23.694 0.4285714328
53004  26.418  -12.545  -23.690 0.7142857313
53015  26.002  -12.140  -24.324 0.4285714328
53805  26.803  -11.876  -24.094 0.4285714328
51471  23.464  -14.325  -22.406 0.2857142985
53003  26.972  -12.184  -23.255 0.7142857313
53814  27.106  -11.142  -24.458 0.7142857313
53825  26.028  -10.932  -25.156 0.4285714328
54602  27.198  -9.967  -25.453 0.7142857313
55379  26.935  -9.592  -25.848 0.5714285970
55387  26.509  -9.198  -26.088 0.2857142985
54593  27.352  -10.346  -24.809 0.5714285970
54594  26.780  -10.662  -25.041 0.7142857313
55378  27.683  -9.348  -25.849 0.7142857313
56160  27.379  -8.100  -26.506 0.7142857313
56958  26.513  -7.434  -26.749 0.7142857313
56161  26.357  -8.463  -26.371 0.4285714328
56150  28.618  -8.560  -25.951 0.5714285970
56947  28.101  -7.769  -26.444 0.5714285970
56957  27.319  -7.104  -26.645 0.7142857313
57732  27.345  -6.148  -26.749 0.7142857313
58535  27.516  -5.423  -26.673 0.7142857313
103831  26.460  -6.332  -27.052 0.7142857313
58545  26.007  -5.386  -27.404 0.5714285970
59244  26.307  -4.710  -27.248 0.5714285970
97750  27.919  -5.942  -26.495 0.7142857313
56956  27.948  -6.722  -26.391 0.7142857313
59238  26.975  -4.750  -26.826 0.8571428657
98464  26.495  -4.128  -27.026 0.7142857313
59966  26.344  -3.399  -27.044 0.7142857313
59975  25.825  -3.848  -27.442 0.5714285970
57731  28.526  -6.162  -26.228 0.5714285970
59237  27.695  -4.722  -26.470 0.8571428657
59965  27.012  -3.895  -26.575 0.8571428657
59967  25.724  -3.031  -27.428 0.5714285970
61461  24.815  -2.045  -27.589 0.2857142985
91855  26.659  -3.077  -26.540 0.7142857313
92705  24.905  -1.188  -27.362 0.7142857313
60749  27.184  -3.141  -26.051 0.7142857313
60751  26.203  -2.560  -26.986 0.8571428657
106486  25.648  -2.536  -27.341 0.8571428657
101469  25.484  -0.049  -26.769 0.8571428657
61455  26.369  -1.834  -26.566 0.8571428657
61460  25.446  -0.808  -26.901 0.8571428657
101110  24.880  -0.216  -27.211 0.8571428657
94444  24.212  0.037  -27.477 0.7142857313
95337  25.943  -1.211  -26.574 0.8571428657
62864  24.508  0.599  -27.193 0.8571428657
62863  25.167  0.506  -26.745 0.8571428657
105913  24.094  3.272  -26.236 0.7142857313
64143  22.901  3.068  -26.703 0.7142857313
101634  22.086  2.723  -26.621 0.7142857313
91063  22.068  3.539  -26.540 0.7142857313
64807  22.686  4.052  -26.568 0.7142857313
92594  21.543  4.596  -26.026 0.7142857313
64808  21.449  3.805  -26.038 0.7142857313
65467  20.245  4.608  -24.881 0.7142857313
66143  21.965  5.032  -26.476 0.7142857313
66135  21.191  5.123  -25.487 0.7142857313
65468  19.625  4.700  -24.264 0.5714285970
66127  21.445  5.821  -25.115 0.4285714328
66128  20.790  5.635  -24.719 0.5714285970
65461  19.340  5.217  -23.761 0.5714285970
105941  21.654  5.133  -26.100 0.5714285970
65463  18.191  4.472  -23.506 0.5714285970
66847  19.852  5.606  -24.369 0.5714285970
66118  18.711  5.201  -23.492 0.5714285970
98287  17.313  5.172  -22.755 0.5714285970
65445  17.578  4.511  -23.162 0.4285714328
66836  18.107  6.128  -23.380 0.5714285970
66119  17.775  5.272  -23.321 0.5714285970
66845  21.206  6.361  -24.679 0.5714285970
65428  16.293  4.903  -21.809 0.4285714328
93079  16.067  3.232  -21.554 0.4285714328
66103  16.701  5.587  -22.272 0.5714285970
67475  15.936  7.079  -21.340 0.4285714328
54571  28.510  -10.618  -22.503 0.2857142985
94959  28.578  -8.164  -26.177 0.5714285970
106839  16.457  7.024  -21.908 0.2857142985
66803  16.314  6.333  -21.753 0.4285714328
66077  15.134  5.824  -20.569 0.2857142985
49887  25.486  -16.593  -22.345 0.5714285970
49877  24.758  -16.771  -21.893 0.5714285970
50685  27.148  -15.219  -22.457 0.2857142985
50686  26.432  -15.497  -22.697 0.4285714328
51468  26.750  -14.579  -22.789 0.5714285970
50677  23.657  -15.892  -21.573 0.2857142985
51482  24.826  -14.407  -23.422 0.4285714328
53005  25.618  -12.915  -23.989 0.4285714328
95968  24.120  -13.923  -23.002 0.2857142985
53815  26.418  -11.400  -24.653 0.5714285970
55353  28.963  -9.736  -22.823 0.2857142985
100292  25.237  -9.723  -25.907 0.2857142985
56152  27.238  -8.928  -26.179 0.7142857313
60750  26.752  -2.413  -26.368 0.8571428657
61456  25.550  -1.876  -27.156 0.7142857313
64154  24.002  2.167  -26.984 0.7142857313
64818  23.767  2.886  -26.521 0.7142857313
64155  23.353  2.284  -26.973 0.7142857313
65474  20.901  4.160  -25.504 0.7142857313
64785  18.766  3.705  -23.743 0.5714285970
66142  22.810  5.434  -26.501 0.5714285970
66134  22.084  5.666  -25.894 0.5714285970
66859  22.863  6.099  -26.392 0.5714285970
66852  22.516  6.345  -25.824 0.5714285970
93601  19.265  5.997  -23.612 0.5714285970
94452  18.871  6.732  -23.443 0.2857142985
53016  25.098  -12.438  -24.601 0.4285714328
65481  22.482  4.755  -26.549 0.8571428657
63495  24.170  1.394  -27.163 0.7142857313
55371  28.292  -9.087  -25.679 0.5714285970
50688  24.808  -15.520  -22.675 0.5714285970
50676  24.299  -16.187  -21.769 0.5714285970
49090  24.491  -17.559  -21.705 0.5714285970
54603  26.470  -10.225  -25.497 0.5714285970
54604  25.523  -10.432  -25.510 0.4285714328
55380  26.088  -9.711  -25.823 0.2857142985
56151  28.110  -8.634  -26.222 0.7142857313
58536  26.796  -5.468  -27.011 0.7142857313
59245  25.618  -4.622  -27.690 0.2857142985
60757  25.138  -2.683  -27.693 0.5714285970
60758  24.592  -2.651  -27.747 0.2857142985
65482  21.973  4.349  -26.492 0.7142857313
104935  19.729  6.256  -24.108 0.7142857313
66821  17.646  6.745  -22.641 0.5714285970
66084  16.176  5.635  -21.621 0.4285714328
52211  23.988  -13.163  -23.393 0.1428571492
49874  28.250  -16.054  -21.347 0.1428571492
51456  28.224  -14.497  -21.638 0.1428571492
52197  28.122  -12.731  -21.848 0.1428571492
52989  28.038  -12.034  -22.138 0.1428571492
50674  28.593  -15.215  -21.352 0.1428571492
52980  28.654  -12.223  -21.587 0.1428571492
104869  28.609  -13.814  -21.396 0.1428571492
53780  28.582  -11.414  -21.915 0.1428571492
105150  29.489  -9.362  -22.673 0.2857142985
56136  29.787  -8.349  -23.961 0.1428571492
70492  24.364  11.886  -27.304 0.1428571492
93951  23.735  0.695  -27.461 0.4285714328
70484  24.302  11.716  -26.091 0.1428571492
64144  22.042  2.020  -26.747 0.4285714328
64156  22.670  2.232  -26.890 0.5714285970
64146  20.879  2.482  -25.783 0.4285714328
107361  21.730  8.465  -23.725 0.2857142985
67502  20.392  7.447  -24.090 0.2857142985
96819  20.869  7.074  -24.486 0.2857142985
67516  21.699  7.543  -24.772 0.2857142985
63474  18.663  1.590  -24.295 0.1428571492
64798  20.844  3.293  -25.616 0.5714285970
67503  19.789  8.063  -23.581 0.2857142985
66853  21.817  6.452  -25.424 0.4285714328
64127  18.756  2.466  -24.356 0.4285714328
94439  18.850  3.121  -24.347 0.5714285970
67504  18.940  7.588  -23.443 0.2857142985
64118  17.753  2.341  -23.387 0.4285714328
95533  17.733  3.131  -23.364 0.2857142985
67491  17.799  7.628  -22.447 0.1428571492
105660  16.800  2.545  -22.448 0.1428571492
64772  16.854  3.644  -22.447 0.4285714328
67492  16.988  7.284  -22.265 0.1428571492
68273  18.825  8.633  -22.630 0.1428571492
64090  16.541  2.987  -22.119 0.2857142985
67449  14.637  7.136  -19.657 0.1428571492
67473  17.355  7.990  -21.792 0.1428571492
68274  18.086  8.468  -22.162 0.1428571492
67460  16.293  7.849  -20.869 0.1428571492
68247  16.546  8.580  -20.473 0.1428571492
68259  16.874  8.354  -21.181 0.1428571492
68246  17.188  8.975  -20.690 0.1428571492
47588  22.739  -19.183  -20.595 0.4285714328
48328  22.451  -18.404  -20.585 0.2857142985
52188  28.667  -13.065  -21.431 0.1428571492
63485  22.462  1.536  -26.992 0.2857142985
66858  23.324  6.090  -26.351 0.4285714328
67525  22.259  7.012  -25.466 0.2857142985
105917  18.986  8.239  -23.279 0.2857142985
68304  21.183  8.177  -24.368 0.2857142985
48316  21.776  -18.136  -20.098 0.2857142985
48315  26.766  -18.929  -19.915 0.1428571492
49076  28.573  -17.114  -20.525 0.1428571492
55352  29.415  -8.951  -23.286 0.1428571492
64119  17.167  2.114  -22.753 0.1428571492
62865  23.008  1.115  -27.344 0.4285714328
63465  18.125  1.524  -23.642 0.2857142985
64791  19.469  3.803  -24.397 0.5714285970
93529  20.172  8.944  -23.561 0.2857142985
67524  22.483  7.569  -24.920 0.2857142985
68303  23.094  7.821  -24.598 0.2857142985
69072  22.970  8.548  -24.123 0.2857142985
69071  23.665  9.432  -24.628 0.1428571492
94493  24.467  9.744  -26.484 0.1428571492
107145  18.594  9.017  -22.159 0.2857142985
68291  19.464  8.873  -23.092 0.2857142985
69084  24.251  9.372  -25.665 0.1428571492
69795  24.512  10.674  -26.546 0.1428571492
90271  24.309  8.778  -25.677 0.1428571492
56135  30.435  -7.993  -23.644 0.2857142985
68317  23.315  7.228  -25.147 0.4285714328
68288  22.321  8.636  -23.451 0.2857142985
68302  23.587  8.752  -25.080 0.1428571492
64145  21.476  2.230  -26.367 0.4285714328
98703  21.467  7.100  -24.926 0.2857142985
66822  16.843  6.518  -22.392 0.4285714328
66795  15.364  6.701  -20.731 0.2857142985
63496  23.567  1.574  -27.252 0.5714285970
64799  20.045  3.584  -25.243 0.5714285970
64786  17.960  3.710  -23.513 0.5714285970
96026  19.681  6.925  -23.668 0.2857142985
51455  28.972  -14.417  -21.174 0.1428571492
63487  20.887  1.692  -26.139 0.2857142985
68290  20.565  8.244  -24.036 0.2857142985
94359  19.118  2.042  -24.687 0.2857142985
64134  20.051  2.753  -25.495 0.4285714328
90671  18.471  7.971  -22.931 0.1428571492
64128  18.364  2.174  -23.850 0.2857142985
64126  19.381  2.842  -24.862 0.5714285970
64792  18.317  2.936  -23.806 0.5714285970
64787  17.210  2.959  -22.718 0.4285714328
47577  21.948  -18.902  -20.103 0.2857142985
53779  29.249  -11.652  -21.443 0.1428571492
62858  22.351  0.768  -27.081 0.2857142985
90125  22.309  7.963  -24.027 0.2857142985
69796  24.195  10.186  -25.494 0.1428571492
92347  20.018  10.204  -22.359 0.1428571492
69060  20.694  9.432  -23.220 0.1428571492
69040  20.606  10.024  -22.543 0.1428571492
69018  17.469  9.480  -20.060 0.1428571492
69765  20.419  10.501  -22.000 0.1428571492
69061  19.926  9.575  -22.838 0.1428571492
69028  18.535  9.790  -21.250 0.1428571492
69755  18.897  10.378  -21.012 0.1428571492
69041  19.502  9.852  -22.152 0.1428571492
69754  19.522  10.516  -21.118 0.1428571492
69764  21.252  10.468  -22.162 0.1428571492
68272  19.190  9.243  -22.450 0.1428571492
69027  19.186  10.096  -21.533 0.1428571492
93093  20.615  10.548  -20.760 0.1428571492
69753  20.192  10.553  -21.290 0.1428571492
59976  25.227  -3.291  -27.761 0.2857142985
69740  19.243  10.527  -20.445 0.1428571492
69752  20.960  10.538  -21.409 0.1428571492
69763  22.318  10.337  -22.405 0.1428571492
68289  21.538  9.130  -23.354 0.1428571492
69039  21.455  9.791  -22.752 0.1428571492
68271  22.294  9.363  -22.953 0.1428571492
48333  25.063  -18.256  -21.702 0.2857142985
49089  25.457  -17.432  -22.032 0.2857142985
107480  25.737  -17.936  -21.864 0.1428571492
49876  26.121  -17.015  -22.321 0.2857142985
48327  24.317  -18.938  -21.420 0.2857142985
93051  26.839  -16.867  -22.263 0.2857142985
48334  24.199  -18.274  -21.589 0.4285714328
49088  26.347  -17.589  -21.959 0.1428571492
48326  25.257  -19.039  -21.137 0.1428571492
99161  23.724  -18.656  -21.394 0.2857142985
95082  23.144  -18.611  -21.083 0.2857142985
48335  23.557  -17.893  -21.454 0.2857142985
53816  25.579  -11.615  -24.833 0.2857142985
53826  25.327  -11.145  -25.184 0.2857142985
56959  25.476  -7.770  -26.595 0.1428571492
61462  24.184  -2.011  -27.665 0.1428571492
62188  24.284  -0.707  -27.530 0.1428571492
61463  23.666  -1.204  -27.633 0.1428571492
62189  23.614  -0.238  -27.582 0.1428571492
62190  22.924  -0.595  -27.529 0.1428571492
63479  20.352  1.163  -25.783 0.1428571492
98188  20.257  1.943  -25.589 0.1428571492
63473  19.260  1.311  -24.856 0.1428571492
105541  19.772  1.467  -25.380 0.1428571492
64754  16.382  3.943  -21.819 0.1428571492
65413  15.460  4.451  -20.902 0.1428571492
93568  15.002  3.159  -20.474 0.1428571492
99747  15.636  5.226  -21.239 0.1428571492
65401  14.283  4.626  -19.614 0.1428571492
99750  15.198  5.041  -20.602 0.1428571492
47576  22.349  -19.512  -20.036 0.2857142985
99211  22.255  -0.136  -27.134 0.1428571492
64135  19.577  2.076  -25.204 0.1428571492
47558  21.616  -19.113  -19.368 0.2857142985
52223  25.048  -13.188  -24.171 0.2857142985
99162  24.918  -11.670  -24.970 0.2857142985
102524  24.993  -7.198  -27.050 0.1428571492
58546  25.348  -5.255  -27.844 0.1428571492
59246  25.004  -4.714  -28.039 0.1428571492
96803  25.151  -3.909  -27.861 0.1428571492
60759  23.397  -2.788  -27.515 0.1428571492
101002  24.001  -2.541  -27.706 0.1428571492
93648  23.459  -2.038  -27.590 0.1428571492
61464  22.791  -1.426  -27.481 0.1428571492
64739  15.285  3.728  -20.629 0.1428571492
64755  15.716  3.785  -21.284 0.1428571492
57733  25.649  -6.895  -27.140 0.1428571492
103296  24.415  -1.473  -27.563 0.1428571492
64068  15.517  2.981  -21.055 0.1428571492
53017  24.524  -12.853  -24.112 0.1428571492
90078  22.976  0.279  -27.456 0.1428571492
63486  21.656  1.371  -26.670 0.1428571492
49080  22.876  -17.935  -21.025 0.2857142985
53827  24.736  -10.907  -25.152 0.1428571492
48300  21.364  -18.503  -19.464 0.1428571492
48301  20.812  -18.025  -18.990 0.1428571492
48317  21.317  -17.856  -19.604 0.1428571492
49081  22.974  -17.211  -21.132 0.1428571492
65454  26.843  4.670  -23.913 0.1428571492
46777  21.492  -19.577  -18.599 0.1428571492
49067  21.596  -17.337  -20.022 0.1428571492
49082  22.272  -17.502  -20.594 0.1428571492
50678  22.815  -15.522  -21.470 0.1428571492
64779  26.865  3.927  -24.061 0.1428571492
50690  22.689  -14.696  -21.859 0.1428571492
47557  22.191  -19.643  -19.222 0.1428571492
56934  30.424  -7.085  -24.573 0.1428571492
49879  22.962  -16.349  -21.205 0.1428571492
59954  30.328  -3.765  -25.291 0.1428571492
62852  19.726  0.775  -25.353 0.1428571492
63497  23.013  1.753  -27.186 0.2857142985
64771  17.413  3.759  -22.909 0.4285714328
64809  21.445  3.024  -26.153 0.5714285970
65429  15.848  4.469  -21.451 0.1428571492
65446  16.910  4.509  -22.503 0.1428571492
65462  19.147  4.458  -23.671 0.5714285970
66804  15.687  6.153  -21.282 0.4285714328
66837  17.381  5.893  -22.784 0.5714285970
66846  20.321  6.490  -24.321 0.7142857313
67474  16.644  7.586  -21.540 0.1428571492
67490  18.394  7.076  -22.913 0.2857142985
67517  21.010  7.706  -24.518 0.2857142985
68257  18.871  9.493  -21.850 0.1428571492
69082  25.033  9.350  -27.526 0.1428571492
69739  19.952  10.629  -20.585 0.1428571492
69766  19.798  10.392  -21.798 0.1428571492
98324  20.916  8.764  -23.744 0.2857142985
