#!ascii label  , from subject OASIS_0001 vox2ras=TkReg
206
58535  27.516  -5.423  -26.673 0.0000000000
51468  26.750  -14.579  -22.789 0.0000000000
92705  24.905  -1.188  -27.362 0.0000000000
66118  18.711  5.201  -23.492 0.0000000000
50687  25.510  -15.760  -22.717 0.0000000000
63483  25.897  1.245  -25.926 0.0000000000
94126  25.036  3.178  -26.241 0.0000000000
56958  26.513  -7.434  -26.749 0.0000000000
54602  27.198  -9.967  -25.453 0.0000000000
56150  28.618  -8.560  -25.951 0.0000000000
59956  28.706  -3.868  -25.705 0.0000000000
57724  29.952  -6.614  -25.152 0.0000000000
59966  26.344  -3.399  -27.044 0.0000000000
62177  27.261  -1.002  -25.705 0.0000000000
64791  19.469  3.803  -24.397 0.0000000000
65480  23.172  4.709  -26.511 0.0000000000
53794  27.511  -11.754  -22.767 0.0000000000
64154  24.002  2.167  -26.984 0.0000000000
64143  22.901  3.068  -26.703 0.0000000000
57732  27.345  -6.148  -26.749 0.0000000000
56947  28.101  -7.769  -26.444 0.0000000000
56946  28.705  -7.221  -26.070 0.0000000000
51469  25.847  -15.024  -23.134 0.0000000000
61456  25.550  -1.876  -27.156 0.0000000000
61455  26.369  -1.834  -26.566 0.0000000000
95337  25.943  -1.211  -26.574 0.0000000000
64132  26.122  2.139  -25.670 0.0000000000
63477  27.115  1.298  -25.012 0.0000000000
98287  17.313  5.172  -22.755 0.0000000000
64786  17.960  3.710  -23.513 0.0000000000
65468  19.625  4.700  -24.264 0.0000000000
67522  24.727  7.452  -25.521 0.0000000000
66850  23.953  6.489  -25.599 0.0000000000
66142  22.810  5.434  -26.501 0.0000000000
66856  24.608  5.830  -25.675 0.0000000000
66139  24.700  5.206  -25.535 0.0000000000
55363  27.825  -10.005  -24.466 0.0000000000
53804  27.303  -11.484  -23.689 0.0000000000
49888  24.843  -16.103  -22.326 0.0000000000
101469  25.484  -0.049  -26.769 0.0000000000
63494  24.786  1.181  -26.609 0.0000000000
64142  25.067  2.456  -26.234 0.0000000000
64797  25.565  3.597  -25.638 0.0000000000
55379  26.935  -9.592  -25.848 0.0000000000
56152  27.238  -8.928  -26.179 0.0000000000
55371  28.292  -9.087  -25.679 0.0000000000
96619  28.798  -9.365  -23.713 0.0000000000
59236  28.484  -4.715  -26.116 0.0000000000
57731  28.526  -6.162  -26.228 0.0000000000
95492  29.694  -5.059  -25.587 0.0000000000
58536  26.796  -5.468  -27.011 0.0000000000
59975  25.825  -3.848  -27.442 0.0000000000
59238  26.975  -4.750  -26.826 0.0000000000
60749  27.184  -3.141  -26.051 0.0000000000
60745  27.322  -2.433  -25.882 0.0000000000
62176  28.014  -0.949  -25.139 0.0000000000
62856  26.282  0.508  -25.946 0.0000000000
97204  27.393  -0.224  -25.247 0.0000000000
64798  20.844  3.293  -25.616 0.0000000000
66128  20.790  5.635  -24.719 0.0000000000
66135  21.191  5.123  -25.487 0.0000000000
92594  21.543  4.596  -26.026 0.0000000000
64807  22.686  4.052  -26.568 0.0000000000
64806  23.590  3.754  -26.394 0.0000000000
65473  25.081  4.381  -25.589 0.0000000000
52208  26.172  -13.321  -23.445 0.0000000000
54594  26.780  -10.662  -25.041 0.0000000000
56945  29.375  -7.160  -25.565 0.0000000000
56143  29.522  -8.204  -24.829 0.0000000000
64156  22.670  2.232  -26.890 0.0000000000
101634  22.086  2.723  -26.621 0.0000000000
56956  27.948  -6.722  -26.391 0.0000000000
97750  27.919  -5.942  -26.495 0.0000000000
49090  24.491  -17.559  -21.705 0.0000000000
49877  24.758  -16.771  -21.893 0.0000000000
61460  25.446  -0.808  -26.901 0.0000000000
64125  26.547  2.595  -25.059 0.0000000000
64131  26.739  1.908  -25.253 0.0000000000
66119  17.775  5.272  -23.321 0.0000000000
65463  18.191  4.472  -23.506 0.0000000000
65461  19.340  5.217  -23.761 0.0000000000
66849  24.689  6.377  -25.615 0.0000000000
66844  25.279  6.430  -25.459 0.0000000000
54583  28.211  -10.071  -23.578 0.0000000000
54572  27.784  -10.957  -23.097 0.0000000000
51481  25.388  -14.559  -23.392 0.0000000000
62864  24.508  0.599  -27.193 0.0000000000
63495  24.170  1.394  -27.163 0.0000000000
103082  24.448  2.804  -26.364 0.0000000000
64153  24.550  1.933  -26.523 0.0000000000
64133  25.549  2.898  -26.018 0.0000000000
66821  17.646  6.745  -22.641 0.0000000000
56160  27.379  -8.100  -26.506 0.0000000000
94959  28.578  -8.164  -26.177 0.0000000000
56151  28.110  -8.634  -26.222 0.0000000000
55362  28.377  -9.355  -24.619 0.0000000000
56144  28.858  -8.679  -25.259 0.0000000000
49887  25.486  -16.593  -22.345 0.0000000000
59964  27.849  -3.931  -26.105 0.0000000000
59231  29.270  -4.590  -25.721 0.0000000000
58545  26.007  -5.386  -27.404 0.0000000000
59967  25.724  -3.031  -27.428 0.0000000000
98464  26.495  -4.128  -27.026 0.0000000000
59965  27.012  -3.895  -26.575 0.0000000000
91855  26.659  -3.077  -26.540 0.0000000000
61451  26.991  -1.765  -26.035 0.0000000000
103182  27.917  -1.843  -25.572 0.0000000000
62857  25.722  0.500  -26.364 0.0000000000
62850  26.898  0.537  -25.414 0.0000000000
62848  28.143  -0.197  -24.537 0.0000000000
64792  18.317  2.936  -23.806 0.0000000000
94439  18.850  3.121  -24.347 0.0000000000
64126  19.381  2.842  -24.862 0.0000000000
64799  20.045  3.584  -25.243 0.0000000000
66851  23.191  6.607  -25.973 0.0000000000
67523  24.134  7.302  -25.385 0.0000000000
66852  22.516  6.345  -25.824 0.0000000000
66134  22.084  5.666  -25.894 0.0000000000
66141  23.506  5.438  -26.275 0.0000000000
66143  21.965  5.032  -26.476 0.0000000000
65481  22.482  4.755  -26.549 0.0000000000
65482  21.973  4.349  -26.492 0.0000000000
65479  23.873  4.586  -26.033 0.0000000000
66133  25.197  5.129  -25.292 0.0000000000
66132  25.711  5.090  -24.646 0.0000000000
65472  25.570  4.332  -25.023 0.0000000000
53005  25.618  -12.915  -23.989 0.0000000000
54603  26.470  -10.225  -25.497 0.0000000000
53003  26.972  -12.184  -23.255 0.0000000000
57725  29.223  -6.381  -25.782 0.0000000000
63496  23.567  1.574  -27.252 0.0000000000
64155  23.353  2.284  -26.973 0.0000000000
64818  23.767  2.886  -26.521 0.0000000000
105913  24.094  3.272  -26.236 0.0000000000
56957  27.319  -7.104  -26.645 0.0000000000
49886  26.248  -16.314  -22.513 0.0000000000
50686  26.432  -15.497  -22.697 0.0000000000
50675  27.035  -15.989  -22.354 0.0000000000
60743  29.141  -3.090  -25.381 0.0000000000
59955  29.664  -3.813  -25.503 0.0000000000
60757  25.138  -2.683  -27.693 0.0000000000
106486  25.648  -2.536  -27.341 0.0000000000
60751  26.203  -2.560  -26.986 0.0000000000
62181  26.557  -1.061  -26.199 0.0000000000
63478  26.483  1.288  -25.550 0.0000000000
64785  18.766  3.705  -23.743 0.0000000000
65467  20.245  4.608  -24.881 0.0000000000
66859  22.863  6.099  -26.392 0.0000000000
66857  23.956  5.921  -25.696 0.0000000000
66140  24.107  5.277  -25.652 0.0000000000
96714  25.057  5.865  -25.706 0.0000000000
66126  25.494  5.837  -25.208 0.0000000000
54593  27.352  -10.346  -24.809 0.0000000000
54584  27.609  -10.718  -24.066 0.0000000000
50676  24.299  -16.187  -21.769 0.0000000000
50688  24.808  -15.520  -22.675 0.0000000000
50698  25.081  -15.108  -23.172 0.0000000000
51480  26.055  -14.194  -23.299 0.0000000000
94444  24.212  0.037  -27.477 0.0000000000
101110  24.880  -0.216  -27.211 0.0000000000
62863  25.167  0.506  -26.745 0.0000000000
63484  25.369  1.140  -26.239 0.0000000000
106010  25.054  1.712  -26.245 0.0000000000
64141  25.533  1.932  -26.002 0.0000000000
95836  25.958  2.927  -25.501 0.0000000000
66103  16.701  5.587  -22.272 0.0000000000
66836  18.107  6.128  -23.380 0.0000000000
93601  19.265  5.997  -23.612 0.0000000000
55378  27.683  -9.348  -25.849 0.0000000000
55372  27.790  -9.682  -25.260 0.0000000000
58534  28.220  -5.412  -26.367 0.0000000000
58527  29.057  -5.439  -25.992 0.0000000000
58526  29.749  -5.729  -25.435 0.0000000000
59230  30.063  -4.399  -25.454 0.0000000000
58520  30.335  -5.824  -24.875 0.0000000000
103831  26.460  -6.332  -27.052 0.0000000000
59244  26.307  -4.710  -27.248 0.0000000000
59237  27.695  -4.722  -26.470 0.0000000000
60750  26.752  -2.413  -26.368 0.0000000000
60744  28.069  -2.978  -25.672 0.0000000000
61450  28.716  -2.346  -25.339 0.0000000000
62182  26.039  -0.326  -26.400 0.0000000000
62855  26.726  -0.252  -25.852 0.0000000000
104935  19.729  6.256  -24.108 0.0000000000
66845  21.206  6.361  -24.679 0.0000000000
66847  19.852  5.606  -24.369 0.0000000000
105941  21.654  5.133  -26.100 0.0000000000
65474  20.901  4.160  -25.504 0.0000000000
64808  21.449  3.805  -26.038 0.0000000000
91063  22.068  3.539  -26.540 0.0000000000
99267  24.452  3.689  -26.100 0.0000000000
65478  24.511  4.487  -25.709 0.0000000000
64805  25.114  3.697  -26.012 0.0000000000
64796  26.170  3.504  -24.808 0.0000000000
53815  26.418  -11.400  -24.653 0.0000000000
53814  27.106  -11.142  -24.458 0.0000000000
53805  26.803  -11.876  -24.094 0.0000000000
53004  26.418  -12.545  -23.690 0.0000000000
52991  26.792  -12.898  -23.180 0.0000000000
56936  29.126  -7.998  -25.672 0.0000000000
56935  29.797  -7.483  -25.071 0.0000000000
55361  29.147  -8.828  -24.310 0.0000000000
64809  21.445  3.024  -26.153 0.0000000000
65462  19.147  4.458  -23.671 0.0000000000
66837  17.381  5.893  -22.784 0.0000000000
66846  20.321  6.490  -24.321 0.0000000000
