#!ascii label  , from subject OASIS_0001 vox2ras=TkReg
369
9602  -42.946  -73.245  -15.884 0.0000000000
11154  -39.352  -71.176  -21.590 0.0000000000
14151  -46.816  -67.346  -17.914 0.0000000000
11130  -42.884  -72.108  -19.273 0.0000000000
14146  -41.585  -67.554  -19.246 0.0000000000
99766  -42.176  -69.415  -13.475 0.0000000000
14861  -40.955  -66.253  -16.295 0.0000000000
17103  -35.524  -63.484  -14.631 0.0000000000
15669  -44.607  -65.420  -18.800 0.0000000000
14149  -44.863  -67.708  -19.767 0.0000000000
14927  -43.510  -66.819  -20.838 0.0000000000
14090  -42.297  -67.822  -14.185 0.0000000000
14103  -38.714  -67.437  -15.295 0.0000000000
101837  -37.201  -60.791  -13.309 0.0000000000
18829  -37.386  -61.484  -15.759 0.0000000000
8885  -40.821  -75.531  -19.473 0.0000000000
11145  -41.087  -71.626  -20.346 0.0000000000
9676  -43.043  -72.724  -22.554 0.0000000000
11182  -42.859  -71.565  -23.938 0.0000000000
11870  -46.528  -70.084  -15.631 0.0000000000
10356  -43.375  -72.591  -18.398 0.0000000000
11878  -40.483  -69.990  -17.262 0.0000000000
11887  -38.669  -70.132  -18.504 0.0000000000
14093  -45.965  -68.125  -14.708 0.0000000000
14864  -44.357  -66.221  -16.705 0.0000000000
105829  -42.379  -64.441  -17.503 0.0000000000
14833  -35.765  -65.874  -14.379 0.0000000000
16350  -37.922  -64.429  -15.574 0.0000000000
17118  -39.590  -63.122  -16.428 0.0000000000
17979  -40.742  -61.885  -18.165 0.0000000000
8915  -42.017  -74.044  -21.104 0.0000000000
12615  -35.006  -68.990  -20.005 0.0000000000
11947  -37.207  -70.544  -22.709 0.0000000000
11214  -38.560  -71.362  -26.766 0.0000000000
16385  -42.705  -64.100  -18.694 0.0000000000
97991  -44.334  -65.982  -20.022 0.0000000000
93494  -41.966  -74.309  -17.758 0.0000000000
11144  -39.735  -71.246  -20.630 0.0000000000
91719  -41.505  -71.701  -22.170 0.0000000000
11167  -40.424  -71.395  -22.980 0.0000000000
89897  -42.246  -71.553  -24.764 0.0000000000
11180  -40.094  -71.370  -23.743 0.0000000000
13371  -47.280  -68.362  -16.417 0.0000000000
13369  -45.427  -68.758  -17.339 0.0000000000
14147  -42.684  -67.679  -19.737 0.0000000000
13367  -42.932  -68.469  -17.855 0.0000000000
13382  -41.172  -67.960  -18.186 0.0000000000
11877  -39.718  -70.155  -17.669 0.0000000000
13364  -39.366  -68.548  -17.716 0.0000000000
12553  -45.225  -70.347  -13.600 0.0000000000
13319  -43.498  -68.916  -13.660 0.0000000000
14847  -41.484  -67.016  -16.083 0.0000000000
14107  -43.067  -67.614  -15.244 0.0000000000
14862  -41.835  -65.932  -16.616 0.0000000000
15637  -42.464  -64.955  -17.181 0.0000000000
98248  -41.523  -65.063  -16.825 0.0000000000
15619  -35.858  -65.098  -14.562 0.0000000000
102026  -37.020  -65.333  -15.082 0.0000000000
16349  -36.983  -64.331  -15.248 0.0000000000
18839  -38.859  -61.130  -16.428 0.0000000000
17117  -38.537  -62.921  -16.333 0.0000000000
18850  -39.613  -61.259  -16.720 0.0000000000
17946  -40.055  -62.581  -16.789 0.0000000000
11114  -43.096  -72.137  -18.571 0.0000000000
98517  -42.532  -73.624  -19.926 0.0000000000
10381  -43.238  -72.568  -20.083 0.0000000000
8941  -41.477  -74.110  -23.045 0.0000000000
13404  -33.531  -68.440  -20.647 0.0000000000
11920  -35.888  -69.769  -22.008 0.0000000000
107182  -36.781  -71.038  -25.253 0.0000000000
15671  -46.066  -66.254  -18.454 0.0000000000
90551  -45.932  -67.480  -19.101 0.0000000000
14165  -45.287  -67.296  -20.082 0.0000000000
14164  -44.329  -67.481  -20.333 0.0000000000
14162  -42.156  -67.527  -20.566 0.0000000000
13332  -41.853  -68.158  -13.694 0.0000000000
100546  -40.594  -67.954  -15.001 0.0000000000
14845  -39.385  -66.705  -15.791 0.0000000000
99170  -36.005  -61.327  -13.883 0.0000000000
17937  -36.397  -62.591  -15.385 0.0000000000
18820  -36.943  -61.122  -14.843 0.0000000000
19737  -38.392  -60.041  -15.269 0.0000000000
20571  -39.150  -59.801  -15.697 0.0000000000
11129  -41.427  -71.665  -19.301 0.0000000000
10395  -43.182  -72.550  -21.116 0.0000000000
11156  -42.833  -72.178  -21.834 0.0000000000
10426  -43.615  -72.130  -24.148 0.0000000000
8978  -41.906  -73.326  -25.677 0.0000000000
9730  -42.278  -72.360  -26.480 0.0000000000
10457  -42.099  -72.089  -26.939 0.0000000000
10469  -41.815  -72.059  -27.458 0.0000000000
11082  -44.451  -71.710  -15.671 0.0000000000
10330  -43.647  -72.411  -17.003 0.0000000000
11080  -43.518  -71.382  -16.849 0.0000000000
11096  -42.669  -71.299  -17.229 0.0000000000
13368  -44.057  -68.571  -17.628 0.0000000000
12587  -42.390  -69.792  -16.811 0.0000000000
11095  -41.404  -70.987  -17.448 0.0000000000
11112  -40.253  -71.168  -18.609 0.0000000000
11899  -39.201  -70.727  -18.998 0.0000000000
11127  -38.856  -70.842  -19.989 0.0000000000
11050  -45.924  -71.056  -14.504 0.0000000000
13337  -47.367  -69.015  -14.749 0.0000000000
14851  -46.883  -67.412  -16.187 0.0000000000
14091  -43.455  -67.964  -14.491 0.0000000000
14849  -44.844  -66.745  -15.875 0.0000000000
14865  -45.344  -66.320  -16.715 0.0000000000
15638  -44.807  -65.701  -17.349 0.0000000000
15651  -43.164  -64.763  -17.649 0.0000000000
16371  -42.622  -64.237  -17.899 0.0000000000
14835  -37.005  -66.308  -14.931 0.0000000000
14844  -38.468  -66.306  -15.583 0.0000000000
15626  -39.285  -64.992  -16.058 0.0000000000
17112  -37.595  -63.155  -16.090 0.0000000000
16358  -39.056  -63.793  -16.272 0.0000000000
15635  -40.009  -64.609  -16.335 0.0000000000
17119  -40.279  -63.420  -16.661 0.0000000000
17130  -41.386  -63.114  -17.820 0.0000000000
9631  -42.689  -73.601  -18.406 0.0000000000
8899  -41.121  -75.975  -19.974 0.0000000000
8916  -42.550  -73.422  -21.975 0.0000000000
95640  -40.770  -75.289  -22.006 0.0000000000
13363  -38.619  -68.400  -17.963 0.0000000000
11886  -37.936  -69.782  -18.812 0.0000000000
11910  -37.488  -70.413  -20.437 0.0000000000
11921  -36.851  -70.205  -21.011 0.0000000000
11935  -37.950  -70.653  -22.224 0.0000000000
11179  -38.485  -71.132  -23.686 0.0000000000
95170  -39.337  -71.505  -26.128 0.0000000000
16405  -43.565  -64.894  -19.269 0.0000000000
9615  -41.955  -74.341  -17.072 0.0000000000
89791  -40.167  -71.433  -22.100 0.0000000000
88426  -39.370  -71.174  -22.479 0.0000000000
14133  -47.035  -67.793  -17.351 0.0000000000
93388  -46.613  -68.587  -17.262 0.0000000000
14150  -46.694  -67.639  -18.150 0.0000000000
13383  -42.027  -67.821  -18.674 0.0000000000
13365  -40.229  -68.241  -17.743 0.0000000000
106714  -41.914  -70.854  -13.570 0.0000000000
11833  -42.504  -70.392  -13.510 0.0000000000
12552  -44.095  -70.058  -13.507 0.0000000000
12551  -43.019  -69.682  -13.517 0.0000000000
106806  -41.023  -65.525  -16.521 0.0000000000
17931  -35.129  -62.756  -14.313 0.0000000000
17094  -34.583  -63.045  -13.849 0.0000000000
17095  -34.921  -63.474  -14.225 0.0000000000
16337  -35.255  -64.386  -14.281 0.0000000000
16344  -36.060  -64.309  -14.793 0.0000000000
17104  -36.226  -63.471  -15.154 0.0000000000
96604  -39.331  -60.700  -16.493 0.0000000000
17958  -39.965  -61.868  -16.897 0.0000000000
19762  -39.953  -60.594  -16.817 0.0000000000
11933  -35.815  -70.114  -22.808 0.0000000000
11191  -37.010  -70.891  -24.445 0.0000000000
11951  -36.079  -70.723  -24.720 0.0000000000
15670  -45.491  -66.093  -18.918 0.0000000000
102573  -45.901  -66.778  -19.355 0.0000000000
15687  -45.205  -66.436  -19.787 0.0000000000
14914  -44.581  -66.951  -20.459 0.0000000000
14913  -43.763  -67.174  -20.655 0.0000000000
14163  -43.226  -67.439  -20.636 0.0000000000
14175  -43.079  -67.169  -21.129 0.0000000000
14846  -40.453  -67.069  -15.817 0.0000000000
19698  -36.617  -60.966  -14.002 0.0000000000
19719  -37.366  -60.586  -14.061 0.0000000000
91703  -40.627  -76.144  -20.358 0.0000000000
99994  -42.114  -71.858  -21.097 0.0000000000
11168  -42.647  -71.877  -22.887 0.0000000000
11183  -43.586  -71.794  -24.092 0.0000000000
10440  -43.481  -71.993  -24.529 0.0000000000
9718  -42.628  -72.546  -25.676 0.0000000000
11195  -41.356  -71.423  -25.110 0.0000000000
11209  -42.247  -71.680  -25.658 0.0000000000
11217  -42.093  -71.871  -26.640 0.0000000000
11208  -41.473  -71.537  -26.115 0.0000000000
11858  -45.956  -71.033  -15.205 0.0000000000
11866  -42.747  -70.516  -16.706 0.0000000000
13386  -45.240  -68.025  -18.545 0.0000000000
13385  -44.001  -67.982  -18.753 0.0000000000
12598  -41.921  -69.192  -17.244 0.0000000000
106699  -41.163  -69.626  -17.178 0.0000000000
11879  -41.677  -70.272  -16.983 0.0000000000
11889  -40.381  -70.807  -17.826 0.0000000000
11876  -39.038  -69.803  -17.876 0.0000000000
11888  -39.495  -70.490  -18.217 0.0000000000
13321  -45.903  -69.644  -13.796 0.0000000000
12561  -46.639  -69.657  -14.297 0.0000000000
13336  -46.493  -68.944  -14.342 0.0000000000
14111  -47.278  -67.802  -15.448 0.0000000000
14110  -46.586  -67.649  -15.352 0.0000000000
13333  -42.837  -68.159  -13.872 0.0000000000
14848  -43.744  -67.022  -16.141 0.0000000000
14850  -45.916  -66.906  -15.971 0.0000000000
95026  -43.683  -65.425  -17.232 0.0000000000
16370  -41.858  -63.919  -17.635 0.0000000000
15624  -37.620  -64.999  -15.314 0.0000000000
14843  -37.674  -65.832  -15.341 0.0000000000
15625  -38.399  -65.216  -15.621 0.0000000000
96179  -39.104  -65.748  -15.886 0.0000000000
17938  -37.026  -62.487  -15.921 0.0000000000
17943  -37.728  -62.394  -16.194 0.0000000000
101660  -39.425  -64.377  -16.196 0.0000000000
16359  -39.908  -63.899  -16.313 0.0000000000
16360  -40.540  -64.130  -16.629 0.0000000000
17959  -40.427  -62.099  -17.446 0.0000000000
17129  -40.652  -62.924  -17.305 0.0000000000
17960  -40.934  -62.422  -18.012 0.0000000000
10341  -43.471  -72.566  -17.794 0.0000000000
9616  -42.850  -73.522  -17.792 0.0000000000
8900  -41.787  -74.437  -20.265 0.0000000000
8914  -40.906  -76.104  -20.546 0.0000000000
88879  -41.152  -75.312  -21.115 0.0000000000
10396  -43.045  -72.446  -22.199 0.0000000000
9662  -43.055  -72.960  -21.557 0.0000000000
89924  -40.906  -74.428  -23.897 0.0000000000
14131  -38.873  -67.786  -18.146 0.0000000000
102862  -37.302  -69.516  -19.014 0.0000000000
11897  -37.509  -70.026  -19.558 0.0000000000
11934  -36.537  -70.187  -22.389 0.0000000000
95528  -36.540  -70.000  -21.749 0.0000000000
90297  -37.147  -70.297  -21.932 0.0000000000
11165  -37.879  -70.818  -23.077 0.0000000000
105788  -37.847  -70.909  -23.600 0.0000000000
11206  -38.339  -71.523  -25.903 0.0000000000
11193  -38.713  -71.466  -24.919 0.0000000000
16386  -43.558  -64.632  -18.148 0.0000000000
15686  -43.206  -65.713  -20.260 0.0000000000
19699  -37.983  -60.793  -13.185 0.0000000000
19700  -38.961  -61.219  -13.123 0.0000000000
9643  -41.049  -74.828  -18.932 0.0000000000
11155  -40.590  -71.567  -21.320 0.0000000000
91424  -41.698  -71.674  -23.177 0.0000000000
11181  -41.249  -71.582  -24.027 0.0000000000
89408  -40.384  -71.448  -24.453 0.0000000000
13355  -47.076  -69.046  -16.365 0.0000000000
12589  -46.151  -69.463  -16.523 0.0000000000
88874  -44.956  -69.616  -16.501 0.0000000000
14148  -43.785  -67.805  -19.946 0.0000000000
13384  -42.887  -67.893  -18.725 0.0000000000
13366  -41.939  -68.306  -17.957 0.0000000000
12597  -40.931  -68.881  -17.425 0.0000000000
106019  -40.057  -69.026  -17.432 0.0000000000
12596  -39.556  -69.415  -17.565 0.0000000000
12595  -38.790  -69.040  -17.742 0.0000000000
13320  -44.717  -69.318  -13.696 0.0000000000
13335  -45.329  -68.732  -14.118 0.0000000000
14106  -41.991  -67.578  -15.379 0.0000000000
104404  -42.617  -66.945  -16.327 0.0000000000
100605  -43.462  -66.305  -16.679 0.0000000000
14863  -42.831  -65.853  -16.864 0.0000000000
94566  -41.510  -64.422  -17.116 0.0000000000
15612  -35.200  -65.381  -14.143 0.0000000000
98923  -36.395  -65.704  -14.712 0.0000000000
15620  -36.461  -64.954  -14.911 0.0000000000
18830  -38.107  -60.757  -15.877 0.0000000000
17944  -38.299  -61.784  -16.285 0.0000000000
17945  -39.306  -62.095  -16.535 0.0000000000
18867  -40.577  -61.357  -17.859 0.0000000000
11115  -43.300  -72.213  -17.992 0.0000000000
9644  -43.173  -72.511  -19.010 0.0000000000
9654  -43.036  -73.194  -20.624 0.0000000000
8928  -42.507  -73.410  -22.759 0.0000000000
12640  -34.290  -69.074  -21.756 0.0000000000
12626  -34.817  -69.166  -20.996 0.0000000000
12641  -35.510  -69.527  -21.356 0.0000000000
11946  -36.477  -70.491  -23.155 0.0000000000
11178  -37.244  -70.765  -23.555 0.0000000000
93512  -37.608  -71.313  -25.258 0.0000000000
11205  -37.731  -71.435  -26.200 0.0000000000
14898  -46.463  -67.038  -18.566 0.0000000000
13318  -42.416  -68.694  -13.587 0.0000000000
14089  -41.422  -67.834  -14.517 0.0000000000
104284  -40.829  -68.008  -13.945 0.0000000000
14105  -41.174  -67.558  -15.405 0.0000000000
15627  -40.101  -65.704  -16.231 0.0000000000
18818  -35.532  -61.982  -14.206 0.0000000000
17932  -35.769  -62.635  -14.826 0.0000000000
18819  -36.221  -61.715  -14.714 0.0000000000
18828  -36.726  -61.867  -15.422 0.0000000000
19736  -37.652  -60.522  -14.999 0.0000000000
19746  -38.840  -60.392  -16.090 0.0000000000
19747  -39.519  -60.149  -16.340 0.0000000000
11146  -42.658  -72.046  -20.181 0.0000000000
94627  -43.029  -72.297  -20.847 0.0000000000
10411  -43.356  -72.161  -23.354 0.0000000000
9703  -42.612  -73.179  -24.991 0.0000000000
10449  -42.498  -71.998  -25.953 0.0000000000
9729  -41.913  -72.710  -27.082 0.0000000000
10456  -41.814  -72.196  -27.544 0.0000000000
10331  -43.798  -72.324  -15.926 0.0000000000
96570  -42.870  -73.469  -17.001 0.0000000000
11081  -44.013  -71.693  -16.609 0.0000000000
11097  -43.692  -71.973  -17.388 0.0000000000
11867  -43.708  -70.696  -16.496 0.0000000000
96526  -42.488  -71.606  -17.804 0.0000000000
13387  -46.445  -68.084  -18.172 0.0000000000
12599  -43.001  -69.162  -17.063 0.0000000000
11113  -41.623  -71.536  -18.255 0.0000000000
11128  -40.021  -71.232  -19.623 0.0000000000
102508  -38.854  -70.998  -20.888 0.0000000000
10316  -44.284  -72.273  -14.940 0.0000000000
11066  -45.044  -71.594  -14.835 0.0000000000
11859  -46.642  -70.340  -14.923 0.0000000000
11837  -46.026  -70.375  -13.832 0.0000000000
11844  -46.547  -70.215  -14.324 0.0000000000
12576  -47.646  -69.180  -14.991 0.0000000000
13356  -47.550  -68.517  -15.468 0.0000000000
14123  -47.342  -67.964  -16.216 0.0000000000
14867  -46.857  -67.405  -17.206 0.0000000000
13334  -44.031  -68.457  -14.114 0.0000000000
14092  -44.694  -67.975  -14.583 0.0000000000
14108  -44.193  -67.475  -15.217 0.0000000000
14109  -45.367  -67.411  -15.213 0.0000000000
14866  -46.329  -66.694  -16.931 0.0000000000
14880  -46.529  -66.750  -17.854 0.0000000000
15639  -45.792  -66.085  -17.553 0.0000000000
15653  -45.246  -65.609  -18.054 0.0000000000
15652  -44.219  -65.145  -17.771 0.0000000000
14102  -37.797  -66.889  -15.171 0.0000000000
17111  -36.916  -63.320  -15.665 0.0000000000
96336  -37.545  -63.826  -15.657 0.0000000000
17113  -38.222  -63.794  -15.975 0.0000000000
16351  -38.713  -64.445  -15.941 0.0000000000
15636  -40.773  -64.874  -16.632 0.0000000000
17120  -40.985  -63.714  -17.231 0.0000000000
17146  -41.985  -63.518  -18.380 0.0000000000
9630  -41.448  -74.611  -18.182 0.0000000000
8886  -41.433  -74.785  -19.555 0.0000000000
104164  -42.281  -73.788  -19.133 0.0000000000
8927  -41.742  -74.270  -21.999 0.0000000000
16404  -42.324  -64.785  -20.237 0.0000000000
14174  -42.483  -67.284  -21.533 0.0000000000
14161  -41.046  -67.428  -20.119 0.0000000000
14145  -40.447  -67.556  -18.709 0.0000000000
14132  -39.644  -67.832  -18.069 0.0000000000
13381  -38.090  -68.702  -18.130 0.0000000000
12608  -38.322  -69.452  -18.184 0.0000000000
11898  -38.339  -70.331  -19.283 0.0000000000
105614  -38.024  -70.531  -19.949 0.0000000000
11923  -38.420  -70.844  -21.496 0.0000000000
12642  -36.110  -69.810  -21.183 0.0000000000
12628  -36.288  -69.777  -20.306 0.0000000000
11909  -36.939  -70.017  -20.125 0.0000000000
11922  -37.640  -70.580  -21.317 0.0000000000
11936  -38.714  -70.914  -22.133 0.0000000000
11166  -38.592  -70.971  -22.798 0.0000000000
89409  -39.465  -71.383  -24.183 0.0000000000
11194  -40.163  -71.484  -25.323 0.0000000000
11207  -40.508  -71.517  -26.415 0.0000000000
9740  -41.490  -72.642  -27.761 0.0000000000
11143  -38.158  -70.779  -20.675 0.0000000000
11169  -43.322  -71.864  -23.543 0.0000000000
11192  -37.811  -71.029  -24.205 0.0000000000
11216  -41.475  -71.718  -27.109 0.0000000000
11836  -45.695  -71.032  -13.912 0.0000000000
11845  -47.133  -69.692  -14.816 0.0000000000
12562  -47.239  -69.397  -14.713 0.0000000000
12563  -47.713  -68.999  -14.976 0.0000000000
12575  -47.240  -69.570  -15.311 0.0000000000
12627  -35.579  -69.448  -20.580 0.0000000000
13344  -47.633  -68.643  -15.134 0.0000000000
13345  -47.728  -68.853  -15.069 0.0000000000
13370  -46.945  -68.199  -17.438 0.0000000000
14094  -47.166  -68.345  -14.909 0.0000000000
88580  -39.348  -71.216  -23.277 0.0000000000
90650  -47.583  -69.164  -15.499 0.0000000000
91739  -35.082  -69.418  -21.894 0.0000000000
92379  -41.300  -75.463  -20.472 0.0000000000
103955  -47.487  -68.308  -15.421 0.0000000000
