#!ascii label  , from subject OASIS_0001 vox2ras=TkReg
1631
46355  46.129  -20.426  27.700 0.0000000000
28576  39.037  -43.391  36.799 0.0000000000
30846  25.585  -40.422  40.599 0.0000000000
29292  18.457  -42.842  44.127 0.0000000000
29269  34.663  -41.796  44.903 0.0000000000
28609  29.172  -44.154  35.458 0.0000000000
41859  45.233  -26.866  25.698 0.0000000000
49403  52.036  -17.178  25.662 0.0000000000
38656  49.434  -30.598  33.709 0.0000000000
34089  40.863  -36.832  30.024 0.0000000000
34110  31.893  -36.761  29.802 0.0000000000
30033  26.461  -41.205  45.452 0.0000000000
30075  21.747  -41.673  42.204 0.0000000000
29261  22.627  -42.049  46.675 0.0000000000
89505  30.235  -41.274  42.801 0.0000000000
42583  48.775  -25.169  32.383 0.0000000000
31578  39.784  -39.796  41.613 0.0000000000
33213  40.360  -37.303  37.195 0.0000000000
96031  44.228  -38.050  35.082 0.0000000000
30941  40.863  -41.038  33.935 0.0000000000
105605  36.522  -36.187  31.175 0.0000000000
31666  35.701  -40.008  33.524 0.0000000000
29401  25.353  -43.237  33.372 0.0000000000
30188  26.221  -41.550  31.970 0.0000000000
47919  48.352  -18.321  25.952 0.0000000000
48681  47.522  -17.509  21.252 0.0000000000
30917  23.228  -40.113  35.141 0.0000000000
30141  20.640  -41.696  37.459 0.0000000000
27841  36.844  -43.907  41.276 0.0000000000
100339  34.659  -43.782  36.860 0.0000000000
29336  33.993  -42.436  39.724 0.0000000000
31593  29.148  -39.708  37.637 0.0000000000
43367  46.209  -24.524  26.976 0.0000000000
29236  19.746  -42.206  48.857 0.0000000000
27810  15.806  -44.162  46.746 0.0000000000
48598  51.114  -17.176  30.742 0.0000000000
45595  51.324  -21.307  30.575 0.0000000000
42617  51.153  -25.545  28.900 0.0000000000
40299  47.122  -28.106  29.745 0.0000000000
38682  43.612  -30.528  30.629 0.0000000000
38650  43.306  -30.688  33.998 0.0000000000
35647  45.461  -35.076  32.291 0.0000000000
36500  40.427  -34.601  27.207 0.0000000000
36502  37.690  -34.418  26.389 0.0000000000
102886  31.299  -39.995  33.468 0.0000000000
30005  26.607  -41.302  47.375 0.0000000000
29273  24.416  -42.003  45.827 0.0000000000
101602  24.396  -41.215  47.767 0.0000000000
30019  28.241  -41.409  47.099 0.0000000000
30105  37.997  -41.369  39.482 0.0000000000
98183  38.481  -40.137  36.853 0.0000000000
31636  41.348  -40.909  35.821 0.0000000000
29371  40.328  -42.517  35.676 0.0000000000
31664  37.853  -39.658  34.056 0.0000000000
92552  38.112  -42.486  35.260 0.0000000000
28627  23.295  -43.619  32.633 0.0000000000
28638  24.130  -43.463  31.637 0.0000000000
47143  47.169  -19.247  26.802 0.0000000000
47934  45.690  -18.755  24.394 0.0000000000
47154  44.662  -19.811  24.850 0.0000000000
31598  24.335  -39.748  38.239 0.0000000000
30906  21.806  -40.801  36.670 0.0000000000
30876  22.351  -40.231  38.623 0.0000000000
29313  20.266  -42.115  42.699 0.0000000000
30103  19.373  -42.075  40.497 0.0000000000
100538  18.060  -43.267  40.821 0.0000000000
102807  16.927  -44.268  42.748 0.0000000000
29281  37.742  -42.691  44.157 0.0000000000
106448  36.058  -43.421  43.463 0.0000000000
27844  35.377  -43.947  41.225 0.0000000000
28532  34.614  -43.191  42.929 0.0000000000
100967  27.999  -40.728  41.622 0.0000000000
30098  29.501  -40.576  40.488 0.0000000000
30856  27.405  -40.118  39.444 0.0000000000
91811  26.331  -39.247  36.424 0.0000000000
41865  46.197  -26.277  25.905 0.0000000000
43385  45.270  -25.302  24.343 0.0000000000
41873  45.099  -26.408  23.655 0.0000000000
90004  14.446  -45.550  48.656 0.0000000000
44063  51.323  -23.809  29.032 0.0000000000
44038  52.072  -23.807  31.285 0.0000000000
40270  49.209  -28.240  33.363 0.0000000000
103703  50.871  -27.871  32.326 0.0000000000
38670  49.814  -30.294  32.500 0.0000000000
99884  45.472  -29.459  30.351 0.0000000000
37957  47.708  -31.400  31.734 0.0000000000
33261  43.952  -38.134  32.501 0.0000000000
34078  46.431  -37.059  34.763 0.0000000000
34096  42.924  -36.216  30.664 0.0000000000
35652  42.677  -34.405  30.259 0.0000000000
34898  41.108  -36.149  27.997 0.0000000000
35705  40.033  -35.310  25.560 0.0000000000
34901  39.306  -35.459  28.030 0.0000000000
35660  35.182  -34.697  29.267 0.0000000000
96829  31.488  -44.306  36.027 0.0000000000
30169  32.382  -41.701  34.946 0.0000000000
29392  30.404  -42.760  34.586 0.0000000000
31694  27.526  -39.190  30.927 0.0000000000
50257  53.752  -16.600  22.559 0.0000000000
104569  51.692  -16.119  22.904 0.0000000000
106406  25.868  -40.831  42.581 0.0000000000
30839  24.139  -40.815  41.273 0.0000000000
30061  24.256  -41.581  43.718 0.0000000000
29299  22.250  -41.860  43.913 0.0000000000
29277  20.412  -42.211  45.548 0.0000000000
105396  32.090  -41.119  46.772 0.0000000000
92925  32.164  -41.987  44.346 0.0000000000
30031  30.738  -41.563  45.797 0.0000000000
89369  28.749  -40.991  44.381 0.0000000000
44028  49.712  -23.509  32.619 0.0000000000
96012  44.929  -27.528  32.671 0.0000000000
33253  40.906  -37.271  34.725 0.0000000000
30920  43.436  -40.762  34.625 0.0000000000
32437  40.894  -38.537  32.375 0.0000000000
34091  39.009  -36.319  31.114 0.0000000000
33264  38.125  -37.549  32.639 0.0000000000
33266  36.086  -37.941  32.501 0.0000000000
32449  33.997  -38.744  31.605 0.0000000000
29382  27.723  -43.504  34.915 0.0000000000
101525  28.254  -43.186  33.409 0.0000000000
29406  26.184  -43.223  32.522 0.0000000000
48646  50.632  -17.581  25.976 0.0000000000
49428  48.828  -16.713  23.168 0.0000000000
48667  47.657  -17.458  23.632 0.0000000000
30110  21.024  -40.914  39.603 0.0000000000
29317  37.846  -42.083  42.163 0.0000000000
99994  37.544  -44.348  38.980 0.0000000000
28588  37.366  -43.733  36.680 0.0000000000
27294  35.911  -45.460  39.014 0.0000000000
27885  34.069  -44.130  38.207 0.0000000000
29357  31.213  -43.465  37.137 0.0000000000
30080  31.990  -41.490  41.596 0.0000000000
102338  31.379  -40.551  38.605 0.0000000000
89027  29.844  -41.921  36.368 0.0000000000
30916  27.876  -41.000  35.045 0.0000000000
30953  24.665  -40.747  33.735 0.0000000000
44870  45.505  -22.525  27.817 0.0000000000
44883  44.043  -21.912  25.829 0.0000000000
44109  44.460  -23.668  25.555 0.0000000000
91130  21.077  -41.963  47.647 0.0000000000
28508  19.211  -42.810  46.044 0.0000000000
90049  17.489  -43.315  48.064 0.0000000000
28519  16.899  -43.354  44.669 0.0000000000
97753  50.359  -15.990  27.936 0.0000000000
48616  49.272  -17.078  28.570 0.0000000000
47871  48.671  -19.091  30.003 0.0000000000
46339  48.373  -20.821  30.212 0.0000000000
44066  48.457  -23.376  28.920 0.0000000000
43356  48.940  -24.659  28.199 0.0000000000
41849  47.750  -26.298  27.640 0.0000000000
41810  51.458  -26.568  31.967 0.0000000000
41070  49.486  -27.017  29.976 0.0000000000
41087  46.398  -26.957  28.055 0.0000000000
41089  43.927  -27.644  28.151 0.0000000000
40320  41.438  -28.320  28.792 0.0000000000
38659  45.563  -30.633  33.475 0.0000000000
36462  42.751  -33.689  33.692 0.0000000000
36447  46.535  -33.810  34.629 0.0000000000
36470  48.723  -33.913  33.790 0.0000000000
37239  44.740  -32.794  31.278 0.0000000000
37976  40.969  -31.446  29.442 0.0000000000
35658  37.050  -34.644  28.988 0.0000000000
29389  35.242  -41.838  35.153 0.0000000000
30957  33.792  -39.815  33.015 0.0000000000
32452  31.611  -38.608  31.188 0.0000000000
30962  28.552  -40.880  32.771 0.0000000000
32455  29.201  -38.730  31.114 0.0000000000
29987  25.636  -41.020  48.008 0.0000000000
29968  25.489  -40.784  48.144 0.0000000000
30136  37.867  -42.283  37.788 0.0000000000
30887  38.044  -40.368  37.623 0.0000000000
30135  38.592  -42.081  37.221 0.0000000000
30899  40.222  -41.746  36.536 0.0000000000
29365  39.784  -42.962  36.421 0.0000000000
30163  38.998  -42.117  35.093 0.0000000000
28586  39.274  -43.406  36.089 0.0000000000
47132  46.664  -19.815  27.250 0.0000000000
47144  46.480  -19.600  26.500 0.0000000000
46366  45.006  -20.416  26.601 0.0000000000
100511  24.995  -39.893  38.819 0.0000000000
104875  23.518  -39.810  37.972 0.0000000000
30858  24.033  -40.257  39.743 0.0000000000
29302  19.257  -42.446  43.713 0.0000000000
107518  19.050  -42.458  41.946 0.0000000000
28533  17.850  -43.207  42.722 0.0000000000
28539  17.563  -43.828  41.456 0.0000000000
100030  17.277  -43.517  43.245 0.0000000000
30797  33.859  -40.814  46.619 0.0000000000
29254  35.183  -41.456  45.222 0.0000000000
29268  35.974  -42.157  45.012 0.0000000000
28505  35.182  -42.490  44.434 0.0000000000
28525  34.969  -43.301  43.506 0.0000000000
28516  34.295  -42.716  44.041 0.0000000000
92015  27.018  -40.543  41.023 0.0000000000
92156  27.761  -40.459  40.647 0.0000000000
30857  26.606  -40.160  39.609 0.0000000000
30873  25.847  -39.964  39.006 0.0000000000
41858  45.865  -26.624  25.834 0.0000000000
41866  45.599  -26.414  25.199 0.0000000000
41867  45.298  -26.708  25.129 0.0000000000
89242  51.297  -22.118  32.505 0.0000000000
44817  52.203  -22.945  31.516 0.0000000000
98835  51.132  -22.840  32.385 0.0000000000
39435  48.876  -29.824  33.761 0.0000000000
39433  50.123  -29.828  33.271 0.0000000000
38655  49.790  -30.657  33.523 0.0000000000
97435  48.281  -30.898  31.727 0.0000000000
37951  49.437  -31.699  33.105 0.0000000000
33270  42.424  -37.622  31.197 0.0000000000
34083  44.057  -37.219  32.119 0.0000000000
90962  42.033  -36.828  30.172 0.0000000000
34876  41.730  -36.285  29.789 0.0000000000
34107  41.237  -36.407  29.080 0.0000000000
93113  40.855  -36.294  27.853 0.0000000000
34887  40.737  -36.442  28.561 0.0000000000
28594  30.759  -44.417  36.178 0.0000000000
28613  30.778  -43.300  35.128 0.0000000000
28614  29.915  -43.976  35.071 0.0000000000
49424  53.156  -17.214  24.104 0.0000000000
49425  52.124  -16.862  24.194 0.0000000000
89527  26.355  -40.993  43.781 0.0000000000
30060  25.014  -41.395  43.600 0.0000000000
30049  25.286  -41.433  44.482 0.0000000000
107249  23.380  -42.136  46.305 0.0000000000
29287  23.347  -41.984  44.983 0.0000000000
91568  22.965  -42.138  45.727 0.0000000000
92868  21.680  -41.895  45.050 0.0000000000
29275  22.099  -41.937  45.744 0.0000000000
30001  31.342  -40.838  47.068 0.0000000000
30030  31.584  -41.623  45.866 0.0000000000
30002  30.454  -41.107  47.260 0.0000000000
104698  27.771  -41.256  46.550 0.0000000000
107108  28.142  -41.066  45.791 0.0000000000
90255  27.052  -41.090  44.510 0.0000000000
30059  27.165  -41.008  43.459 0.0000000000
101658  40.608  -38.522  39.016 0.0000000000
33201  41.822  -37.682  39.164 0.0000000000
34022  41.663  -36.478  37.934 0.0000000000
34023  41.028  -36.060  36.927 0.0000000000
33226  40.062  -37.535  35.835 0.0000000000
30922  42.481  -41.459  34.970 0.0000000000
31635  43.057  -40.859  35.281 0.0000000000
99769  42.760  -41.167  34.498 0.0000000000
31671  42.305  -39.708  32.988 0.0000000000
32427  40.439  -39.290  32.956 0.0000000000
32438  39.893  -38.316  32.753 0.0000000000
32428  39.525  -39.017  33.301 0.0000000000
31665  36.680  -39.693  33.828 0.0000000000
32430  37.178  -38.939  33.610 0.0000000000
31673  36.135  -39.237  33.291 0.0000000000
32448  34.755  -38.257  31.783 0.0000000000
31675  34.564  -39.507  32.730 0.0000000000
30170  26.393  -43.069  34.176 0.0000000000
28623  26.917  -43.647  33.561 0.0000000000
28625  25.922  -43.534  33.210 0.0000000000
48633  49.092  -17.985  26.184 0.0000000000
48661  48.801  -17.669  24.946 0.0000000000
47931  48.222  -18.054  25.334 0.0000000000
47943  45.501  -18.689  22.899 0.0000000000
30173  22.604  -41.600  34.226 0.0000000000
30157  22.460  -41.271  35.209 0.0000000000
30088  23.028  -41.271  42.048 0.0000000000
30100  22.233  -40.959  40.790 0.0000000000
30090  21.546  -41.303  41.245 0.0000000000
29338  18.970  -42.862  39.585 0.0000000000
29337  19.341  -42.436  39.259 0.0000000000
29294  37.296  -43.217  43.306 0.0000000000
29306  37.791  -42.568  43.031 0.0000000000
29318  37.555  -43.045  41.584 0.0000000000
107184  37.908  -42.758  40.583 0.0000000000
28553  37.571  -44.008  39.932 0.0000000000
27882  36.884  -45.222  38.663 0.0000000000
27873  36.554  -44.996  39.850 0.0000000000
29335  34.434  -43.128  40.104 0.0000000000
28554  34.723  -44.054  39.669 0.0000000000
28555  34.215  -43.147  39.006 0.0000000000
28572  32.904  -43.705  37.593 0.0000000000
29349  33.270  -42.913  38.148 0.0000000000
89493  31.012  -41.586  43.335 0.0000000000
98314  32.420  -42.055  43.295 0.0000000000
101314  30.901  -41.457  42.609 0.0000000000
89110  29.162  -39.974  38.770 0.0000000000
30842  30.962  -40.756  39.960 0.0000000000
30869  29.845  -39.965  38.242 0.0000000000
30889  30.821  -40.884  37.320 0.0000000000
30903  29.713  -40.584  36.600 0.0000000000
30915  28.670  -41.386  35.466 0.0000000000
31638  28.414  -39.732  36.166 0.0000000000
31642  24.246  -39.210  35.693 0.0000000000
31653  25.421  -39.612  34.652 0.0000000000
31655  23.961  -39.746  34.745 0.0000000000
44095  45.819  -23.577  27.421 0.0000000000
44096  44.965  -23.096  27.125 0.0000000000
44106  45.234  -24.084  26.679 0.0000000000
89473  45.413  -24.817  22.978 0.0000000000
92623  20.374  -42.107  48.218 0.0000000000
28497  20.410  -42.496  47.194 0.0000000000
28489  19.712  -42.550  47.824 0.0000000000
107261  16.062  -43.839  48.438 0.0000000000
28491  16.680  -43.609  47.296 0.0000000000
28500  17.269  -43.272  46.658 0.0000000000
27813  15.761  -44.217  45.818 0.0000000000
27819  15.990  -44.657  44.318 0.0000000000
27818  15.474  -44.928  45.517 0.0000000000
50213  51.869  -15.733  27.504 0.0000000000
49361  50.907  -16.131  29.645 0.0000000000
48607  50.467  -16.840  30.032 0.0000000000
48609  48.923  -17.885  29.041 0.0000000000
47880  49.336  -18.268  30.076 0.0000000000
46332  50.680  -20.356  30.659 0.0000000000
46333  49.471  -20.560  30.429 0.0000000000
45597  49.117  -21.452  30.365 0.0000000000
44857  48.010  -22.634  29.496 0.0000000000
44837  49.476  -22.226  30.195 0.0000000000
99615  51.452  -24.512  28.773 0.0000000000
44081  50.592  -24.249  28.563 0.0000000000
43355  49.791  -24.851  28.277 0.0000000000
42624  48.694  -25.589  27.844 0.0000000000
41848  48.717  -26.089  28.087 0.0000000000
43303  49.254  -24.341  32.462 0.0000000000
91433  50.482  -25.350  32.375 0.0000000000
96155  50.379  -26.224  32.633 0.0000000000
40287  48.675  -28.532  30.788 0.0000000000
41060  50.105  -27.632  30.836 0.0000000000
41062  47.973  -27.908  30.068 0.0000000000
41072  47.521  -27.204  29.201 0.0000000000
41073  46.709  -27.316  28.995 0.0000000000
41088  44.768  -27.465  28.129 0.0000000000
40301  45.525  -28.301  29.500 0.0000000000
39468  43.960  -29.747  30.396 0.0000000000
40304  42.961  -28.643  29.413 0.0000000000
39486  42.540  -29.389  29.836 0.0000000000
39487  41.496  -29.763  29.696 0.0000000000
90527  43.785  -30.054  33.791 0.0000000000
34843  41.794  -35.290  34.325 0.0000000000
36449  41.837  -33.955  34.259 0.0000000000
34858  43.643  -35.324  34.017 0.0000000000
34856  46.902  -36.415  34.539 0.0000000000
34839  46.978  -35.698  35.150 0.0000000000
34838  47.795  -35.524  34.904 0.0000000000
36446  47.591  -34.248  34.797 0.0000000000
35640  48.307  -34.545  33.743 0.0000000000
36479  46.266  -33.537  32.003 0.0000000000
36480  45.297  -34.147  31.723 0.0000000000
36490  40.879  -33.604  28.929 0.0000000000
37250  41.910  -33.247  29.910 0.0000000000
37252  40.622  -32.536  28.934 0.0000000000
37255  39.712  -31.931  28.152 0.0000000000
37265  39.912  -33.239  27.526 0.0000000000
36518  39.883  -34.621  25.307 0.0000000000
90015  38.833  -35.207  25.936 0.0000000000
35717  39.095  -34.950  24.824 0.0000000000
34102  37.196  -35.858  30.947 0.0000000000
34878  37.853  -35.513  30.122 0.0000000000
34879  36.307  -35.385  30.064 0.0000000000
36493  35.324  -33.669  28.135 0.0000000000
107468  36.059  -43.648  36.696 0.0000000000
29375  35.895  -42.532  35.764 0.0000000000
29376  34.822  -42.530  35.773 0.0000000000
30930  32.488  -40.794  34.392 0.0000000000
30929  33.301  -40.788  34.391 0.0000000000
30959  32.189  -39.808  33.253 0.0000000000
31677  33.167  -39.517  32.176 0.0000000000
31686  31.427  -39.091  31.746 0.0000000000
30184  27.336  -42.547  32.688 0.0000000000
102516  28.114  -42.255  33.096 0.0000000000
30963  27.731  -41.339  32.557 0.0000000000
31693  28.405  -38.976  31.047 0.0000000000
32461  29.640  -38.241  30.586 0.0000000000
49437  48.461  -16.773  22.049 0.0000000000
49444  49.164  -16.501  21.675 0.0000000000
45641  43.916  -21.581  24.169 0.0000000000
89800  26.337  -41.516  47.077 0.0000000000
30034  25.599  -41.427  45.328 0.0000000000
30021  25.349  -41.611  46.978 0.0000000000
29244  24.376  -41.611  47.206 0.0000000000
29260  23.505  -41.901  46.986 0.0000000000
96296  27.305  -41.424  47.118 0.0000000000
30841  39.542  -40.330  40.884 0.0000000000
31581  40.604  -39.384  40.807 0.0000000000
31582  39.886  -39.722  40.461 0.0000000000
31591  39.093  -39.209  38.379 0.0000000000
32388  39.150  -38.447  37.076 0.0000000000
33243  39.687  -38.157  35.720 0.0000000000
31626  39.157  -39.758  36.268 0.0000000000
30912  41.209  -41.785  36.013 0.0000000000
30923  40.462  -41.562  34.582 0.0000000000
30942  39.759  -40.712  33.957 0.0000000000
30924  39.410  -41.360  34.581 0.0000000000
30925  38.347  -41.129  34.609 0.0000000000
95921  36.081  -41.003  34.482 0.0000000000
29402  24.373  -43.076  33.239 0.0000000000
28626  25.187  -43.599  32.817 0.0000000000
28634  23.915  -43.749  32.058 0.0000000000
47908  47.680  -18.690  26.360 0.0000000000
47920  47.481  -18.541  25.545 0.0000000000
47909  46.994  -19.070  26.067 0.0000000000
47158  45.183  -19.249  24.543 0.0000000000
31631  23.506  -39.469  36.453 0.0000000000
30918  22.653  -40.465  35.610 0.0000000000
31614  23.159  -39.753  37.292 0.0000000000
90016  22.127  -40.220  37.856 0.0000000000
30877  21.628  -40.453  38.267 0.0000000000
29312  21.194  -42.037  42.828 0.0000000000
30076  20.691  -41.737  41.786 0.0000000000
29322  19.738  -42.107  41.906 0.0000000000
29324  18.708  -42.602  40.623 0.0000000000
27280  17.500  -45.086  41.629 0.0000000000
28513  36.600  -43.199  43.886 0.0000000000
28531  36.492  -43.519  43.085 0.0000000000
27857  35.759  -44.383  40.945 0.0000000000
27830  35.654  -43.636  42.754 0.0000000000
28537  35.077  -43.316  41.990 0.0000000000
29320  33.803  -42.172  41.401 0.0000000000
30068  28.708  -40.958  42.624 0.0000000000
30082  29.578  -40.931  41.300 0.0000000000
30833  28.917  -40.757  40.971 0.0000000000
30855  28.332  -40.094  39.356 0.0000000000
30870  28.454  -39.793  38.511 0.0000000000
31609  27.449  -39.312  37.224 0.0000000000
31595  27.104  -39.608  38.021 0.0000000000
31611  25.625  -39.322  37.473 0.0000000000
43375  46.609  -25.410  26.676 0.0000000000
43376  45.764  -25.150  26.128 0.0000000000
42630  45.899  -25.967  25.217 0.0000000000
42632  45.438  -26.200  24.409 0.0000000000
27798  15.079  -44.333  49.605 0.0000000000
27805  15.093  -44.759  48.138 0.0000000000
90813  15.208  -45.557  46.080 0.0000000000
26625  14.666  -45.939  47.252 0.0000000000
45593  52.413  -21.352  31.053 0.0000000000
44835  51.874  -22.225  30.251 0.0000000000
44833  52.545  -22.470  30.857 0.0000000000
44046  52.249  -23.506  30.303 0.0000000000
98910  52.173  -25.463  30.414 0.0000000000
41813  49.068  -26.834  32.803 0.0000000000
41812  50.187  -26.999  32.997 0.0000000000
41029  50.542  -28.700  33.085 0.0000000000
39454  50.289  -29.547  32.426 0.0000000000
39463  48.617  -29.346  31.240 0.0000000000
40289  46.678  -28.904  30.245 0.0000000000
106796  47.404  -29.979  30.921 0.0000000000
38680  46.076  -30.673  31.093 0.0000000000
37967  45.158  -31.019  31.021 0.0000000000
32425  45.132  -39.065  34.272 0.0000000000
33248  45.918  -37.701  35.084 0.0000000000
33260  45.170  -37.914  33.216 0.0000000000
34082  45.249  -36.804  32.585 0.0000000000
34870  44.780  -35.718  32.108 0.0000000000
35649  43.788  -34.703  31.242 0.0000000000
34874  43.144  -35.461  30.819 0.0000000000
35656  41.647  -35.195  29.184 0.0000000000
35682  40.704  -35.540  27.179 0.0000000000
35683  40.363  -35.537  26.341 0.0000000000
34919  40.487  -35.840  26.786 0.0000000000
34921  39.943  -35.833  26.643 0.0000000000
35684  38.959  -35.195  27.062 0.0000000000
34103  35.239  -36.335  30.900 0.0000000000
34880  35.402  -35.605  30.376 0.0000000000
90690  33.878  -35.514  30.022 0.0000000000
34902  33.303  -34.649  29.041 0.0000000000
35690  32.386  -33.939  27.604 0.0000000000
28592  32.675  -43.970  36.640 0.0000000000
29377  33.402  -42.581  35.605 0.0000000000
29378  32.673  -43.481  35.842 0.0000000000
98680  31.287  -42.263  34.864 0.0000000000
30951  30.715  -40.776  33.819 0.0000000000
30967  26.302  -40.416  31.450 0.0000000000
31696  25.602  -39.488  30.028 0.0000000000
49433  53.461  -16.952  23.385 0.0000000000
50258  52.510  -16.110  22.591 0.0000000000
50272  51.030  -15.721  21.132 0.0000000000
30837  25.766  -40.620  41.381 0.0000000000
30847  24.579  -40.436  40.532 0.0000000000
30087  24.638  -40.955  42.053 0.0000000000
101299  23.742  -41.113  42.040 0.0000000000
30073  23.335  -41.507  42.703 0.0000000000
30050  24.572  -41.679  44.375 0.0000000000
29298  23.032  -41.802  44.135 0.0000000000
29311  22.035  -41.955  43.040 0.0000000000
29300  21.468  -41.978  43.724 0.0000000000
92080  20.021  -42.177  44.149 0.0000000000
29291  19.380  -42.456  44.587 0.0000000000
29256  33.343  -41.490  45.890 0.0000000000
29283  33.624  -42.228  44.694 0.0000000000
29272  32.420  -41.678  45.617 0.0000000000
30045  31.272  -41.497  45.230 0.0000000000
30046  30.580  -41.219  44.924 0.0000000000
94717  29.460  -41.422  46.299 0.0000000000
30047  29.672  -41.037  44.695 0.0000000000
106916  29.375  -40.921  43.885 0.0000000000
89571  27.940  -40.931  43.055 0.0000000000
30069  27.224  -40.810  42.576 0.0000000000
41860  44.330  -26.910  25.917 0.0000000000
90361  44.836  -26.755  24.705 0.0000000000
41875  43.772  -26.574  24.212 0.0000000000
44807  49.848  -22.554  32.800 0.0000000000
42584  47.456  -25.089  32.341 0.0000000000
98489  46.518  -26.512  32.369 0.0000000000
41043  46.532  -27.433  32.420 0.0000000000
39446  46.595  -29.253  32.972 0.0000000000
34814  41.521  -35.147  35.774 0.0000000000
34072  41.501  -36.841  34.467 0.0000000000
32411  40.818  -39.287  35.316 0.0000000000
32420  42.366  -38.800  34.986 0.0000000000
94038  44.179  -38.856  35.156 0.0000000000
31669  43.696  -39.923  33.667 0.0000000000
32435  42.698  -38.971  32.542 0.0000000000
100567  41.163  -37.547  31.215 0.0000000000
34090  40.026  -36.520  30.627 0.0000000000
33273  39.662  -36.933  31.535 0.0000000000
33274  38.526  -36.956  31.901 0.0000000000
33275  37.458  -36.932  32.127 0.0000000000
32429  38.264  -38.857  33.650 0.0000000000
33265  37.064  -37.654  32.634 0.0000000000
33276  36.462  -37.126  32.090 0.0000000000
34094  34.985  -37.124  31.378 0.0000000000
33278  34.265  -37.771  31.345 0.0000000000
33284  32.823  -37.738  30.671 0.0000000000
104921  28.529  -44.005  35.307 0.0000000000
93278  28.579  -43.829  34.311 0.0000000000
28615  27.925  -43.949  34.479 0.0000000000
28630  26.871  -43.336  32.860 0.0000000000
106293  25.992  -42.613  32.133 0.0000000000
28632  25.685  -43.463  32.685 0.0000000000
28637  25.464  -43.245  31.918 0.0000000000
48658  51.169  -17.395  25.538 0.0000000000
48664  50.254  -16.976  24.139 0.0000000000
102596  49.967  -17.388  24.706 0.0000000000
48666  48.584  -17.303  23.989 0.0000000000
48672  47.325  -17.502  22.616 0.0000000000
47938  47.160  -17.781  24.200 0.0000000000
48673  46.666  -17.876  22.437 0.0000000000
30859  23.270  -40.385  39.760 0.0000000000
30861  21.770  -40.510  39.112 0.0000000000
30111  20.481  -41.197  38.758 0.0000000000
30102  19.908  -41.655  40.322 0.0000000000
30125  19.758  -41.836  38.716 0.0000000000
30826  39.251  -40.439  41.853 0.0000000000
107344  38.348  -41.831  40.977 0.0000000000
30106  37.663  -42.323  39.318 0.0000000000
28568  38.280  -43.786  37.420 0.0000000000
28577  38.222  -43.859  37.222 0.0000000000
107574  37.806  -44.902  37.920 0.0000000000
104682  36.665  -45.027  37.774 0.0000000000
92341  35.413  -44.579  37.627 0.0000000000
27874  35.534  -45.143  39.497 0.0000000000
27884  34.830  -44.655  38.559 0.0000000000
27905  33.316  -43.995  37.301 0.0000000000
27906  32.359  -43.997  37.068 0.0000000000
27897  31.595  -44.097  36.874 0.0000000000
28595  30.116  -44.268  36.404 0.0000000000
91545  33.180  -42.548  43.577 0.0000000000
29309  33.007  -42.151  42.734 0.0000000000
30095  33.221  -41.718  40.748 0.0000000000
30096  31.288  -41.276  41.067 0.0000000000
30109  31.747  -41.133  40.145 0.0000000000
30108  32.467  -41.165  39.306 0.0000000000
30138  31.789  -42.194  37.587 0.0000000000
30139  30.888  -42.313  37.085 0.0000000000
29366  29.663  -43.850  36.423 0.0000000000
30154  28.781  -42.756  35.694 0.0000000000
30156  27.443  -42.357  34.779 0.0000000000
30932  26.137  -41.587  34.073 0.0000000000
31640  27.025  -39.432  35.892 0.0000000000
31652  26.286  -40.298  34.462 0.0000000000
100099  25.270  -41.339  33.680 0.0000000000
30180  23.594  -41.986  33.448 0.0000000000
45615  45.804  -21.708  28.281 0.0000000000
46357  44.658  -21.270  26.895 0.0000000000
44871  44.709  -22.184  27.227 0.0000000000
43380  44.747  -24.425  25.112 0.0000000000
43386  44.821  -24.134  24.262 0.0000000000
41874  44.847  -26.618  23.934 0.0000000000
30758  24.302  -40.668  48.094 0.0000000000
29989  23.965  -41.016  48.010 0.0000000000
29233  22.804  -41.281  47.801 0.0000000000
29234  21.877  -41.396  47.880 0.0000000000
29247  21.825  -41.954  47.200 0.0000000000
29263  20.760  -42.135  46.393 0.0000000000
29278  19.665  -42.509  45.440 0.0000000000
28517  18.737  -42.599  45.133 0.0000000000
28479  19.032  -42.680  48.324 0.0000000000
102135  18.075  -43.104  47.022 0.0000000000
28509  18.221  -42.875  45.779 0.0000000000
99550  17.471  -43.212  44.009 0.0000000000
28527  16.741  -43.662  43.843 0.0000000000
88836  52.529  -16.665  26.117 0.0000000000
49380  51.744  -16.672  26.476 0.0000000000
48631  50.824  -17.162  26.404 0.0000000000
48624  49.317  -17.105  27.465 0.0000000000
50193  51.457  -15.553  29.245 0.0000000000
49372  49.768  -16.320  28.155 0.0000000000
48625  48.863  -17.816  26.900 0.0000000000
47899  48.246  -18.344  27.467 0.0000000000
47891  47.742  -18.891  28.010 0.0000000000
47115  47.494  -19.820  29.166 0.0000000000
101132  49.523  -19.107  30.392 0.0000000000
47114  48.077  -19.809  29.869 0.0000000000
45606  46.928  -21.294  29.274 0.0000000000
44858  47.181  -22.319  29.303 0.0000000000
44863  46.827  -22.848  28.717 0.0000000000
44085  47.216  -23.681  28.381 0.0000000000
44064  50.357  -23.561  28.903 0.0000000000
44083  48.788  -24.028  28.469 0.0000000000
43365  47.818  -25.082  27.458 0.0000000000
42626  47.592  -25.836  27.121 0.0000000000
104087  46.949  -26.251  26.833 0.0000000000
41110  46.257  -26.576  26.586 0.0000000000
104754  50.308  -23.862  32.467 0.0000000000
42582  51.320  -25.520  31.846 0.0000000000
41836  51.877  -26.050  30.399 0.0000000000
41038  51.091  -27.419  32.195 0.0000000000
41828  51.646  -26.638  30.892 0.0000000000
41838  50.052  -26.433  29.579 0.0000000000
41085  48.075  -26.574  28.514 0.0000000000
41086  47.193  -26.700  28.083 0.0000000000
41111  45.667  -26.855  26.401 0.0000000000
41100  45.262  -27.155  27.232 0.0000000000
102562  43.674  -27.376  27.516 0.0000000000
40302  44.722  -28.457  29.422 0.0000000000
40318  43.453  -28.097  28.793 0.0000000000
39447  45.426  -29.137  32.834 0.0000000000
38658  46.969  -30.784  33.788 0.0000000000
103338  42.933  -32.226  33.973 0.0000000000
34857  44.975  -35.744  34.592 0.0000000000
99076  44.707  -34.092  33.947 0.0000000000
101753  43.800  -31.960  33.526 0.0000000000
37217  46.182  -32.135  34.037 0.0000000000
37931  48.093  -32.332  34.514 0.0000000000
37929  48.980  -32.309  34.128 0.0000000000
37236  47.902  -32.396  32.268 0.0000000000
37237  46.688  -32.574  31.808 0.0000000000
37969  43.460  -31.340  30.748 0.0000000000
98855  43.472  -32.967  30.670 0.0000000000
37247  43.046  -32.188  30.608 0.0000000000
38684  42.102  -30.899  30.314 0.0000000000
38708  40.489  -30.738  29.066 0.0000000000
35716  39.678  -34.968  24.964 0.0000000000
35731  38.391  -34.289  24.613 0.0000000000
34877  38.958  -35.718  29.745 0.0000000000
35657  38.047  -34.974  28.705 0.0000000000
100184  37.781  -34.576  28.044 0.0000000000
35659  36.107  -34.608  29.140 0.0000000000
35687  36.254  -33.759  27.981 0.0000000000
28601  37.601  -43.404  35.942 0.0000000000
30165  36.315  -41.655  34.866 0.0000000000
30927  35.241  -40.815  34.138 0.0000000000
107404  34.312  -41.328  34.706 0.0000000000
30928  34.910  -40.835  34.100 0.0000000000
30956  34.318  -39.922  33.165 0.0000000000
31676  33.879  -39.549  32.523 0.0000000000
32451  32.321  -38.644  31.233 0.0000000000
33286  31.490  -38.060  30.517 0.0000000000
29393  29.434  -43.310  34.227 0.0000000000
30952  29.771  -41.124  33.544 0.0000000000
30960  30.410  -39.908  33.190 0.0000000000
31690  27.841  -39.591  31.625 0.0000000000
31689  28.713  -39.341  31.645 0.0000000000
31687  30.423  -38.991  31.678 0.0000000000
32453  30.842  -38.543  31.165 0.0000000000
107161  30.719  -38.058  30.503 0.0000000000
101435  50.196  -16.385  22.968 0.0000000000
49443  49.986  -15.908  21.415 0.0000000000
49461  49.577  -16.389  20.377 0.0000000000
46375  44.371  -20.470  25.230 0.0000000000
29355  38.793  -43.192  37.333 0.0000000000
30866  37.724  -41.223  37.699 0.0000000000
29354  39.666  -42.918  36.852 0.0000000000
47133  45.861  -20.101  26.978 0.0000000000
46356  45.426  -20.773  27.336 0.0000000000
102580  25.038  -40.094  39.693 0.0000000000
29303  18.510  -42.733  43.180 0.0000000000
104414  17.893  -43.125  43.456 0.0000000000
29255  34.080  -41.481  45.617 0.0000000000
30012  34.379  -41.158  45.867 0.0000000000
103165  34.748  -41.517  45.227 0.0000000000
99771  35.307  -41.911  44.778 0.0000000000
28515  35.020  -43.048  43.987 0.0000000000
28506  34.486  -42.342  44.583 0.0000000000
30836  26.254  -40.573  41.045 0.0000000000
30845  26.436  -40.384  40.375 0.0000000000
101526  25.914  -40.214  39.848 0.0000000000
44806  50.576  -22.314  32.703 0.0000000000
105239  49.826  -30.264  33.476 0.0000000000
37950  49.482  -31.437  33.734 0.0000000000
37928  49.339  -31.410  33.792 0.0000000000
33281  41.959  -37.243  30.477 0.0000000000
34088  42.525  -37.103  30.734 0.0000000000
34098  41.425  -36.787  29.838 0.0000000000
34108  41.010  -36.616  29.095 0.0000000000
34099  40.414  -36.456  29.551 0.0000000000
28608  30.019  -44.432  35.819 0.0000000000
96498  52.663  -17.335  25.159 0.0000000000
49415  52.851  -17.320  24.716 0.0000000000
49416  51.825  -17.279  24.934 0.0000000000
30048  26.057  -41.096  44.586 0.0000000000
100681  30.953  -40.180  47.869 0.0000000000
92048  26.854  -41.305  46.440 0.0000000000
94450  27.376  -41.086  45.599 0.0000000000
33202  40.767  -37.812  38.566 0.0000000000
32383  41.421  -38.183  39.559 0.0000000000
34009  42.209  -37.017  38.785 0.0000000000
33212  41.315  -37.150  38.250 0.0000000000
104762  40.998  -36.772  37.327 0.0000000000
30160  41.588  -41.662  34.844 0.0000000000
30940  42.048  -41.174  34.098 0.0000000000
99904  41.930  -40.327  33.394 0.0000000000
31661  41.105  -40.276  33.391 0.0000000000
31662  40.094  -40.026  33.468 0.0000000000
31674  35.303  -39.497  33.032 0.0000000000
29395  26.151  -43.437  33.729 0.0000000000
48648  49.045  -17.925  25.673 0.0000000000
30936  22.916  -40.827  34.675 0.0000000000
30089  22.380  -41.259  41.676 0.0000000000
28530  36.961  -43.444  42.869 0.0000000000
29307  37.418  -43.056  42.542 0.0000000000
28536  37.124  -43.497  41.941 0.0000000000
28541  37.328  -43.673  40.911 0.0000000000
27855  37.109  -44.322  40.268 0.0000000000
27856  36.406  -44.465  40.665 0.0000000000
29348  33.577  -42.193  39.124 0.0000000000
30890  30.179  -40.266  37.400 0.0000000000
31607  28.976  -39.818  36.667 0.0000000000
30935  23.523  -40.480  34.255 0.0000000000
44094  46.698  -24.085  27.757 0.0000000000
29224  20.071  -41.615  48.948 0.0000000000
27804  15.793  -44.076  47.799 0.0000000000
28501  16.427  -43.594  46.238 0.0000000000
27814  15.309  -44.826  46.320 0.0000000000
50202  52.208  -15.193  28.621 0.0000000000
50191  53.063  -14.397  30.128 0.0000000000
49351  51.826  -16.632  31.016 0.0000000000
48599  50.304  -17.700  30.340 0.0000000000
45596  50.107  -21.388  30.421 0.0000000000
44836  50.686  -22.241  30.118 0.0000000000
43336  51.727  -25.123  28.977 0.0000000000
43354  50.936  -24.993  28.508 0.0000000000
42618  50.265  -25.403  28.506 0.0000000000
100500  49.366  -25.490  28.232 0.0000000000
41847  49.997  -25.867  28.833 0.0000000000
90174  49.808  -25.266  32.600 0.0000000000
95746  49.528  -26.079  32.674 0.0000000000
40300  46.320  -28.187  29.593 0.0000000000
39469  43.090  -29.917  30.313 0.0000000000
38695  42.221  -30.211  30.183 0.0000000000
104347  42.360  -35.910  34.179 0.0000000000
34859  42.500  -35.059  33.846 0.0000000000
34842  43.250  -36.081  34.227 0.0000000000
34869  45.788  -35.917  32.834 0.0000000000
34867  46.818  -35.989  33.711 0.0000000000
35641  46.364  -35.363  32.916 0.0000000000
34866  47.444  -35.231  33.550 0.0000000000
36472  46.379  -34.613  32.446 0.0000000000
36492  40.821  -34.644  28.015 0.0000000000
91317  40.492  -33.492  28.176 0.0000000000
102128  40.163  -32.547  28.373 0.0000000000
37266  39.583  -33.406  26.477 0.0000000000
36501  40.185  -34.673  26.117 0.0000000000
35706  38.624  -34.980  25.208 0.0000000000
36530  37.702  -34.469  25.414 0.0000000000
102947  36.948  -35.530  30.331 0.0000000000
94113  36.200  -35.909  30.794 0.0000000000
28603  35.409  -43.242  36.445 0.0000000000
28604  34.255  -43.256  36.413 0.0000000000
30949  32.847  -40.249  33.810 0.0000000000
31678  32.357  -39.502  32.281 0.0000000000
100597  31.414  -39.535  32.709 0.0000000000
30187  26.997  -41.563  32.314 0.0000000000
101257  47.473  -17.852  20.686 0.0000000000
30006  25.905  -41.333  47.561 0.0000000000
93357  25.105  -41.304  47.647 0.0000000000
91377  26.383  -40.913  47.951 0.0000000000
92827  27.240  -41.050  47.459 0.0000000000
30852  38.853  -40.453  39.733 0.0000000000
31592  38.488  -39.933  38.492 0.0000000000
31606  38.475  -39.538  37.529 0.0000000000
31605  38.851  -38.881  37.561 0.0000000000
32389  38.738  -39.182  36.786 0.0000000000
30900  39.241  -40.645  36.481 0.0000000000
30144  40.433  -42.323  36.317 0.0000000000
30152  40.862  -42.118  35.975 0.0000000000
30161  40.928  -42.019  35.370 0.0000000000
30162  40.039  -42.141  35.115 0.0000000000
101745  37.951  -41.697  34.870 0.0000000000
30926  37.251  -40.909  34.507 0.0000000000
30164  37.127  -41.718  34.844 0.0000000000
93705  24.273  -43.616  32.544 0.0000000000
28635  22.864  -43.951  32.140 0.0000000000
47900  47.736  -18.808  27.119 0.0000000000
47153  45.320  -19.550  25.332 0.0000000000
31613  23.941  -39.517  37.365 0.0000000000
30875  23.386  -40.125  38.873 0.0000000000
30891  22.813  -40.028  38.041 0.0000000000
100569  18.485  -42.749  41.384 0.0000000000
29331  18.458  -42.974  40.071 0.0000000000
27861  17.778  -43.930  40.741 0.0000000000
98143  17.274  -43.787  42.385 0.0000000000
27832  17.214  -44.465  42.017 0.0000000000
27267  16.877  -44.886  42.772 0.0000000000
30804  36.497  -40.987  45.196 0.0000000000
28514  36.027  -43.058  43.752 0.0000000000
28503  36.287  -42.725  44.328 0.0000000000
28523  36.501  -43.411  43.547 0.0000000000
27822  35.985  -43.522  43.246 0.0000000000
27829  36.114  -43.753  42.614 0.0000000000
27831  35.227  -43.540  42.879 0.0000000000
29328  34.552  -42.956  41.141 0.0000000000
29319  34.268  -42.773  42.145 0.0000000000
30083  28.710  -40.876  41.707 0.0000000000
30834  28.271  -40.656  41.083 0.0000000000
90529  27.850  -40.249  40.000 0.0000000000
30871  27.672  -39.876  38.684 0.0000000000
30872  26.806  -39.920  38.820 0.0000000000
31597  25.300  -39.621  38.194 0.0000000000
31612  24.789  -39.336  37.475 0.0000000000
31630  24.398  -39.201  36.683 0.0000000000
42627  46.825  -25.987  26.541 0.0000000000
42628  46.391  -25.930  26.038 0.0000000000
90162  45.167  -26.581  24.549 0.0000000000
100930  14.969  -44.790  48.952 0.0000000000
27241  14.753  -45.446  47.622 0.0000000000
99323  52.442  -21.872  30.813 0.0000000000
44816  52.453  -22.358  31.312 0.0000000000
44026  51.623  -23.297  31.911 0.0000000000
44037  52.501  -23.148  31.044 0.0000000000
43314  52.278  -24.054  30.780 0.0000000000
43323  52.175  -24.649  30.193 0.0000000000
43315  52.109  -25.056  31.070 0.0000000000
41042  48.419  -27.541  32.840 0.0000000000
41041  49.671  -27.704  33.166 0.0000000000
39445  50.178  -30.070  33.170 0.0000000000
39453  50.520  -29.370  33.091 0.0000000000
39455  49.536  -29.752  31.811 0.0000000000
39464  47.846  -29.759  30.970 0.0000000000
39456  48.722  -30.211  31.639 0.0000000000
106802  47.474  -30.729  31.422 0.0000000000
38673  46.862  -30.954  31.405 0.0000000000
107276  46.374  -31.223  31.372 0.0000000000
32433  44.721  -38.784  33.486 0.0000000000
101896  45.631  -38.641  34.019 0.0000000000
34087  43.168  -36.731  31.158 0.0000000000
34086  44.086  -36.352  31.721 0.0000000000
97819  43.397  -36.065  31.175 0.0000000000
34871  43.926  -35.511  31.479 0.0000000000
34885  41.424  -36.081  28.784 0.0000000000
34884  41.928  -35.585  29.695 0.0000000000
35664  41.360  -35.714  28.385 0.0000000000
35665  41.064  -35.631  27.883 0.0000000000
34899  40.747  -36.006  27.441 0.0000000000
34888  40.285  -36.173  28.169 0.0000000000
34900  40.483  -36.008  27.157 0.0000000000
34881  34.560  -35.889  30.455 0.0000000000
35670  32.882  -34.246  28.448 0.0000000000
28606  32.250  -43.989  36.108 0.0000000000
29379  31.959  -43.816  35.796 0.0000000000
29391  31.664  -42.983  35.370 0.0000000000
30176  30.984  -41.510  34.387 0.0000000000
49434  52.403  -16.573  23.464 0.0000000000
50259  51.287  -15.799  22.086 0.0000000000
30086  25.493  -40.755  42.014 0.0000000000
30072  24.250  -41.341  42.898 0.0000000000
30062  23.585  -41.653  43.490 0.0000000000
29258  25.119  -41.734  46.023 0.0000000000
30035  24.844  -41.725  45.182 0.0000000000
30051  23.817  -41.764  44.291 0.0000000000
30063  22.808  -41.791  43.271 0.0000000000
29289  20.908  -42.017  44.618 0.0000000000
29290  20.101  -42.297  44.888 0.0000000000
30000  32.152  -40.737  47.135 0.0000000000
31516  32.286  -40.079  47.612 0.0000000000
30014  32.763  -41.275  46.546 0.0000000000
30013  33.581  -41.203  46.301 0.0000000000
29257  32.760  -41.570  46.017 0.0000000000
30016  30.901  -41.334  46.555 0.0000000000
30018  29.091  -41.326  47.028 0.0000000000
90203  28.021  -41.076  44.910 0.0000000000
90204  28.951  -41.164  45.462 0.0000000000
30058  28.673  -40.961  43.481 0.0000000000
30070  26.472  -40.891  42.932 0.0000000000
30085  26.431  -40.640  41.938 0.0000000000
41868  44.168  -26.779  25.109 0.0000000000
42585  46.334  -25.513  32.485 0.0000000000
42586  45.730  -25.599  32.789 0.0000000000
41814  45.078  -26.810  32.809 0.0000000000
41044  45.642  -27.020  32.452 0.0000000000
40272  46.906  -28.387  32.714 0.0000000000
99607  45.750  -27.860  32.469 0.0000000000
31580  41.164  -38.833  40.425 0.0000000000
34032  40.928  -36.001  35.687 0.0000000000
104919  41.416  -35.508  36.524 0.0000000000
34050  40.987  -36.404  34.792 0.0000000000
31637  40.017  -39.657  35.717 0.0000000000
32412  39.915  -38.678  35.550 0.0000000000
30909  43.421  -40.888  35.041 0.0000000000
31650  42.929  -39.988  35.396 0.0000000000
31649  43.626  -40.265  35.192 0.0000000000
32419  43.585  -39.394  35.204 0.0000000000
31648  43.886  -40.274  34.894 0.0000000000
31647  44.417  -39.547  34.590 0.0000000000
31658  43.848  -40.152  34.293 0.0000000000
32436  41.816  -38.806  32.320 0.0000000000
32446  42.195  -38.221  31.723 0.0000000000
32447  41.415  -38.045  31.722 0.0000000000
33272  40.637  -37.052  31.013 0.0000000000
33262  40.443  -37.588  31.959 0.0000000000
33263  39.248  -37.545  32.411 0.0000000000
30943  38.707  -40.441  34.241 0.0000000000
31663  39.025  -39.620  33.760 0.0000000000
32441  36.615  -38.426  33.031 0.0000000000
33277  35.496  -37.601  31.863 0.0000000000
33279  33.394  -38.192  31.172 0.0000000000
28610  28.026  -43.991  34.935 0.0000000000
28616  27.478  -43.837  34.514 0.0000000000
28631  26.370  -43.548  33.100 0.0000000000
28633  24.879  -43.611  32.160 0.0000000000
29409  24.747  -43.296  31.614 0.0000000000
30190  24.853  -42.477  31.278 0.0000000000
102985  50.361  -17.536  25.441 0.0000000000
48671  48.022  -17.045  22.882 0.0000000000
47933  46.644  -18.449  24.679 0.0000000000
47932  47.533  -18.138  24.903 0.0000000000
47939  46.220  -18.121  23.050 0.0000000000
30905  22.354  -40.307  36.501 0.0000000000
30148  22.194  -40.979  36.033 0.0000000000
30848  23.645  -40.569  40.472 0.0000000000
30850  21.971  -40.690  39.935 0.0000000000
30862  21.163  -40.752  38.722 0.0000000000
30091  19.871  -41.749  41.066 0.0000000000
91971  20.649  -41.349  40.582 0.0000000000
29351  19.622  -42.720  38.399 0.0000000000
30814  37.650  -40.888  44.599 0.0000000000
30043  38.067  -41.741  44.353 0.0000000000
30066  38.267  -41.657  42.900 0.0000000000
103473  38.580  -41.118  42.151 0.0000000000
30093  39.137  -40.680  41.468 0.0000000000
29326  38.434  -41.489  41.511 0.0000000000
29334  37.827  -43.099  40.065 0.0000000000
96888  37.642  -43.479  39.176 0.0000000000
29347  37.779  -42.871  38.486 0.0000000000
28569  37.968  -44.102  38.275 0.0000000000
28578  37.935  -44.501  37.762 0.0000000000
27881  37.644  -44.923  38.277 0.0000000000
27892  37.371  -45.096  37.970 0.0000000000
27301  36.372  -45.251  38.319 0.0000000000
27893  35.859  -44.970  37.963 0.0000000000
90662  35.826  -45.015  40.095 0.0000000000
27858  35.278  -44.618  40.154 0.0000000000
28570  34.466  -44.135  38.819 0.0000000000
27875  35.100  -44.732  39.293 0.0000000000
27895  34.105  -44.315  37.925 0.0000000000
27896  33.212  -43.866  37.612 0.0000000000
29356  32.163  -43.357  37.495 0.0000000000
28579  32.245  -43.878  37.200 0.0000000000
105688  31.561  -43.917  37.065 0.0000000000
28580  30.916  -44.142  36.745 0.0000000000
29284  32.759  -42.070  44.726 0.0000000000
29295  33.340  -42.562  44.057 0.0000000000
29296  32.616  -42.360  44.013 0.0000000000
29310  32.217  -41.708  42.396 0.0000000000
29321  32.848  -41.825  41.697 0.0000000000
102783  32.261  -41.467  40.873 0.0000000000
89658  30.469  -41.151  41.822 0.0000000000
30097  30.418  -40.902  40.712 0.0000000000
30853  30.844  -40.311  39.202 0.0000000000
30867  31.646  -40.696  39.269 0.0000000000
30123  32.119  -41.196  38.445 0.0000000000
30902  30.331  -41.419  36.775 0.0000000000
30146  30.139  -42.772  36.504 0.0000000000
30147  29.453  -42.909  36.140 0.0000000000
103701  26.775  -42.432  34.423 0.0000000000
30931  26.980  -41.217  34.573 0.0000000000
31628  26.992  -39.254  36.672 0.0000000000
30934  24.713  -39.919  34.189 0.0000000000
30933  25.450  -40.485  33.990 0.0000000000
30179  24.627  -41.929  33.438 0.0000000000
44864  46.172  -22.461  28.408 0.0000000000
45619  45.258  -21.575  27.631 0.0000000000
44107  44.636  -23.486  26.373 0.0000000000
102075  44.531  -22.696  26.686 0.0000000000
43379  45.310  -25.148  25.304 0.0000000000
43390  45.244  -24.541  23.629 0.0000000000
44115  45.566  -23.953  23.158 0.0000000000
41884  43.929  -26.333  23.179 0.0000000000
29970  23.139  -40.774  48.123 0.0000000000
104069  23.265  -41.034  48.087 0.0000000000
29262  21.603  -41.965  46.473 0.0000000000
88965  21.132  -42.145  47.038 0.0000000000
28498  19.558  -42.865  46.858 0.0000000000
28507  20.011  -42.627  46.282 0.0000000000
28481  17.478  -43.191  49.094 0.0000000000
28480  18.280  -42.900  48.676 0.0000000000
102240  18.233  -43.085  47.793 0.0000000000
28510  17.172  -43.105  45.691 0.0000000000
92451  17.863  -43.042  46.342 0.0000000000
28518  17.774  -42.846  44.895 0.0000000000
27824  16.312  -44.767  43.740 0.0000000000
50225  52.677  -15.801  26.855 0.0000000000
50203  51.137  -15.657  28.281 0.0000000000
49381  51.023  -16.346  27.262 0.0000000000
48623  50.114  -16.682  27.197 0.0000000000
50192  52.369  -15.020  29.767 0.0000000000
49360  51.989  -15.781  30.468 0.0000000000
49362  50.054  -16.562  29.141 0.0000000000
48617  48.687  -17.684  27.939 0.0000000000
47881  48.602  -18.561  29.364 0.0000000000
47890  48.319  -18.422  28.462 0.0000000000
47123  47.947  -19.107  29.095 0.0000000000
47124  47.329  -19.570  28.433 0.0000000000
47870  50.339  -18.588  30.583 0.0000000000
47105  50.508  -19.423  30.700 0.0000000000
47106  48.889  -19.814  30.319 0.0000000000
46340  47.491  -20.555  29.574 0.0000000000
45605  47.690  -21.646  29.741 0.0000000000
44862  47.613  -23.185  28.938 0.0000000000
44084  48.045  -23.923  28.454 0.0000000000
44854  51.046  -23.061  29.612 0.0000000000
44082  49.620  -24.088  28.509 0.0000000000
43357  48.311  -24.580  28.061 0.0000000000
43364  48.390  -25.253  27.692 0.0000000000
41854  48.084  -25.960  27.484 0.0000000000
41856  47.286  -26.273  27.167 0.0000000000
41109  46.703  -26.410  26.839 0.0000000000
89051  48.968  -22.598  32.710 0.0000000000
94648  50.407  -23.145  32.568 0.0000000000
42591  51.877  -26.212  31.328 0.0000000000
42599  52.176  -25.921  30.803 0.0000000000
41827  51.966  -26.386  31.053 0.0000000000
41039  50.775  -28.034  32.694 0.0000000000
41811  50.954  -27.189  32.466 0.0000000000
41059  51.068  -27.378  31.460 0.0000000000
41829  50.638  -26.853  30.459 0.0000000000
41839  49.068  -26.438  29.073 0.0000000000
41099  46.041  -26.817  27.186 0.0000000000
41112  44.833  -27.102  26.497 0.0000000000
41102  43.148  -27.100  27.198 0.0000000000
41090  42.929  -27.501  28.142 0.0000000000
40290  45.859  -28.893  30.132 0.0000000000
39483  45.143  -28.963  29.981 0.0000000000
40303  43.877  -28.586  29.393 0.0000000000
40319  42.462  -28.104  28.852 0.0000000000
41091  41.839  -27.672  28.235 0.0000000000
39439  44.017  -29.336  33.414 0.0000000000
39438  44.829  -29.782  33.234 0.0000000000
39437  46.092  -29.924  33.321 0.0000000000
91729  42.290  -33.429  33.949 0.0000000000
36428  42.178  -33.242  34.929 0.0000000000
37203  42.554  -32.688  34.316 0.0000000000
37913  42.820  -31.935  34.716 0.0000000000
37220  42.954  -32.917  33.788 0.0000000000
94103  45.647  -36.977  35.269 0.0000000000
34070  46.469  -36.691  35.038 0.0000000000
35615  46.790  -34.744  34.907 0.0000000000
92749  45.693  -35.033  34.613 0.0000000000
36460  45.646  -33.953  34.390 0.0000000000
98372  44.575  -33.254  33.770 0.0000000000
36459  45.616  -32.947  34.070 0.0000000000
100116  45.136  -32.067  33.653 0.0000000000
36445  48.377  -33.831  34.472 0.0000000000
37201  48.022  -33.221  34.695 0.0000000000
37200  48.728  -32.866  34.361 0.0000000000
37930  48.766  -32.084  34.277 0.0000000000
37216  48.903  -32.644  34.203 0.0000000000
36457  48.886  -33.054  33.830 0.0000000000
104235  48.586  -33.309  33.063 0.0000000000
96956  45.314  -33.320  31.513 0.0000000000
37238  45.625  -32.638  31.477 0.0000000000
37960  44.946  -31.936  31.231 0.0000000000
37246  44.002  -32.213  31.022 0.0000000000
35651  43.164  -34.525  30.668 0.0000000000
36482  43.791  -33.796  30.948 0.0000000000
36485  43.042  -33.714  30.476 0.0000000000
37251  41.319  -32.594  29.590 0.0000000000
37248  42.141  -32.303  30.203 0.0000000000
37971  41.702  -31.545  30.040 0.0000000000
37970  42.543  -31.486  30.460 0.0000000000
38697  40.966  -30.487  29.549 0.0000000000
37998  38.955  -31.336  26.863 0.0000000000
34100  39.464  -36.117  30.149 0.0000000000
96995  37.276  -35.171  29.599 0.0000000000
34889  38.450  -35.385  29.223 0.0000000000
35666  36.681  -34.236  28.459 0.0000000000
34892  34.748  -35.233  29.891 0.0000000000
34891  35.674  -35.098  29.696 0.0000000000
36504  35.810  -33.443  27.500 0.0000000000
27890  37.882  -43.841  37.005 0.0000000000
97539  38.037  -43.641  36.312 0.0000000000
95026  36.160  -42.024  35.185 0.0000000000
30166  35.487  -41.310  34.631 0.0000000000
30153  34.325  -41.863  35.227 0.0000000000
30168  33.572  -41.579  34.967 0.0000000000
30948  33.842  -40.289  33.594 0.0000000000
30175  34.309  -40.841  34.265 0.0000000000
30947  34.564  -40.428  33.653 0.0000000000
106030  34.193  -40.144  33.379 0.0000000000
31685  32.328  -39.118  31.637 0.0000000000
102536  32.907  -39.129  31.607 0.0000000000
32459  31.687  -38.369  30.885 0.0000000000
28621  28.761  -43.309  33.699 0.0000000000
30183  28.940  -41.555  33.301 0.0000000000
30961  29.375  -40.380  33.015 0.0000000000
31695  26.522  -39.463  30.732 0.0000000000
31691  27.031  -39.881  31.508 0.0000000000
31688  29.544  -39.138  31.664 0.0000000000
32454  29.939  -38.555  31.231 0.0000000000
32466  30.301  -37.927  30.245 0.0000000000
33287  30.979  -37.883  30.260 0.0000000000
49426  50.563  -16.517  23.508 0.0000000000
49427  49.702  -16.589  23.247 0.0000000000
49451  49.174  -16.500  20.973 0.0000000000
45629  44.271  -21.415  26.235 0.0000000000
46367  44.455  -20.748  26.123 0.0000000000
45637  44.157  -21.196  25.582 0.0000000000
29988  24.864  -41.025  47.924 0.0000000000
30121  37.612  -41.688  38.420 0.0000000000
30865  37.884  -40.757  38.479 0.0000000000
101547  38.142  -40.872  37.203 0.0000000000
30901  38.883  -41.237  36.776 0.0000000000
30145  39.929  -42.448  36.751 0.0000000000
98328  40.051  -42.646  36.521 0.0000000000
29364  40.228  -42.614  36.204 0.0000000000
29386  39.705  -42.698  35.434 0.0000000000
29372  39.812  -42.979  35.852 0.0000000000
29387  39.054  -43.031  35.505 0.0000000000
105327  38.410  -43.034  35.502 0.0000000000
47145  45.600  -19.868  26.122 0.0000000000
46374  44.794  -20.110  25.769 0.0000000000
30874  24.382  -40.075  39.028 0.0000000000
104426  19.895  -42.205  43.391 0.0000000000
29314  19.293  -42.347  42.761 0.0000000000
29315  18.495  -42.773  42.320 0.0000000000
28538  17.865  -43.298  41.774 0.0000000000
30029  35.759  -41.354  45.377 0.0000000000
28504  35.736  -42.567  44.341 0.0000000000
28524  35.575  -43.348  43.529 0.0000000000
27823  35.492  -43.494  43.227 0.0000000000
28526  34.089  -42.785  43.538 0.0000000000
30084  27.379  -40.676  41.787 0.0000000000
30835  27.682  -40.614  41.238 0.0000000000
30844  27.183  -40.329  40.178 0.0000000000
41857  46.424  -26.418  26.456 0.0000000000
90620  14.408  -45.066  49.592 0.0000000000
45568  51.775  -21.556  32.292 0.0000000000
44805  51.967  -22.395  32.063 0.0000000000
40271  48.243  -28.357  33.179 0.0000000000
40260  49.257  -29.015  33.653 0.0000000000
38671  49.250  -30.997  32.428 0.0000000000
101162  48.723  -31.706  32.351 0.0000000000
32445  42.972  -38.190  32.066 0.0000000000
33269  43.142  -37.493  31.548 0.0000000000
34097  42.443  -36.564  30.407 0.0000000000
34875  42.418  -35.906  30.250 0.0000000000
34886  41.079  -36.392  28.376 0.0000000000
28607  30.917  -44.154  35.629 0.0000000000
101050  53.676  -17.432  24.669 0.0000000000
103446  51.445  -16.447  23.542 0.0000000000
90314  25.761  -41.026  43.256 0.0000000000
91088  25.695  -41.130  43.938 0.0000000000
91815  24.006  -42.029  46.438 0.0000000000
29274  23.715  -42.137  45.736 0.0000000000
29288  22.442  -41.930  44.873 0.0000000000
91658  21.741  -41.880  44.447 0.0000000000
29276  21.207  -41.870  45.638 0.0000000000
30788  31.278  -40.347  47.684 0.0000000000
30015  32.028  -41.446  46.379 0.0000000000
97966  30.179  -41.579  46.225 0.0000000000
94716  28.621  -41.279  46.436 0.0000000000
89368  27.915  -41.073  43.941 0.0000000000
31585  41.018  -38.725  39.842 0.0000000000
101603  41.923  -37.885  39.808 0.0000000000
34021  42.529  -36.237  38.420 0.0000000000
104502  41.949  -35.774  37.486 0.0000000000
34033  40.597  -36.758  36.276 0.0000000000
34051  40.497  -36.949  35.245 0.0000000000
30911  42.230  -41.354  35.352 0.0000000000
32410  42.177  -40.476  35.485 0.0000000000
30921  43.076  -41.178  34.818 0.0000000000
30939  43.067  -40.920  34.401 0.0000000000
31659  43.352  -40.497  33.982 0.0000000000
31660  42.706  -40.625  33.803 0.0000000000
31672  41.400  -39.538  32.838 0.0000000000
32439  38.824  -38.261  33.176 0.0000000000
30944  37.179  -40.157  34.226 0.0000000000
96368  35.707  -38.773  32.787 0.0000000000
32442  35.255  -38.438  32.272 0.0000000000
103222  35.074  -39.057  32.557 0.0000000000
32443  34.607  -38.922  32.132 0.0000000000
31683  34.073  -39.286  32.108 0.0000000000
29394  27.088  -43.382  34.510 0.0000000000
28617  26.819  -43.711  34.123 0.0000000000
28624  26.459  -43.571  33.629 0.0000000000
48647  49.825  -17.745  25.870 0.0000000000
48660  49.584  -17.636  25.278 0.0000000000
48662  47.991  -17.687  24.557 0.0000000000
47164  45.221  -18.930  23.785 0.0000000000
47940  45.858  -18.312  23.831 0.0000000000
30099  23.128  -40.906  41.237 0.0000000000
30101  21.488  -41.006  40.422 0.0000000000
29330  19.072  -42.460  39.986 0.0000000000
30112  19.571  -41.932  39.747 0.0000000000
28556  19.282  -43.290  38.852 0.0000000000
102974  37.655  -42.933  43.664 0.0000000000
30054  38.162  -42.233  43.682 0.0000000000
90896  38.058  -42.411  41.152 0.0000000000
29327  37.726  -43.221  40.694 0.0000000000
27872  37.217  -44.794  39.299 0.0000000000
104864  36.484  -45.267  39.245 0.0000000000
107159  35.977  -45.338  39.512 0.0000000000
28542  34.932  -43.866  40.562 0.0000000000
28571  33.702  -43.766  38.151 0.0000000000
29297  31.877  -41.905  43.727 0.0000000000
104843  31.595  -41.724  42.943 0.0000000000
30081  31.395  -41.410  42.070 0.0000000000
90071  29.300  -40.196  39.679 0.0000000000
99250  30.194  -40.375  39.871 0.0000000000
30854  29.996  -40.121  39.045 0.0000000000
30868  30.672  -40.291  38.224 0.0000000000
30888  31.377  -41.062  37.808 0.0000000000
30914  29.401  -41.640  35.872 0.0000000000
30904  29.045  -40.454  35.937 0.0000000000
107523  28.419  -40.373  35.560 0.0000000000
31639  27.827  -39.829  35.573 0.0000000000
31641  25.572  -39.125  36.228 0.0000000000
94251  25.136  -39.144  35.493 0.0000000000
31654  24.673  -39.420  34.905 0.0000000000
104916  24.142  -40.303  34.002 0.0000000000
101572  23.899  -41.017  33.690 0.0000000000
30172  23.146  -41.258  33.868 0.0000000000
44086  46.374  -23.235  28.142 0.0000000000
43377  44.840  -24.377  25.929 0.0000000000
42637  45.312  -25.691  23.578 0.0000000000
29235  20.948  -41.508  48.384 0.0000000000
94026  16.442  -43.621  49.035 0.0000000000
90053  16.623  -43.597  48.258 0.0000000000
89861  17.549  -43.287  47.372 0.0000000000
28511  16.286  -43.685  45.278 0.0000000000
28520  16.208  -43.904  44.423 0.0000000000
27817  15.739  -44.354  44.971 0.0000000000
49352  51.270  -16.493  30.363 0.0000000000
48608  49.683  -17.375  29.603 0.0000000000
107247  51.283  -19.831  31.000 0.0000000000
45604  48.523  -22.018  30.092 0.0000000000
44856  48.943  -22.822  29.480 0.0000000000
107409  48.983  -25.111  28.034 0.0000000000
43302  50.038  -24.462  32.558 0.0000000000
96392  50.970  -26.235  32.303 0.0000000000
41050  50.458  -28.346  31.695 0.0000000000
40286  49.531  -28.250  31.057 0.0000000000
41061  48.930  -27.681  30.436 0.0000000000
41071  48.446  -27.121  29.541 0.0000000000
96591  45.610  -27.242  28.077 0.0000000000
41074  45.958  -27.530  28.920 0.0000000000
40316  45.142  -27.756  28.878 0.0000000000
39467  44.822  -29.646  30.329 0.0000000000
39484  44.351  -29.065  29.925 0.0000000000
39485  43.485  -29.191  29.895 0.0000000000
40305  41.913  -28.787  29.399 0.0000000000
39497  40.983  -29.040  29.222 0.0000000000
94839  43.620  -29.145  33.788 0.0000000000
38660  44.407  -30.633  33.495 0.0000000000
35591  41.683  -34.691  34.847 0.0000000000
35598  41.883  -33.951  35.157 0.0000000000
35616  41.837  -34.566  34.007 0.0000000000
35628  43.059  -34.384  33.657 0.0000000000
91912  46.256  -36.634  33.683 0.0000000000
105621  46.992  -36.208  35.133 0.0000000000
102742  47.446  -35.868  35.037 0.0000000000
35614  47.580  -35.351  34.990 0.0000000000
95665  47.942  -34.918  34.632 0.0000000000
36458  48.487  -34.340  34.297 0.0000000000
94845  48.283  -33.959  33.193 0.0000000000
36471  47.473  -34.297  32.790 0.0000000000
36488  41.777  -34.219  29.528 0.0000000000
36486  42.374  -33.898  30.065 0.0000000000
97275  41.372  -33.652  29.386 0.0000000000
37985  40.326  -31.660  28.748 0.0000000000
38007  39.405  -32.191  27.288 0.0000000000
36519  39.529  -34.350  25.044 0.0000000000
34937  39.821  -35.561  25.901 0.0000000000
97709  39.525  -35.208  25.176 0.0000000000
34101  38.381  -35.860  30.647 0.0000000000
34890  36.450  -34.978  29.516 0.0000000000
35668  34.771  -34.214  28.747 0.0000000000
35688  34.411  -33.672  28.122 0.0000000000
28589  36.549  -43.921  36.967 0.0000000000
28602  36.594  -43.332  36.298 0.0000000000
30958  33.117  -39.789  32.995 0.0000000000
105262  27.192  -38.808  30.178 0.0000000000
32462  28.898  -38.558  30.624 0.0000000000
106960  49.154  -16.533  22.442 0.0000000000
44891  44.004  -22.466  24.488 0.0000000000
45638  44.034  -21.773  25.021 0.0000000000
44893  44.091  -22.345  23.700 0.0000000000
30020  25.933  -41.498  46.249 0.0000000000
29259  24.647  -41.834  46.511 0.0000000000
30003  28.731  -41.053  47.355 0.0000000000
30004  27.964  -41.230  47.206 0.0000000000
30832  39.818  -39.878  41.240 0.0000000000
106338  39.915  -39.780  40.845 0.0000000000
31586  40.609  -39.271  40.095 0.0000000000
31587  39.651  -39.656  39.454 0.0000000000
31590  40.245  -39.143  39.222 0.0000000000
90138  39.657  -38.583  38.215 0.0000000000
32387  39.848  -37.968  37.664 0.0000000000
33227  39.552  -37.950  36.492 0.0000000000
32401  39.282  -38.744  36.090 0.0000000000
30913  40.298  -40.862  36.262 0.0000000000
30151  41.661  -41.654  35.501 0.0000000000
95581  37.863  -40.424  34.345 0.0000000000
30945  36.285  -40.381  34.094 0.0000000000
30946  35.393  -40.543  33.862 0.0000000000
28639  23.321  -43.702  31.581 0.0000000000
100117  22.549  -44.140  31.504 0.0000000000
47907  48.322  -18.336  26.629 0.0000000000
47921  46.733  -18.943  25.416 0.0000000000
47152  46.231  -19.381  25.733 0.0000000000
47922  46.003  -19.066  25.035 0.0000000000
31644  22.905  -39.807  35.968 0.0000000000
31632  22.831  -39.836  36.671 0.0000000000
30892  22.462  -40.094  37.250 0.0000000000
30893  21.728  -40.534  37.317 0.0000000000
30140  21.228  -41.126  37.046 0.0000000000
30878  20.902  -40.909  37.921 0.0000000000
29323  19.166  -42.233  41.222 0.0000000000
27845  17.639  -44.481  41.205 0.0000000000
30028  36.613  -42.267  45.132 0.0000000000
29282  36.977  -42.861  44.373 0.0000000000
28522  37.143  -43.309  43.816 0.0000000000
96353  36.875  -43.430  43.424 0.0000000000
27828  36.635  -43.682  42.315 0.0000000000
27842  36.262  -44.077  41.656 0.0000000000
27843  35.750  -43.927  41.935 0.0000000000
103478  35.469  -43.655  42.213 0.0000000000
107229  35.025  -43.654  41.207 0.0000000000
29329  33.999  -42.204  40.517 0.0000000000
30067  29.520  -41.044  42.216 0.0000000000
30843  28.564  -40.403  40.328 0.0000000000
31594  28.030  -39.546  37.869 0.0000000000
31608  28.320  -39.419  36.987 0.0000000000
31610  26.502  -39.294  37.291 0.0000000000
31596  26.200  -39.622  38.141 0.0000000000
31629  25.827  -39.152  36.885 0.0000000000
93573  25.167  -39.095  36.843 0.0000000000
106932  45.251  -25.852  22.982 0.0000000000
28473  15.986  -43.754  49.719 0.0000000000
28482  15.613  -44.159  48.779 0.0000000000
27811  15.222  -44.760  47.205 0.0000000000
27243  14.978  -45.450  46.837 0.0000000000
92497  14.395  -46.127  47.906 0.0000000000
45594  52.191  -21.311  30.951 0.0000000000
44834  52.256  -22.595  30.372 0.0000000000
44853  51.819  -23.289  29.787 0.0000000000
44062  51.902  -24.329  29.403 0.0000000000
43335  52.024  -25.235  29.769 0.0000000000
42608  51.765  -25.599  29.665 0.0000000000
93274  48.291  -25.938  32.478 0.0000000000
41040  50.503  -27.946  33.004 0.0000000000
40269  50.693  -28.693  32.966 0.0000000000
40259  50.124  -29.231  33.375 0.0000000000
40258  50.459  -29.215  33.141 0.0000000000
40279  50.580  -28.816  32.584 0.0000000000
40280  49.694  -29.018  31.552 0.0000000000
40288  47.678  -28.909  30.511 0.0000000000
39465  47.123  -29.613  30.649 0.0000000000
39466  46.204  -29.715  30.601 0.0000000000
38672  47.757  -30.294  31.238 0.0000000000
38679  46.960  -30.256  31.018 0.0000000000
95820  45.377  -30.167  30.659 0.0000000000
38681  44.480  -30.485  30.705 0.0000000000
37912  43.059  -31.151  34.673 0.0000000000
33250  44.879  -38.644  35.170 0.0000000000
100593  44.378  -37.146  34.954 0.0000000000
33249  45.423  -38.346  35.085 0.0000000000
33257  46.010  -38.048  34.432 0.0000000000
34081  45.914  -37.344  33.719 0.0000000000
35648  44.544  -34.858  31.746 0.0000000000
97134  42.590  -35.117  30.223 0.0000000000
35655  42.193  -34.746  29.782 0.0000000000
36489  41.285  -34.689  28.782 0.0000000000
34920  40.279  -35.736  26.290 0.0000000000
35685  38.098  -34.588  27.084 0.0000000000
35661  34.099  -34.783  29.378 0.0000000000
35669  33.794  -34.184  28.635 0.0000000000
28591  33.672  -43.870  36.815 0.0000000000
28605  33.181  -43.540  36.179 0.0000000000
29390  32.622  -42.650  35.461 0.0000000000
101601  31.772  -41.295  34.560 0.0000000000
30950  31.755  -40.516  34.042 0.0000000000
30968  25.646  -40.964  31.295 0.0000000000
97298  26.759  -40.764  31.925 0.0000000000
30970  25.808  -40.102  30.886 0.0000000000
105996  26.320  -38.933  29.882 0.0000000000
50265  51.955  -15.742  21.744 0.0000000000
49450  50.413  -15.990  20.446 0.0000000000
30838  25.040  -40.661  41.317 0.0000000000
30071  25.173  -41.059  42.732 0.0000000000
30074  22.565  -41.623  42.507 0.0000000000
29286  24.123  -41.919  45.073 0.0000000000
29301  20.658  -42.110  43.556 0.0000000000
29270  33.881  -41.851  45.285 0.0000000000
29271  33.113  -41.781  45.412 0.0000000000
29285  31.976  -41.676  45.041 0.0000000000
30055  31.338  -41.531  44.329 0.0000000000
30056  30.268  -41.053  43.870 0.0000000000
30017  29.984  -41.244  46.897 0.0000000000
30032  29.938  -41.447  45.621 0.0000000000
30057  29.445  -41.065  43.112 0.0000000000
92708  27.988  -40.828  42.236 0.0000000000
101635  44.875  -26.844  25.207 0.0000000000
44029  48.640  -23.471  32.551 0.0000000000
43304  48.168  -24.328  32.374 0.0000000000
43305  46.457  -24.527  32.518 0.0000000000
96493  47.184  -25.905  32.383 0.0000000000
99846  47.773  -26.625  32.523 0.0000000000
104704  47.284  -27.154  32.511 0.0000000000
100620  45.729  -26.249  32.617 0.0000000000
104816  47.467  -27.782  32.673 0.0000000000
40261  47.966  -29.202  33.561 0.0000000000
100308  48.193  -29.859  33.730 0.0000000000
34823  41.327  -35.558  34.958 0.0000000000
93015  41.679  -36.123  34.428 0.0000000000
34071  42.695  -36.993  34.446 0.0000000000
33242  40.293  -37.983  35.165 0.0000000000
32421  41.230  -38.314  34.926 0.0000000000
33252  41.857  -37.683  34.589 0.0000000000
33251  43.104  -38.286  34.829 0.0000000000
32417  45.124  -39.001  34.963 0.0000000000
32426  44.367  -39.550  33.853 0.0000000000
32434  43.692  -39.129  32.990 0.0000000000
31670  43.119  -39.890  33.297 0.0000000000
33271  41.764  -37.640  31.099 0.0000000000
33282  41.326  -37.233  30.531 0.0000000000
34092  37.889  -36.319  31.420 0.0000000000
34093  36.898  -36.449  31.545 0.0000000000
105397  38.922  -38.897  33.501 0.0000000000
32440  37.669  -38.226  33.183 0.0000000000
93520  35.956  -36.690  31.380 0.0000000000
98923  34.272  -36.849  30.767 0.0000000000
101731  34.908  -37.694  31.611 0.0000000000
33283  33.620  -37.495  30.853 0.0000000000
99691  28.495  -44.078  34.912 0.0000000000
28622  28.088  -43.734  33.800 0.0000000000
89249  27.417  -43.891  34.019 0.0000000000
29400  27.576  -43.413  33.287 0.0000000000
30185  26.626  -42.566  32.413 0.0000000000
30189  25.513  -42.059  31.597 0.0000000000
48659  50.794  -17.265  24.905 0.0000000000
48665  49.441  -17.097  23.995 0.0000000000
96159  49.290  -17.420  24.599 0.0000000000
48675  47.697  -17.210  21.957 0.0000000000
103559  46.468  -17.926  23.856 0.0000000000
48668  46.904  -17.735  23.247 0.0000000000
30849  22.800  -40.640  40.267 0.0000000000
30860  22.573  -40.396  39.432 0.0000000000
98738  20.185  -41.422  39.642 0.0000000000
30124  20.245  -41.524  38.093 0.0000000000
30822  38.495  -41.206  43.462 0.0000000000
31569  39.258  -40.216  42.224 0.0000000000
30094  38.639  -41.183  40.682 0.0000000000
29333  37.888  -42.049  40.379 0.0000000000
107044  38.184  -43.372  37.898 0.0000000000
27891  37.810  -44.505  37.639 0.0000000000
27902  37.187  -44.442  37.374 0.0000000000
27903  36.236  -44.555  37.426 0.0000000000
28590  35.576  -44.042  37.071 0.0000000000
89126  35.385  -45.125  39.055 0.0000000000
27883  35.552  -45.133  38.562 0.0000000000
27894  34.998  -44.801  38.041 0.0000000000
27904  34.486  -44.230  37.446 0.0000000000
28593  31.842  -44.161  36.503 0.0000000000
101307  31.249  -44.299  36.470 0.0000000000
29308  33.790  -42.652  42.961 0.0000000000
92273  33.511  -42.331  42.211 0.0000000000
30107  33.475  -41.820  39.936 0.0000000000
106459  31.081  -41.027  40.487 0.0000000000
102594  32.711  -41.432  40.075 0.0000000000
92079  33.064  -41.609  39.419 0.0000000000
30122  32.908  -41.779  38.714 0.0000000000
30137  32.523  -42.200  38.042 0.0000000000
29358  30.435  -43.682  36.734 0.0000000000
28596  29.529  -44.253  36.109 0.0000000000
29380  28.994  -43.810  35.881 0.0000000000
29381  28.318  -43.629  35.361 0.0000000000
30155  28.125  -42.486  35.223 0.0000000000
30171  25.633  -42.483  33.695 0.0000000000
31627  27.680  -39.415  36.420 0.0000000000
31651  27.139  -39.993  34.946 0.0000000000
99117  26.155  -39.410  35.392 0.0000000000
29403  23.433  -42.972  33.180 0.0000000000
29404  22.623  -43.050  33.404 0.0000000000
28628  22.470  -43.778  32.943 0.0000000000
46350  45.750  -21.059  27.928 0.0000000000
44882  44.302  -22.023  26.547 0.0000000000
44886  44.243  -22.756  25.922 0.0000000000
44887  44.074  -22.406  25.258 0.0000000000
41883  44.818  -26.442  22.966 0.0000000000
30757  25.269  -40.553  48.185 0.0000000000
29969  24.617  -40.847  48.014 0.0000000000
100384  23.847  -40.808  48.068 0.0000000000
29245  23.631  -41.356  47.683 0.0000000000
91748  23.010  -41.768  47.349 0.0000000000
29990  22.522  -41.018  48.230 0.0000000000
29246  22.446  -41.784  47.401 0.0000000000
29237  18.999  -42.356  49.265 0.0000000000
28490  18.893  -42.911  47.378 0.0000000000
28499  18.663  -42.950  46.569 0.0000000000
28534  16.794  -43.934  43.197 0.0000000000
28528  16.377  -44.173  43.780 0.0000000000
26630  15.555  -45.715  45.245 0.0000000000
49402  53.001  -17.016  25.552 0.0000000000
48645  51.307  -17.353  26.013 0.0000000000
48632  49.836  -17.498  26.409 0.0000000000
49371  50.520  -15.932  28.713 0.0000000000
47131  47.236  -19.387  27.570 0.0000000000
47125  46.744  -20.043  28.067 0.0000000000
47869  51.054  -18.050  31.068 0.0000000000
106782  49.826  -19.823  30.476 0.0000000000
46348  46.989  -20.306  28.835 0.0000000000
46349  46.292  -20.907  28.506 0.0000000000
45614  46.440  -21.901  28.819 0.0000000000
44855  49.962  -22.915  29.541 0.0000000000
44065  49.362  -23.445  28.869 0.0000000000
44093  47.565  -24.398  27.938 0.0000000000
43366  47.067  -24.842  27.287 0.0000000000
43374  47.231  -25.511  27.022 0.0000000000
44027  50.881  -23.681  32.251 0.0000000000
43301  50.670  -24.534  32.202 0.0000000000
43300  51.382  -24.333  31.699 0.0000000000
42607  52.085  -25.809  30.369 0.0000000000
41819  51.519  -26.897  31.748 0.0000000000
41820  51.464  -27.022  31.691 0.0000000000
41837  51.102  -25.975  29.872 0.0000000000
106002  47.238  -26.435  27.422 0.0000000000
41098  46.735  -26.613  27.326 0.0000000000
41101  44.377  -27.346  27.342 0.0000000000
41113  43.990  -27.237  26.779 0.0000000000
40317  44.304  -28.047  28.787 0.0000000000
40273  45.026  -28.323  32.637 0.0000000000
95021  45.908  -28.610  32.638 0.0000000000
39436  47.366  -29.927  33.586 0.0000000000
38657  48.381  -30.550  33.896 0.0000000000
105715  43.009  -31.514  35.481 0.0000000000
37932  43.131  -31.525  33.976 0.0000000000
34841  44.367  -36.248  34.597 0.0000000000
35627  44.219  -34.679  33.931 0.0000000000
34840  46.317  -36.186  35.113 0.0000000000
36461  43.633  -33.639  33.663 0.0000000000
37219  43.721  -32.679  33.607 0.0000000000
37933  43.329  -32.076  33.764 0.0000000000
38661  43.631  -31.236  33.697 0.0000000000
37944  45.248  -31.380  33.551 0.0000000000
37202  46.896  -33.143  34.566 0.0000000000
105955  47.274  -32.494  34.497 0.0000000000
104901  46.157  -31.319  33.712 0.0000000000
37942  48.143  -31.488  34.276 0.0000000000
38649  49.012  -31.427  34.000 0.0000000000
37941  49.272  -32.005  34.144 0.0000000000
37226  48.964  -32.483  33.048 0.0000000000
37227  47.539  -33.363  32.460 0.0000000000
37958  46.895  -31.736  31.625 0.0000000000
37959  45.922  -31.675  31.360 0.0000000000
37968  44.331  -31.311  30.981 0.0000000000
105311  43.946  -30.915  30.827 0.0000000000
107452  44.397  -34.190  31.373 0.0000000000
36481  44.599  -33.547  31.307 0.0000000000
37240  44.129  -33.067  30.998 0.0000000000
99835  42.670  -33.009  30.356 0.0000000000
38683  42.828  -30.726  30.501 0.0000000000
38696  41.513  -30.709  29.938 0.0000000000
39488  40.623  -29.829  29.240 0.0000000000
38709  39.896  -30.923  28.457 0.0000000000
102613  39.949  -36.119  29.148 0.0000000000
105681  39.399  -35.761  28.874 0.0000000000
104412  38.525  -34.967  28.004 0.0000000000
35667  35.706  -34.206  28.668 0.0000000000
28587  38.550  -43.592  36.490 0.0000000000
28600  38.461  -43.418  35.820 0.0000000000
29373  37.824  -42.972  35.508 0.0000000000
29374  36.918  -42.756  35.605 0.0000000000
29388  37.108  -42.300  35.215 0.0000000000
91278  33.975  -42.657  35.892 0.0000000000
30167  34.817  -41.278  34.572 0.0000000000
91753  34.953  -40.603  33.777 0.0000000000
31667  34.932  -40.157  33.374 0.0000000000
31684  33.524  -39.257  31.836 0.0000000000
32450  33.136  -38.781  31.399 0.0000000000
32457  32.727  -38.373  31.070 0.0000000000
32458  32.143  -38.228  30.763 0.0000000000
33285  32.023  -37.628  30.331 0.0000000000
89431  29.068  -44.036  34.795 0.0000000000
30177  29.289  -42.401  33.644 0.0000000000
30178  28.666  -42.576  33.418 0.0000000000
29399  30.091  -42.000  34.028 0.0000000000
30966  27.383  -40.519  32.106 0.0000000000
30965  28.170  -40.137  32.257 0.0000000000
31681  29.007  -39.777  32.352 0.0000000000
31680  29.890  -39.516  32.383 0.0000000000
31679  30.724  -39.339  32.332 0.0000000000
93854  30.439  -38.188  30.747 0.0000000000
32460  31.103  -38.252  30.724 0.0000000000
33290  31.283  -37.551  30.030 0.0000000000
49417  51.163  -16.873  24.283 0.0000000000
49435  50.683  -16.112  22.711 0.0000000000
49436  49.767  -16.307  22.356 0.0000000000
47948  47.834  -18.006  20.072 0.0000000000
45640  44.087  -20.980  24.768 0.0000000000
100670  44.005  -20.895  24.266 0.0000000000
30910  42.956  -41.205  35.072 0.0000000000
31643  23.511  -39.569  35.589 0.0000000000
32416  45.661  -38.522  34.677 0.0000000000
32418  44.286  -39.449  35.058 0.0000000000
34069  47.048  -36.332  35.006 0.0000000000
34855  47.534  -35.827  34.686 0.0000000000
35626  48.010  -35.080  34.485 0.0000000000
36444  48.769  -33.476  34.269 0.0000000000
36448  42.265  -34.150  33.764 0.0000000000
37215  49.147  -32.187  33.716 0.0000000000
37218  44.479  -32.387  33.595 0.0000000000
37943  47.125  -31.713  34.283 0.0000000000
37945  44.353  -31.578  33.488 0.0000000000
38666  49.819  -30.875  33.265 0.0000000000
39434  49.703  -29.823  33.552 0.0000000000
41030  50.003  -28.527  33.344 0.0000000000
93902  45.265  -37.886  35.215 0.0000000000
95756  35.525  -42.911  43.919 0.0000000000
104361  24.878  -39.030  36.191 0.0000000000
105407  50.401  -29.017  32.016 0.0000000000
105434  41.810  -39.369  35.209 0.0000000000
105717  44.223  -29.936  33.546 0.0000000000
106274  49.092  -31.902  34.055 0.0000000000
107010  40.226  -38.244  38.394 0.0000000000
