#!ascii label  , from subject OASIS_0001 vox2ras=TkReg
877
36202  10.382  -33.206  57.324 0.0000000000
30079  2.878  -41.516  41.888 0.0000000000
32215  2.240  -38.028  55.310 0.0000000000
33909  1.216  -36.508  47.309 0.0000000000
37086  5.176  -32.240  42.117 0.0000000000
35391  5.280  -35.335  57.961 0.0000000000
102291  3.703  -34.652  53.532 0.0000000000
34625  14.632  -35.187  58.199 0.0000000000
32998  9.659  -37.293  57.624 0.0000000000
30692  5.732  -38.977  57.084 0.0000000000
94466  1.032  -30.948  48.617 0.0000000000
95758  0.842  -33.365  44.103 0.0000000000
40180  3.534  -29.069  47.060 0.0000000000
29209  1.328  -42.640  52.670 0.0000000000
30771  3.003  -39.950  49.774 0.0000000000
33039  0.464  -37.202  52.296 0.0000000000
35474  2.734  -34.261  48.953 0.0000000000
32305  5.263  -38.068  45.159 0.0000000000
33972  2.194  -36.565  41.536 0.0000000000
34810  3.648  -35.188  37.912 0.0000000000
38578  6.157  -30.184  39.842 0.0000000000
36204  7.645  -33.874  57.370 0.0000000000
36226  7.108  -33.807  55.184 0.0000000000
36181  12.330  -34.320  57.883 0.0000000000
100301  11.748  -36.434  57.762 0.0000000000
35379  9.871  -34.761  58.028 0.0000000000
34622  6.902  -35.797  58.566 0.0000000000
39346  1.267  -29.473  47.382 0.0000000000
97293  2.189  -40.113  53.510 0.0000000000
31471  1.263  -39.416  52.298 0.0000000000
93616  1.079  -37.805  53.835 0.0000000000
35448  5.992  -35.067  51.252 0.0000000000
89358  3.347  -35.006  51.643 0.0000000000
31444  3.833  -38.321  56.742 0.0000000000
29167  4.395  -41.678  56.319 0.0000000000
29927  2.586  -41.056  55.461 0.0000000000
102374  1.913  -43.118  54.625 0.0000000000
32255  2.333  -37.871  48.784 0.0000000000
31528  4.198  -39.613  47.930 0.0000000000
33081  2.735  -37.300  46.766 0.0000000000
37073  1.893  -31.589  42.909 0.0000000000
34745  2.518  -34.612  43.237 0.0000000000
35549  2.663  -34.111  40.809 0.0000000000
105458  2.092  -35.960  39.453 0.0000000000
35555  5.205  -34.715  39.901 0.0000000000
33839  3.318  -36.955  56.483 0.0000000000
34651  2.037  -36.350  55.331 0.0000000000
35411  3.868  -35.361  55.901 0.0000000000
99507  6.696  -34.369  53.187 0.0000000000
33844  15.351  -35.893  56.665 0.0000000000
33029  14.031  -36.830  54.569 0.0000000000
33022  13.279  -36.939  56.279 0.0000000000
104733  11.480  -38.214  56.561 0.0000000000
31436  6.948  -38.264  57.544 0.0000000000
99674  5.381  -37.185  58.116 0.0000000000
35502  0.712  -33.937  47.765 0.0000000000
98406  1.450  -35.274  46.091 0.0000000000
37039  0.503  -32.156  46.721 0.0000000000
38548  1.496  -30.144  44.974 0.0000000000
92436  4.141  -29.909  44.023 0.0000000000
36977  12.383  -32.449  56.441 0.0000000000
98761  18.084  -34.471  53.945 0.0000000000
34642  19.616  -34.192  55.613 0.0000000000
35386  15.923  -34.379  57.689 0.0000000000
36964  14.307  -33.256  57.812 0.0000000000
89161  1.051  -43.932  50.772 0.0000000000
29232  1.971  -42.348  49.725 0.0000000000
30751  1.788  -40.865  51.284 0.0000000000
32241  1.521  -38.424  50.108 0.0000000000
33892  0.411  -36.746  49.913 0.0000000000
35430  0.994  -35.041  53.396 0.0000000000
35451  0.891  -34.707  51.094 0.0000000000
94217  0.837  -34.238  48.969 0.0000000000
36267  2.191  -33.147  48.422 0.0000000000
30011  3.029  -41.786  47.598 0.0000000000
30040  4.998  -40.947  45.475 0.0000000000
30829  4.544  -40.446  42.666 0.0000000000
33928  2.757  -35.652  45.338 0.0000000000
33158  4.841  -37.191  42.870 0.0000000000
97209  3.467  -39.450  41.594 0.0000000000
33199  1.816  -37.503  39.456 0.0000000000
34031  0.870  -37.113  36.858 0.0000000000
40178  5.810  -28.772  46.685 0.0000000000
38550  6.085  -29.911  43.683 0.0000000000
101965  7.518  -28.838  42.569 0.0000000000
37836  6.895  -31.958  41.559 0.0000000000
37140  5.774  -32.874  38.818 0.0000000000
91347  8.662  -33.732  57.421 0.0000000000
36212  8.276  -33.488  56.493 0.0000000000
36211  9.759  -32.797  55.616 0.0000000000
36201  11.186  -33.126  57.510 0.0000000000
35377  11.046  -34.645  58.377 0.0000000000
36193  10.120  -33.762  58.023 0.0000000000
35388  8.774  -34.503  57.788 0.0000000000
29325  2.261  -42.471  40.998 0.0000000000
30851  2.294  -41.077  40.709 0.0000000000
31455  2.379  -39.093  54.858 0.0000000000
32219  1.549  -38.321  53.791 0.0000000000
32216  1.776  -37.511  55.140 0.0000000000
88839  15.445  -35.601  53.394 0.0000000000
31445  3.157  -38.101  56.156 0.0000000000
101609  3.284  -39.780  56.541 0.0000000000
30706  2.507  -39.639  55.679 0.0000000000
29933  2.489  -41.103  54.496 0.0000000000
33066  1.611  -37.179  47.849 0.0000000000
32292  2.472  -37.250  47.224 0.0000000000
33904  1.969  -36.959  47.187 0.0000000000
37821  3.430  -31.375  42.436 0.0000000000
37106  2.657  -32.630  41.834 0.0000000000
37105  3.516  -32.819  41.550 0.0000000000
36379  3.583  -34.334  40.422 0.0000000000
36361  5.314  -33.599  41.179 0.0000000000
35400  4.385  -35.887  57.165 0.0000000000
35401  3.693  -36.093  56.662 0.0000000000
35399  4.824  -35.279  57.226 0.0000000000
35416  6.622  -33.961  54.487 0.0000000000
89190  7.116  -34.619  51.944 0.0000000000
33830  14.619  -35.478  57.755 0.0000000000
33021  14.174  -36.459  56.152 0.0000000000
33006  13.499  -36.075  57.606 0.0000000000
33825  10.421  -36.796  57.648 0.0000000000
33017  11.580  -37.326  57.303 0.0000000000
32196  10.083  -37.893  57.428 0.0000000000
32189  8.137  -37.742  57.671 0.0000000000
34630  5.982  -35.592  58.521 0.0000000000
32993  6.300  -36.869  58.469 0.0000000000
33827  5.098  -36.249  58.288 0.0000000000
33011  4.192  -37.090  57.154 0.0000000000
98199  0.715  -32.300  47.634 0.0000000000
36277  0.557  -33.136  47.293 0.0000000000
98909  0.597  -31.283  47.350 0.0000000000
39345  1.756  -28.986  47.569 0.0000000000
38543  1.272  -29.903  46.608 0.0000000000
103853  2.293  -29.507  45.837 0.0000000000
95632  2.070  -29.765  43.990 0.0000000000
39358  3.235  -29.396  45.401 0.0000000000
35385  16.288  -34.598  56.887 0.0000000000
29217  1.219  -42.540  51.770 0.0000000000
29223  1.107  -42.461  50.835 0.0000000000
29959  1.403  -41.771  51.450 0.0000000000
32229  0.766  -38.105  52.629 0.0000000000
89618  1.447  -39.312  51.472 0.0000000000
32233  0.698  -38.020  51.600 0.0000000000
32242  1.269  -37.912  49.671 0.0000000000
33883  0.160  -36.488  50.730 0.0000000000
35420  2.355  -35.519  54.802 0.0000000000
34657  1.641  -35.985  54.643 0.0000000000
35429  2.056  -35.256  54.093 0.0000000000
35461  3.838  -34.815  49.928 0.0000000000
90110  1.468  -34.784  51.688 0.0000000000
35450  1.874  -34.612  50.658 0.0000000000
35463  0.995  -34.409  50.218 0.0000000000
91122  1.809  -34.260  49.665 0.0000000000
104388  1.684  -33.503  48.598 0.0000000000
35488  2.601  -33.733  48.659 0.0000000000
97220  13.263  -37.322  53.993 0.0000000000
33034  13.083  -37.000  53.155 0.0000000000
99467  6.423  -39.328  56.734 0.0000000000
29931  6.016  -41.163  55.363 0.0000000000
29924  5.253  -41.257  56.346 0.0000000000
100437  4.004  -42.380  55.901 0.0000000000
29185  4.565  -42.874  55.687 0.0000000000
29202  1.543  -42.646  53.403 0.0000000000
90175  1.494  -43.215  53.284 0.0000000000
29980  2.477  -41.703  49.971 0.0000000000
89404  2.642  -41.931  48.323 0.0000000000
29997  3.346  -41.244  48.337 0.0000000000
32289  4.649  -39.032  46.598 0.0000000000
30803  4.867  -39.942  46.530 0.0000000000
95277  5.667  -39.792  45.106 0.0000000000
30821  5.138  -40.905  44.287 0.0000000000
31558  5.605  -39.119  44.433 0.0000000000
35523  1.232  -34.564  45.362 0.0000000000
34732  2.162  -35.622  45.764 0.0000000000
35527  1.469  -34.541  44.685 0.0000000000
34753  2.909  -35.303  42.572 0.0000000000
33955  3.813  -35.872  42.940 0.0000000000
33956  2.972  -36.172  42.164 0.0000000000
94549  3.641  -37.807  42.014 0.0000000000
33175  2.108  -37.399  41.246 0.0000000000
32365  2.363  -38.455  40.832 0.0000000000
33190  1.774  -37.448  40.431 0.0000000000
102729  3.181  -35.467  38.738 0.0000000000
34019  1.799  -36.282  38.203 0.0000000000
34799  1.758  -35.995  37.280 0.0000000000
40176  7.121  -28.067  45.728 0.0000000000
39355  6.413  -28.987  44.829 0.0000000000
40188  7.231  -28.633  44.417 0.0000000000
101882  6.036  -28.252  40.945 0.0000000000
39374  7.272  -29.212  41.347 0.0000000000
92829  7.458  -30.240  42.143 0.0000000000
38577  6.797  -30.832  40.233 0.0000000000
37119  6.740  -32.570  40.327 0.0000000000
37862  5.731  -31.429  39.314 0.0000000000
35397  6.390  -34.212  57.683 0.0000000000
36206  6.090  -34.112  56.627 0.0000000000
36213  7.434  -33.698  56.627 0.0000000000
35375  13.630  -34.974  57.968 0.0000000000
33822  13.253  -35.987  57.892 0.0000000000
35368  11.829  -35.380  58.222 0.0000000000
34618  10.585  -35.706  58.271 0.0000000000
33816  9.158  -36.278  58.197 0.0000000000
32990  8.572  -36.920  58.110 0.0000000000
35372  8.526  -35.341  58.043 0.0000000000
35381  7.164  -35.161  58.100 0.0000000000
38532  0.772  -30.021  49.858 0.0000000000
37783  0.688  -30.536  47.978 0.0000000000
39333  1.073  -29.206  49.578 0.0000000000
39332  1.421  -28.528  48.861 0.0000000000
40157  2.574  -28.176  48.436 0.0000000000
94822  1.821  -41.951  53.362 0.0000000000
29946  1.829  -41.206  52.724 0.0000000000
30726  1.927  -40.129  52.976 0.0000000000
32224  1.325  -38.541  53.286 0.0000000000
94278  0.708  -37.504  53.133 0.0000000000
89361  4.487  -34.685  52.799 0.0000000000
35439  3.518  -34.811  52.605 0.0000000000
35449  5.056  -34.941  51.074 0.0000000000
35460  4.741  -35.050  50.040 0.0000000000
35486  4.135  -34.271  48.657 0.0000000000
36265  4.155  -33.755  48.363 0.0000000000
30693  4.901  -39.059  57.254 0.0000000000
29916  4.748  -40.718  56.595 0.0000000000
30700  4.393  -39.760  56.793 0.0000000000
29926  3.116  -41.072  56.198 0.0000000000
98358  2.854  -41.963  55.622 0.0000000000
28433  2.179  -43.413  55.086 0.0000000000
29178  2.461  -41.946  55.000 0.0000000000
105635  2.168  -41.754  53.704 0.0000000000
31512  2.434  -38.540  49.229 0.0000000000
31510  3.723  -39.550  48.555 0.0000000000
32273  3.285  -38.445  48.278 0.0000000000
33080  3.417  -37.846  46.886 0.0000000000
33098  3.281  -37.421  46.141 0.0000000000
36332  0.976  -33.291  43.537 0.0000000000
35531  1.635  -34.155  43.323 0.0000000000
36346  2.022  -33.187  42.303 0.0000000000
99223  2.307  -33.885  41.719 0.0000000000
93264  2.481  -34.747  41.186 0.0000000000
34770  2.168  -35.638  40.643 0.0000000000
35558  2.544  -35.020  40.394 0.0000000000
35566  3.789  -35.272  39.236 0.0000000000
35565  4.587  -34.961  39.184 0.0000000000
39383  4.551  -29.104  39.937 0.0000000000
37863  4.460  -31.035  38.959 0.0000000000
38589  3.496  -30.229  38.905 0.0000000000
32207  2.884  -37.422  56.021 0.0000000000
33024  1.787  -37.040  55.444 0.0000000000
97856  2.421  -36.678  55.834 0.0000000000
102471  2.668  -35.844  55.506 0.0000000000
35419  3.918  -34.740  54.462 0.0000000000
35409  5.501  -34.590  56.245 0.0000000000
35418  4.927  -34.647  54.503 0.0000000000
89363  4.646  -34.560  53.662 0.0000000000
35447  6.335  -35.026  52.088 0.0000000000
33855  15.088  -35.998  55.213 0.0000000000
89888  14.795  -36.164  54.588 0.0000000000
33026  14.758  -36.263  55.741 0.0000000000
33007  12.760  -36.309  57.589 0.0000000000
32201  11.966  -37.834  56.803 0.0000000000
89016  11.914  -38.502  55.300 0.0000000000
31443  7.486  -38.785  56.874 0.0000000000
30691  6.472  -38.596  57.303 0.0000000000
33001  7.269  -37.555  57.947 0.0000000000
32192  6.401  -37.882  57.840 0.0000000000
31438  5.433  -38.587  57.398 0.0000000000
102363  4.354  -37.825  57.290 0.0000000000
32200  4.084  -37.442  56.983 0.0000000000
35503  0.698  -34.817  47.518 0.0000000000
34728  1.473  -35.972  46.690 0.0000000000
36278  0.618  -34.063  47.025 0.0000000000
36290  0.568  -33.315  46.437 0.0000000000
98402  0.699  -32.976  44.798 0.0000000000
37787  0.791  -30.305  47.142 0.0000000000
37791  0.613  -31.487  45.828 0.0000000000
37799  1.003  -31.247  44.098 0.0000000000
37798  1.716  -30.763  43.490 0.0000000000
38558  2.586  -30.142  43.306 0.0000000000
37808  3.763  -30.369  42.938 0.0000000000
95033  11.661  -32.792  56.749 0.0000000000
90800  17.126  -34.897  54.135 0.0000000000
89485  20.391  -34.225  54.202 0.0000000000
35402  20.230  -34.093  55.444 0.0000000000
34655  19.975  -34.474  54.598 0.0000000000
33845  18.551  -34.622  54.984 0.0000000000
33846  17.485  -34.747  55.225 0.0000000000
33847  16.565  -35.119  55.621 0.0000000000
101245  15.331  -35.332  57.531 0.0000000000
34624  15.045  -35.008  58.339 0.0000000000
36188  15.293  -34.122  58.281 0.0000000000
36179  14.207  -34.365  58.021 0.0000000000
36965  13.396  -33.456  57.649 0.0000000000
36973  12.781  -32.973  57.319 0.0000000000
29981  1.772  -42.204  50.284 0.0000000000
30750  2.467  -40.632  50.461 0.0000000000
30740  1.621  -40.131  51.799 0.0000000000
31474  1.970  -39.918  51.005 0.0000000000
31490  2.445  -39.533  50.259 0.0000000000
90260  1.918  -38.147  49.413 0.0000000000
32256  1.702  -37.656  48.898 0.0000000000
33896  0.446  -36.516  49.181 0.0000000000
89449  0.937  -36.798  54.679 0.0000000000
33857  0.468  -36.515  53.944 0.0000000000
34672  0.072  -35.784  53.083 0.0000000000
35440  2.374  -34.969  52.370 0.0000000000
35442  0.646  -35.225  52.597 0.0000000000
34682  0.276  -35.727  52.074 0.0000000000
34692  0.064  -35.854  50.209 0.0000000000
94238  0.230  -35.359  49.528 0.0000000000
100060  0.432  -34.994  48.833 0.0000000000
35489  0.921  -33.857  48.476 0.0000000000
36268  0.979  -33.138  48.153 0.0000000000
37034  1.472  -32.498  48.334 0.0000000000
106714  3.371  -32.849  48.388 0.0000000000
37033  3.185  -32.374  48.635 0.0000000000
37777  1.380  -30.835  49.369 0.0000000000
29939  6.242  -41.442  54.508 0.0000000000
29175  5.046  -42.152  56.250 0.0000000000
30785  3.879  -40.502  48.139 0.0000000000
89033  4.146  -41.369  46.738 0.0000000000
30830  3.926  -40.666  42.314 0.0000000000
103034  2.178  -36.579  46.567 0.0000000000
33916  2.996  -36.531  45.755 0.0000000000
33120  3.980  -36.887  45.245 0.0000000000
34738  3.220  -35.025  44.309 0.0000000000
34737  4.165  -35.556  44.001 0.0000000000
33142  5.127  -37.312  43.610 0.0000000000
32349  5.361  -38.729  42.923 0.0000000000
31573  4.264  -39.813  42.224 0.0000000000
31575  3.226  -40.213  41.510 0.0000000000
31579  2.677  -40.274  40.889 0.0000000000
34006  1.833  -36.672  39.774 0.0000000000
97010  1.788  -37.661  38.697 0.0000000000
40156  3.914  -28.431  48.213 0.0000000000
91691  5.796  -28.432  48.120 0.0000000000
40179  4.704  -29.045  46.856 0.0000000000
39357  4.397  -29.318  45.383 0.0000000000
38551  5.133  -30.027  43.973 0.0000000000
37806  6.078  -31.099  42.976 0.0000000000
39369  7.377  -29.420  42.740 0.0000000000
37805  6.753  -31.052  42.653 0.0000000000
37085  6.224  -32.123  41.977 0.0000000000
36360  6.011  -33.457  41.063 0.0000000000
36392  5.894  -34.082  39.655 0.0000000000
97722  4.064  -34.723  37.810 0.0000000000
37154  3.877  -33.505  37.784 0.0000000000
36203  9.522  -33.536  57.468 0.0000000000
100955  9.674  -33.085  56.563 0.0000000000
36210  10.388  -32.782  56.266 0.0000000000
91690  10.766  -33.503  57.952 0.0000000000
89680  2.552  -42.250  41.728 0.0000000000
30092  2.337  -41.650  41.282 0.0000000000
94894  1.937  -38.231  54.546 0.0000000000
33862  15.832  -35.557  53.884 0.0000000000
33871  16.230  -35.231  53.234 0.0000000000
97281  2.597  -37.884  55.724 0.0000000000
31450  2.572  -38.633  55.756 0.0000000000
37087  4.032  -32.103  42.021 0.0000000000
100154  4.378  -33.470  41.202 0.0000000000
37104  4.780  -32.958  41.717 0.0000000000
34634  4.693  -35.781  57.876 0.0000000000
35392  4.754  -35.568  57.609 0.0000000000
34632  14.437  -35.427  58.242 0.0000000000
33831  14.027  -35.749  57.917 0.0000000000
33821  13.971  -35.804  58.055 0.0000000000
33010  10.489  -37.367  57.430 0.0000000000
32187  9.723  -37.658  57.491 0.0000000000
32197  9.284  -37.933  57.403 0.0000000000
32198  8.299  -37.953  57.535 0.0000000000
32188  8.971  -37.665  57.595 0.0000000000
35383  5.785  -35.292  58.222 0.0000000000
34633  5.313  -35.731  58.295 0.0000000000
34635  4.438  -36.192  57.536 0.0000000000
97408  0.871  -31.570  48.102 0.0000000000
39344  2.466  -28.965  47.279 0.0000000000
39352  1.857  -29.420  46.689 0.0000000000
39351  2.824  -29.294  46.401 0.0000000000
97579  1.440  -41.934  52.231 0.0000000000
33043  0.459  -37.261  51.166 0.0000000000
90287  2.977  -35.118  54.273 0.0000000000
35428  2.739  -35.004  53.369 0.0000000000
35462  2.862  -34.575  49.763 0.0000000000
35487  3.488  -34.068  48.576 0.0000000000
30697  6.172  -39.095  56.859 0.0000000000
29914  5.815  -39.948  56.427 0.0000000000
30698  5.630  -39.586  56.679 0.0000000000
28425  3.224  -42.847  55.655 0.0000000000
28424  3.961  -43.066  55.711 0.0000000000
90815  1.283  -43.219  52.323 0.0000000000
104444  2.910  -40.870  49.698 0.0000000000
29998  2.899  -41.417  49.115 0.0000000000
30786  3.302  -40.451  48.962 0.0000000000
32306  5.040  -38.480  45.940 0.0000000000
30802  5.261  -39.410  45.890 0.0000000000
31547  5.513  -38.842  45.261 0.0000000000
32319  5.501  -38.380  44.638 0.0000000000
97649  0.964  -33.910  44.635 0.0000000000
101929  2.268  -35.617  41.494 0.0000000000
33160  2.834  -37.176  41.870 0.0000000000
33989  1.835  -36.476  40.778 0.0000000000
34798  2.961  -35.547  38.054 0.0000000000
40937  7.313  -27.517  46.432 0.0000000000
40184  7.025  -28.512  45.144 0.0000000000
40183  7.478  -28.081  44.933 0.0000000000
39382  5.810  -29.402  40.189 0.0000000000
40202  6.467  -28.913  40.748 0.0000000000
39381  6.922  -29.886  40.593 0.0000000000
37861  6.611  -31.626  39.805 0.0000000000
38587  6.203  -30.933  39.671 0.0000000000
36196  6.885  -34.122  57.714 0.0000000000
36205  6.723  -33.945  57.171 0.0000000000
36216  9.129  -33.117  55.013 0.0000000000
35376  12.614  -35.003  58.038 0.0000000000
103531  11.691  -34.748  58.223 0.0000000000
35378  10.490  -34.681  58.279 0.0000000000
35369  10.797  -35.069  58.433 0.0000000000
35370  10.212  -35.131  58.208 0.0000000000
99173  10.041  -36.254  58.074 0.0000000000
34619  9.740  -35.679  58.196 0.0000000000
34620  8.828  -35.739  58.192 0.0000000000
35371  9.438  -35.237  58.016 0.0000000000
36195  8.267  -34.184  57.705 0.0000000000
35389  7.758  -34.667  57.791 0.0000000000
104027  7.448  -34.224  57.724 0.0000000000
90152  6.937  -34.624  57.897 0.0000000000
37778  0.927  -29.983  48.835 0.0000000000
106392  1.417  -28.624  49.461 0.0000000000
40145  1.740  -28.273  49.007 0.0000000000
40158  1.725  -28.243  48.421 0.0000000000
40144  2.770  -28.349  49.470 0.0000000000
29940  2.190  -41.069  53.273 0.0000000000
104739  1.217  -38.095  53.487 0.0000000000
32225  1.004  -38.071  53.423 0.0000000000
33036  0.656  -37.373  53.832 0.0000000000
89360  5.398  -35.011  52.174 0.0000000000
89359  4.346  -34.983  51.880 0.0000000000
35472  4.433  -34.631  49.254 0.0000000000
35485  4.900  -34.215  48.681 0.0000000000
30694  4.308  -38.754  57.106 0.0000000000
30695  3.787  -39.298  56.777 0.0000000000
30705  2.865  -40.269  56.197 0.0000000000
29177  2.494  -42.792  55.329 0.0000000000
30719  2.357  -40.144  54.200 0.0000000000
93790  2.338  -41.886  54.258 0.0000000000
101966  2.399  -41.055  53.825 0.0000000000
32254  2.738  -38.286  48.703 0.0000000000
32291  3.043  -37.704  47.448 0.0000000000
37074  1.414  -32.571  43.035 0.0000000000
37089  2.206  -32.162  42.279 0.0000000000
36363  2.634  -33.306  41.438 0.0000000000
36378  4.714  -34.257  40.577 0.0000000000
35556  4.342  -34.860  39.866 0.0000000000
39391  3.862  -29.634  39.430 0.0000000000
39392  2.841  -29.463  38.876 0.0000000000
33018  3.352  -37.066  56.389 0.0000000000
33840  2.751  -36.919  56.035 0.0000000000
34641  3.037  -36.708  56.161 0.0000000000
94924  3.695  -35.962  56.507 0.0000000000
35406  3.090  -35.999  55.985 0.0000000000
35412  3.385  -35.733  56.031 0.0000000000
92149  3.259  -35.273  55.248 0.0000000000
89878  4.299  -35.016  55.268 0.0000000000
36214  6.872  -33.885  56.152 0.0000000000
36219  6.160  -34.083  55.460 0.0000000000
35417  5.777  -34.266  54.515 0.0000000000
35427  5.465  -34.435  53.707 0.0000000000
89362  5.209  -34.651  53.038 0.0000000000
35438  6.005  -34.568  52.922 0.0000000000
33849  15.382  -35.848  56.036 0.0000000000
33020  14.930  -36.100  56.369 0.0000000000
33014  13.888  -36.287  56.684 0.0000000000
93521  13.521  -37.222  55.728 0.0000000000
33823  12.388  -36.336  57.698 0.0000000000
32995  12.626  -36.247  57.687 0.0000000000
33008  12.040  -36.685  57.543 0.0000000000
32202  11.195  -37.997  57.072 0.0000000000
32209  12.151  -38.100  56.091 0.0000000000
101335  11.409  -38.597  55.955 0.0000000000
32214  10.794  -38.878  55.942 0.0000000000
31446  10.197  -38.877  56.325 0.0000000000
106100  7.680  -38.073  57.560 0.0000000000
31435  7.321  -38.304  57.479 0.0000000000
89260  6.801  -38.745  57.182 0.0000000000
33818  7.351  -36.322  58.524 0.0000000000
32991  7.729  -36.997  58.221 0.0000000000
32992  6.970  -36.993  58.391 0.0000000000
33003  6.014  -37.378  58.247 0.0000000000
32193  5.519  -37.752  57.827 0.0000000000
31433  5.954  -38.243  57.620 0.0000000000
31434  5.225  -38.177  57.537 0.0000000000
32194  4.814  -37.821  57.564 0.0000000000
33012  4.015  -37.235  57.028 0.0000000000
36306  0.789  -33.638  45.512 0.0000000000
37043  0.567  -32.582  45.712 0.0000000000
38538  0.856  -29.637  48.004 0.0000000000
38542  1.670  -29.862  45.832 0.0000000000
97237  0.972  -30.478  45.985 0.0000000000
37795  0.958  -30.900  44.982 0.0000000000
38552  1.352  -30.406  44.229 0.0000000000
38546  3.111  -29.540  44.434 0.0000000000
105691  3.059  -29.793  43.635 0.0000000000
36978  11.720  -32.437  55.972 0.0000000000
36982  12.155  -32.122  55.402 0.0000000000
33869  18.300  -34.372  53.173 0.0000000000
34668  17.751  -34.551  52.831 0.0000000000
33861  17.516  -34.697  53.474 0.0000000000
35393  19.262  -33.995  55.971 0.0000000000
36208  20.021  -33.775  55.881 0.0000000000
95166  19.863  -34.479  55.124 0.0000000000
34656  19.414  -34.524  54.796 0.0000000000
34649  19.047  -34.419  55.364 0.0000000000
33841  17.216  -34.783  55.805 0.0000000000
34639  15.917  -35.138  57.015 0.0000000000
33829  15.571  -34.809  57.880 0.0000000000
35387  15.404  -34.599  58.395 0.0000000000
36962  15.497  -33.243  57.761 0.0000000000
36963  14.929  -33.156  58.052 0.0000000000
103944  14.931  -34.455  58.334 0.0000000000
36189  14.659  -33.813  58.115 0.0000000000
36190  13.855  -33.813  57.849 0.0000000000
36976  13.297  -32.294  56.756 0.0000000000
106007  12.204  -32.864  57.006 0.0000000000
99739  1.048  -44.264  50.103 0.0000000000
28469  0.905  -43.195  50.519 0.0000000000
29966  1.807  -41.625  50.769 0.0000000000
30732  1.621  -40.180  52.488 0.0000000000
29953  1.589  -41.033  51.992 0.0000000000
32236  1.255  -38.567  51.054 0.0000000000
93200  1.793  -39.080  50.589 0.0000000000
31491  2.073  -38.802  49.808 0.0000000000
33046  0.621  -37.369  50.187 0.0000000000
33049  0.845  -37.428  49.296 0.0000000000
33054  1.070  -37.308  48.533 0.0000000000
33850  1.976  -36.669  55.562 0.0000000000
33025  1.521  -36.899  55.286 0.0000000000
34652  1.571  -36.515  55.008 0.0000000000
35422  1.003  -35.409  54.070 0.0000000000
34658  0.988  -36.089  54.364 0.0000000000
34662  0.414  -35.814  53.729 0.0000000000
104975  0.138  -36.092  53.503 0.0000000000
35431  0.546  -35.432  53.407 0.0000000000
103584  0.886  -34.870  51.898 0.0000000000
35452  0.516  -35.147  51.515 0.0000000000
102101  0.034  -35.618  51.116 0.0000000000
35464  0.351  -34.974  50.519 0.0000000000
35476  0.663  -34.577  49.633 0.0000000000
34704  0.335  -35.884  48.685 0.0000000000
35490  0.640  -34.585  48.286 0.0000000000
94978  2.654  -32.714  48.476 0.0000000000
37032  4.013  -32.904  48.387 0.0000000000
33864  14.493  -36.332  54.050 0.0000000000
90224  14.616  -36.059  53.396 0.0000000000
29925  5.026  -41.613  56.439 0.0000000000
28460  1.414  -44.041  51.882 0.0000000000
29253  2.232  -42.489  47.439 0.0000000000
99995  2.689  -42.393  46.690 0.0000000000
30041  4.722  -40.783  46.253 0.0000000000
30042  4.358  -41.619  45.675 0.0000000000
101583  3.460  -41.991  46.242 0.0000000000
30052  4.874  -41.319  44.848 0.0000000000
30825  5.030  -40.845  43.394 0.0000000000
30077  4.314  -41.216  42.903 0.0000000000
33918  1.959  -35.986  46.315 0.0000000000
33917  2.325  -36.299  46.127 0.0000000000
33927  3.767  -35.827  44.776 0.0000000000
35526  2.013  -34.471  44.089 0.0000000000
33941  4.468  -36.352  43.357 0.0000000000
101629  4.083  -35.741  43.543 0.0000000000
33926  4.552  -36.444  44.269 0.0000000000
32334  5.234  -37.931  42.869 0.0000000000
32351  3.967  -38.909  41.903 0.0000000000
31574  3.825  -40.101  41.845 0.0000000000
93103  2.983  -39.407  41.120 0.0000000000
32376  1.933  -38.429  40.035 0.0000000000
32382  1.946  -38.397  39.107 0.0000000000
96285  2.338  -35.720  39.867 0.0000000000
34771  2.089  -36.126  39.948 0.0000000000
34020  1.463  -36.826  37.804 0.0000000000
94759  1.792  -36.854  38.731 0.0000000000
33211  1.488  -37.578  37.694 0.0000000000
33225  1.212  -37.674  36.684 0.0000000000
40166  6.380  -28.361  47.402 0.0000000000
40167  5.370  -28.769  47.454 0.0000000000
39350  3.977  -29.288  46.211 0.0000000000
39349  5.089  -29.137  46.039 0.0000000000
39363  5.718  -29.572  44.427 0.0000000000
38556  5.606  -30.407  43.302 0.0000000000
40194  7.411  -28.650  42.038 0.0000000000
40191  7.653  -28.170  42.654 0.0000000000
40190  7.639  -28.515  43.145 0.0000000000
39361  7.372  -28.894  43.553 0.0000000000
37850  7.236  -31.525  41.269 0.0000000000
37817  7.210  -30.938  42.189 0.0000000000
37818  6.810  -31.516  42.132 0.0000000000
103880  6.336  -31.490  42.501 0.0000000000
100526  6.485  -32.751  41.190 0.0000000000
36391  6.284  -33.211  39.448 0.0000000000
36403  5.686  -33.705  38.646 0.0000000000
35564  5.229  -34.532  38.963 0.0000000000
36404  4.792  -34.185  37.990 0.0000000000
37875  3.841  -31.887  38.516 0.0000000000
89356  9.023  -33.338  56.788 0.0000000000
89277  9.033  -33.138  55.956 0.0000000000
36192  11.374  -33.647  57.889 0.0000000000
99437  11.512  -34.220  58.080 0.0000000000
36182  10.756  -34.119  58.246 0.0000000000
36183  10.035  -34.347  58.144 0.0000000000
36184  9.507  -34.479  57.938 0.0000000000
36194  9.295  -34.107  57.898 0.0000000000
30104  2.221  -41.829  40.530 0.0000000000
31459  1.970  -39.166  54.040 0.0000000000
32220  1.388  -37.650  54.445 0.0000000000
31449  3.075  -39.141  56.368 0.0000000000
106781  2.506  -40.360  55.578 0.0000000000
30712  2.382  -40.260  54.988 0.0000000000
33053  2.087  -37.481  48.246 0.0000000000
32274  2.628  -37.675  48.012 0.0000000000
33065  2.204  -37.243  47.639 0.0000000000
33082  2.253  -36.903  46.787 0.0000000000
37822  2.567  -31.590  42.482 0.0000000000
37088  2.991  -31.964  41.891 0.0000000000
36362  3.456  -33.661  40.954 0.0000000000
33834  4.012  -36.781  56.901 0.0000000000
34640  3.784  -36.591  56.662 0.0000000000
97406  4.319  -35.819  57.045 0.0000000000
35405  4.169  -35.524  56.627 0.0000000000
35425  7.031  -34.014  53.721 0.0000000000
35437  6.711  -34.610  52.611 0.0000000000
35436  7.353  -34.256  52.895 0.0000000000
33837  15.024  -35.771  57.201 0.0000000000
33013  14.655  -36.099  56.810 0.0000000000
33838  14.214  -35.908  57.435 0.0000000000
33015  12.935  -36.747  56.816 0.0000000000
33824  11.261  -36.593  57.689 0.0000000000
32996  11.829  -36.636  57.582 0.0000000000
32997  11.042  -36.843  57.543 0.0000000000
32195  10.823  -37.610  57.349 0.0000000000
32203  10.445  -38.204  57.140 0.0000000000
32199  7.462  -37.994  57.619 0.0000000000
34623  6.233  -35.840  58.650 0.0000000000
33819  6.585  -36.297  58.612 0.0000000000
33820  6.050  -36.251  58.657 0.0000000000
32994  5.642  -36.652  58.418 0.0000000000
33004  4.908  -36.814  58.053 0.0000000000
93483  4.861  -37.308  57.814 0.0000000000
33828  4.547  -36.454  57.778 0.0000000000
33833  4.330  -36.784  57.343 0.0000000000
38547  2.315  -29.671  45.057 0.0000000000
102267  3.964  -29.469  44.763 0.0000000000
33860  18.906  -34.289  53.664 0.0000000000
34638  16.583  -34.880  56.443 0.0000000000
36972  13.812  -32.816  57.431 0.0000000000
99779  1.072  -43.219  51.318 0.0000000000
32228  1.099  -38.708  52.849 0.0000000000
32232  0.915  -38.760  51.996 0.0000000000
32237  0.954  -37.969  50.584 0.0000000000
35413  2.142  -35.985  55.003 0.0000000000
35421  1.693  -35.530  54.418 0.0000000000
103062  1.360  -35.192  53.949 0.0000000000
89357  3.110  -34.875  50.714 0.0000000000
105668  2.463  -34.929  51.418 0.0000000000
106668  1.159  -34.205  49.504 0.0000000000
35475  1.682  -33.922  48.961 0.0000000000
36266  3.292  -33.321  48.373 0.0000000000
33033  13.858  -36.647  53.686 0.0000000000
30704  6.447  -39.886  56.358 0.0000000000
29923  5.797  -40.651  56.001 0.0000000000
29932  5.439  -41.815  56.021 0.0000000000
29176  4.617  -42.324  56.056 0.0000000000
90357  1.728  -43.231  54.049 0.0000000000
29231  2.352  -42.159  49.135 0.0000000000
31527  4.415  -39.426  47.207 0.0000000000
30813  5.261  -40.256  45.695 0.0000000000
30820  5.439  -40.620  44.942 0.0000000000
30824  5.502  -40.153  44.124 0.0000000000
31567  5.492  -39.349  43.454 0.0000000000
34733  1.742  -35.188  45.540 0.0000000000
34739  2.146  -35.048  44.939 0.0000000000
34744  3.567  -35.296  43.552 0.0000000000
33159  4.048  -36.817  42.476 0.0000000000
91668  4.480  -37.839  42.408 0.0000000000
32352  3.054  -38.386  41.521 0.0000000000
91616  2.139  -35.806  38.852 0.0000000000
94441  1.234  -36.553  37.253 0.0000000000
40177  6.751  -28.199  46.560 0.0000000000
40185  6.234  -28.678  45.719 0.0000000000
39362  6.661  -29.274  44.011 0.0000000000
40195  6.822  -28.393  41.407 0.0000000000
39373  7.501  -29.459  42.092 0.0000000000
39380  7.490  -30.114  41.475 0.0000000000
38576  7.374  -30.824  40.924 0.0000000000
37851  7.117  -31.662  40.625 0.0000000000
37129  6.225  -32.299  39.308 0.0000000000
90738  5.926  -34.752  57.922 0.0000000000
91217  5.364  -34.971  57.594 0.0000000000
35398  6.003  -34.293  57.413 0.0000000000
103891  7.826  -33.628  55.032 0.0000000000
34626  13.891  -35.714  57.933 0.0000000000
107456  13.116  -35.369  57.957 0.0000000000
34627  12.731  -35.878  57.945 0.0000000000
33813  11.848  -36.054  58.029 0.0000000000
105512  11.258  -35.026  58.435 0.0000000000
101247  11.231  -35.543  58.303 0.0000000000
33814  11.258  -36.170  58.042 0.0000000000
33815  10.752  -36.321  57.961 0.0000000000
32989  9.454  -36.828  57.903 0.0000000000
32999  8.791  -37.368  57.823 0.0000000000
33817  8.249  -36.315  58.365 0.0000000000
34621  7.788  -35.740  58.365 0.0000000000
35380  9.115  -34.843  57.887 0.0000000000
35373  7.728  -35.403  58.176 0.0000000000
34628  7.173  -35.520  58.374 0.0000000000
34629  6.559  -35.498  58.452 0.0000000000
35382  6.335  -35.067  58.164 0.0000000000
39341  1.178  -29.172  48.667 0.0000000000
39340  1.434  -28.725  48.123 0.0000000000
40170  2.026  -28.308  47.910 0.0000000000
40169  3.028  -28.426  47.762 0.0000000000
94741  1.535  -42.144  52.918 0.0000000000
31467  1.494  -39.308  52.906 0.0000000000
31463  1.756  -39.187  53.351 0.0000000000
89525  4.102  -34.893  50.897 0.0000000000
35473  3.605  -34.506  49.056 0.0000000000
30699  5.128  -39.720  56.801 0.0000000000
29917  3.947  -40.886  56.460 0.0000000000
29918  3.539  -40.203  56.568 0.0000000000
29168  3.549  -41.808  56.034 0.0000000000
28432  2.679  -43.672  55.396 0.0000000000
29186  2.131  -42.630  54.815 0.0000000000
29195  1.907  -42.509  54.037 0.0000000000
31511  3.028  -39.200  49.041 0.0000000000
101053  3.813  -38.983  48.165 0.0000000000
32272  3.817  -38.549  47.604 0.0000000000
32290  4.008  -38.527  46.973 0.0000000000
32307  4.012  -38.184  46.438 0.0000000000
33097  4.452  -37.731  45.639 0.0000000000
35532  1.077  -34.008  43.812 0.0000000000
36331  1.363  -33.640  43.095 0.0000000000
97795  1.885  -34.068  42.620 0.0000000000
35541  2.372  -34.563  42.092 0.0000000000
35557  3.081  -34.736  40.060 0.0000000000
93746  2.722  -35.396  39.582 0.0000000000
34781  3.941  -35.293  38.547 0.0000000000
39390  4.997  -29.892  39.762 0.0000000000
38588  5.352  -30.624  39.489 0.0000000000
99149  4.422  -30.280  39.344 0.0000000000
32211  2.339  -37.501  55.719 0.0000000000
33019  2.434  -37.260  55.788 0.0000000000
94574  2.069  -36.808  55.650 0.0000000000
34647  2.557  -36.293  55.834 0.0000000000
34646  3.033  -36.245  56.105 0.0000000000
107304  2.434  -36.044  55.481 0.0000000000
35403  5.494  -34.640  57.046 0.0000000000
35404  4.925  -35.091  56.771 0.0000000000
93609  4.688  -35.205  56.041 0.0000000000
35410  5.260  -34.721  55.317 0.0000000000
89364  15.340  -35.677  54.486 0.0000000000
33856  14.619  -36.442  55.106 0.0000000000
33027  14.137  -36.769  55.388 0.0000000000
33030  13.279  -37.560  54.687 0.0000000000
33031  12.890  -37.967  54.845 0.0000000000
33832  13.374  -36.018  57.889 0.0000000000
33016  12.247  -37.001  57.215 0.0000000000
33023  12.558  -37.401  56.582 0.0000000000
32208  12.967  -37.737  55.888 0.0000000000
32213  12.638  -38.105  55.348 0.0000000000
32217  12.351  -38.253  54.692 0.0000000000
31448  7.676  -39.158  56.554 0.0000000000
33000  7.972  -37.464  57.864 0.0000000000
32190  7.494  -37.813  57.717 0.0000000000
32191  6.898  -37.764  57.808 0.0000000000
33002  6.668  -37.535  58.099 0.0000000000
31432  6.616  -38.219  57.588 0.0000000000
31437  6.118  -38.518  57.390 0.0000000000
31439  4.670  -38.323  57.355 0.0000000000
31440  4.236  -38.019  57.149 0.0000000000
99309  4.355  -37.444  57.357 0.0000000000
105359  4.078  -37.990  56.989 0.0000000000
32206  3.655  -37.598  56.539 0.0000000000
34716  0.538  -35.659  47.945 0.0000000000
34724  0.923  -35.671  47.186 0.0000000000
35515  0.964  -35.080  46.735 0.0000000000
35514  0.942  -34.369  46.176 0.0000000000
102494  0.597  -31.091  46.613 0.0000000000
37052  0.724  -31.909  44.884 0.0000000000
99310  0.882  -32.416  43.944 0.0000000000
37810  1.299  -31.687  43.486 0.0000000000
37809  2.599  -30.924  42.846 0.0000000000
37820  4.522  -31.416  42.503 0.0000000000
89672  10.961  -32.870  56.775 0.0000000000
36209  11.109  -32.597  56.063 0.0000000000
105192  11.725  -32.155  54.873 0.0000000000
89971  16.193  -35.323  54.258 0.0000000000
34648  20.323  -34.316  54.897 0.0000000000
33852  18.776  -34.458  54.403 0.0000000000
34650  18.148  -34.513  55.492 0.0000000000
33853  17.799  -34.672  54.599 0.0000000000
33854  16.590  -34.995  54.812 0.0000000000
105075  15.840  -35.326  54.657 0.0000000000
33848  15.741  -35.413  55.286 0.0000000000
33835  16.096  -35.356  56.483 0.0000000000
33836  15.702  -35.593  56.854 0.0000000000
36186  16.467  -33.783  57.318 0.0000000000
36187  15.769  -34.010  57.958 0.0000000000
36178  15.214  -34.828  58.449 0.0000000000
35374  14.619  -34.972  58.226 0.0000000000
36180  13.264  -34.356  57.838 0.0000000000
95111  13.017  -33.931  57.752 0.0000000000
36191  12.306  -33.731  57.705 0.0000000000
36200  11.924  -33.197  57.472 0.0000000000
95405  1.092  -42.841  49.935 0.0000000000
91654  2.619  -39.180  49.621 0.0000000000
103009  1.698  -37.438  48.366 0.0000000000
33900  0.729  -36.696  48.156 0.0000000000
33028  1.391  -37.185  55.028 0.0000000000
33032  0.926  -37.329  54.476 0.0000000000
105290  0.649  -37.050  54.243 0.0000000000
97877  0.336  -36.660  53.214 0.0000000000
33875  0.177  -36.297  52.487 0.0000000000
91499  1.764  -35.064  53.329 0.0000000000
35441  1.249  -34.919  52.582 0.0000000000
97876  0.200  -36.432  51.645 0.0000000000
37782  1.826  -31.818  48.637 0.0000000000
97758  10.549  -32.575  55.416 0.0000000000
33863  15.023  -35.819  54.028 0.0000000000
33872  15.020  -35.554  52.762 0.0000000000
33873  14.393  -35.853  52.377 0.0000000000
33874  13.714  -36.371  52.814 0.0000000000
29915  5.279  -40.472  56.500 0.0000000000
29184  5.118  -42.582  55.637 0.0000000000
29243  1.987  -42.655  48.260 0.0000000000
30010  3.785  -41.215  47.562 0.0000000000
102020  4.339  -40.456  47.210 0.0000000000
30027  3.514  -41.738  47.047 0.0000000000
104484  2.961  -42.670  45.945 0.0000000000
33908  1.908  -36.560  46.764 0.0000000000
33099  2.490  -36.879  46.397 0.0000000000
33119  4.848  -37.370  44.700 0.0000000000
33141  5.373  -37.852  44.381 0.0000000000
32333  5.490  -38.314  43.712 0.0000000000
31572  4.997  -39.585  42.684 0.0000000000
32350  4.680  -38.766  42.483 0.0000000000
30831  3.321  -40.824  41.948 0.0000000000
30840  2.709  -40.938  41.447 0.0000000000
31583  2.215  -40.379  40.050 0.0000000000
34005  1.889  -36.102  39.171 0.0000000000
32386  1.787  -38.464  38.087 0.0000000000
99668  4.944  -28.788  48.056 0.0000000000
40168  4.276  -28.776  47.563 0.0000000000
39356  5.402  -29.229  45.216 0.0000000000
39364  4.789  -29.744  44.710 0.0000000000
38557  4.749  -30.210  43.330 0.0000000000
37807  5.045  -30.760  42.845 0.0000000000
37819  5.597  -31.573  42.550 0.0000000000
39366  6.948  -29.714  43.257 0.0000000000
38554  7.145  -30.361  42.652 0.0000000000
38555  6.479  -30.441  43.085 0.0000000000
37103  5.780  -32.959  41.585 0.0000000000
36377  5.614  -34.010  40.558 0.0000000000
36376  6.232  -33.438  40.486 0.0000000000
35575  4.518  -34.908  38.359 0.0000000000
37130  5.191  -32.080  38.842 0.0000000000
37141  4.822  -33.034  38.248 0.0000000000
35588  2.955  -34.759  37.207 0.0000000000
30828  5.313  -40.192  43.098 0.0000000000
33005  4.513  -37.125  57.612 0.0000000000
33009  11.335  -37.066  57.438 0.0000000000
33826  5.713  -35.981  58.612 0.0000000000
34631  4.701  -36.014  58.067 0.0000000000
34636  4.229  -36.447  57.078 0.0000000000
35390  6.465  -34.478  57.878 0.0000000000
37118  7.001  -32.195  41.078 0.0000000000
37835  7.150  -31.383  41.765 0.0000000000
38566  7.372  -30.851  41.629 0.0000000000
91718  8.174  -35.053  57.873 0.0000000000
105221  3.485  -36.025  56.308 0.0000000000
106726  1.009  -37.014  54.816 0.0000000000
