#!ascii label  , from subject OASIS_0001 vox2ras=TkReg
766
36318  19.662  -32.720  44.552 0.0000000000
104571  30.107  -32.138  47.734 0.0000000000
48612  37.826  -16.871  30.548 0.0000000000
41024  32.683  -28.451  35.200 0.0000000000
37112  35.235  -31.984  40.592 0.0000000000
54126  47.365  -10.432  25.050 0.0000000000
47079  37.457  -18.497  32.888 0.0000000000
45582  32.996  -20.946  31.546 0.0000000000
34736  15.119  -34.786  44.557 0.0000000000
36298  25.246  -32.747  45.918 0.0000000000
37802  27.900  -30.657  43.769 0.0000000000
37101  22.143  -31.621  41.450 0.0000000000
52523  41.928  -12.832  28.016 0.0000000000
34708  22.271  -34.268  48.866 0.0000000000
88831  17.485  -33.594  49.204 0.0000000000
50993  41.581  -14.865  31.848 0.0000000000
99754  13.509  -35.840  48.890 0.0000000000
31508  10.004  -39.218  49.027 0.0000000000
43281  33.363  -24.052  35.976 0.0000000000
97528  35.059  -30.283  37.884 0.0000000000
37163  32.804  -32.170  36.334 0.0000000000
36387  31.505  -32.323  40.077 0.0000000000
46291  36.686  -19.241  35.174 0.0000000000
46310  35.233  -19.399  32.937 0.0000000000
46293  34.821  -20.241  34.585 0.0000000000
47831  38.669  -18.004  34.617 0.0000000000
35538  18.739  -33.399  41.865 0.0000000000
34751  16.768  -34.867  41.896 0.0000000000
35525  17.157  -33.696  44.373 0.0000000000
36315  22.428  -32.427  44.757 0.0000000000
37071  23.995  -31.569  43.635 0.0000000000
36342  21.352  -31.893  43.013 0.0000000000
36374  20.116  -32.844  40.694 0.0000000000
49375  37.412  -15.748  29.065 0.0000000000
48594  39.914  -16.680  32.268 0.0000000000
50189  39.651  -15.769  30.765 0.0000000000
51011  39.357  -14.386  29.285 0.0000000000
34679  16.895  -34.508  51.561 0.0000000000
34702  15.371  -34.467  49.389 0.0000000000
34681  14.924  -35.205  51.851 0.0000000000
31460  10.293  -38.709  54.046 0.0000000000
32230  10.843  -38.041  51.908 0.0000000000
98882  9.423  -39.172  51.096 0.0000000000
30749  7.652  -40.939  50.838 0.0000000000
29945  6.447  -41.666  53.595 0.0000000000
39389  35.760  -29.940  40.128 0.0000000000
37869  35.493  -30.960  39.420 0.0000000000
37160  34.375  -31.292  37.471 0.0000000000
99797  34.317  -32.352  38.508 0.0000000000
37846  27.034  -30.345  41.083 0.0000000000
100474  30.437  -30.764  41.668 0.0000000000
37857  29.088  -30.365  39.780 0.0000000000
93934  29.791  -31.020  37.982 0.0000000000
41781  32.251  -26.210  36.182 0.0000000000
44014  31.649  -24.047  33.842 0.0000000000
41036  30.977  -26.812  33.665 0.0000000000
56518  49.706  -7.670  23.232 0.0000000000
54931  47.976  -9.278  22.619 0.0000000000
47862  37.422  -17.782  31.864 0.0000000000
47111  35.541  -18.502  30.757 0.0000000000
47844  39.625  -17.668  33.151 0.0000000000
36286  27.316  -32.608  47.352 0.0000000000
37048  29.052  -31.646  45.811 0.0000000000
37060  26.113  -31.858  44.592 0.0000000000
37816  25.557  -30.825  42.796 0.0000000000
37848  24.305  -30.703  40.580 0.0000000000
52515  43.266  -11.928  29.763 0.0000000000
100046  44.062  -11.663  28.842 0.0000000000
105385  44.942  -11.593  26.377 0.0000000000
54128  45.747  -10.760  24.269 0.0000000000
99077  21.399  -33.245  46.795 0.0000000000
35512  18.445  -33.304  47.131 0.0000000000
95750  20.236  -33.984  49.473 0.0000000000
35507  23.629  -33.290  47.066 0.0000000000
51758  41.239  -13.021  29.663 0.0000000000
104088  16.333  -33.759  47.186 0.0000000000
106122  14.199  -34.992  46.582 0.0000000000
33078  12.745  -36.570  46.445 0.0000000000
33041  12.448  -37.063  51.572 0.0000000000
33052  11.563  -37.621  48.807 0.0000000000
28429  4.826  -43.664  55.275 0.0000000000
44781  35.126  -21.858  36.255 0.0000000000
40988  33.522  -27.237  37.835 0.0000000000
40217  34.931  -28.442  39.050 0.0000000000
40239  33.516  -29.307  36.565 0.0000000000
38643  33.616  -30.528  35.462 0.0000000000
37918  33.571  -31.583  35.168 0.0000000000
37207  31.981  -32.519  34.143 0.0000000000
36311  31.685  -31.531  44.370 0.0000000000
90109  32.584  -32.271  41.595 0.0000000000
89237  32.824  -32.964  40.077 0.0000000000
36399  31.745  -32.598  38.679 0.0000000000
91498  30.815  -31.778  35.961 0.0000000000
44800  32.854  -22.027  34.071 0.0000000000
44823  31.580  -23.085  31.354 0.0000000000
46282  36.750  -20.021  36.020 0.0000000000
105708  36.111  -19.256  34.868 0.0000000000
107610  35.596  -20.248  35.531 0.0000000000
47052  38.301  -19.510  35.918 0.0000000000
36344  19.078  -33.008  42.774 0.0000000000
35529  17.980  -33.769  42.950 0.0000000000
36319  18.785  -33.038  44.249 0.0000000000
94601  21.140  -32.476  44.396 0.0000000000
36328  21.717  -32.041  44.026 0.0000000000
104114  20.830  -32.192  43.482 0.0000000000
91390  19.635  -32.818  42.183 0.0000000000
49368  37.143  -16.481  29.696 0.0000000000
48603  39.035  -16.654  31.314 0.0000000000
49357  39.446  -16.317  31.040 0.0000000000
49358  38.634  -16.556  30.809 0.0000000000
50198  38.237  -15.458  29.583 0.0000000000
31461  9.558  -38.940  53.625 0.0000000000
31465  9.481  -39.134  52.732 0.0000000000
31466  8.724  -39.531  52.360 0.0000000000
30738  8.081  -40.223  51.264 0.0000000000
30730  8.024  -40.039  52.052 0.0000000000
29951  7.081  -41.321  52.206 0.0000000000
37854  35.729  -31.030  40.204 0.0000000000
37111  35.490  -31.512  40.167 0.0000000000
37133  34.712  -31.791  38.654 0.0000000000
36384  34.659  -32.467  39.559 0.0000000000
36283  30.804  -31.901  47.146 0.0000000000
38575  25.969  -30.134  40.464 0.0000000000
37845  28.101  -30.271  40.903 0.0000000000
38584  27.398  -29.675  39.476 0.0000000000
38599  27.660  -29.730  38.322 0.0000000000
41002  32.328  -27.104  36.308 0.0000000000
41800  31.450  -26.712  34.724 0.0000000000
54119  47.569  -10.453  25.845 0.0000000000
54918  48.131  -10.116  26.131 0.0000000000
54924  48.412  -9.472  24.754 0.0000000000
55706  48.800  -8.940  24.174 0.0000000000
54929  47.460  -9.787  23.301 0.0000000000
47090  37.807  -18.212  32.526 0.0000000000
47109  36.855  -17.879  31.478 0.0000000000
47091  37.097  -18.023  32.207 0.0000000000
46311  34.452  -19.821  32.512 0.0000000000
46319  34.345  -19.556  31.464 0.0000000000
46320  33.593  -20.249  31.060 0.0000000000
47069  37.982  -18.294  33.618 0.0000000000
47838  38.667  -18.533  33.133 0.0000000000
47860  38.841  -17.612  32.387 0.0000000000
98670  16.027  -34.861  43.217 0.0000000000
33913  14.509  -35.259  44.913 0.0000000000
36287  26.394  -32.864  46.826 0.0000000000
36296  27.331  -32.295  46.348 0.0000000000
37051  25.693  -32.206  45.285 0.0000000000
37082  23.311  -31.412  42.904 0.0000000000
37081  24.749  -31.204  43.220 0.0000000000
37099  23.636  -31.009  42.084 0.0000000000
37833  24.452  -30.689  41.549 0.0000000000
37100  22.856  -31.147  41.081 0.0000000000
37116  22.228  -31.913  40.389 0.0000000000
38664  33.998  -30.684  33.522 0.0000000000
52516  42.628  -12.219  29.349 0.0000000000
53318  43.817  -11.820  29.437 0.0000000000
52531  43.280  -11.989  27.892 0.0000000000
53341  44.284  -11.810  26.399 0.0000000000
53349  44.571  -11.556  25.565 0.0000000000
53348  45.378  -11.236  25.881 0.0000000000
90349  21.667  -33.539  47.519 0.0000000000
95257  20.222  -33.540  48.060 0.0000000000
90412  21.047  -34.222  49.077 0.0000000000
34719  22.811  -33.995  48.336 0.0000000000
35509  22.066  -33.214  46.860 0.0000000000
51748  42.130  -12.934  31.167 0.0000000000
51749  41.440  -13.400  30.705 0.0000000000
51019  39.750  -13.877  28.650 0.0000000000
35500  18.312  -33.509  48.033 0.0000000000
35513  17.175  -33.371  46.622 0.0000000000
102560  16.860  -33.731  48.032 0.0000000000
34715  14.646  -34.849  48.985 0.0000000000
34723  14.645  -34.942  48.141 0.0000000000
33902  13.893  -35.428  47.725 0.0000000000
33906  13.814  -35.543  46.885 0.0000000000
33898  13.326  -35.865  48.168 0.0000000000
33038  12.285  -37.384  52.572 0.0000000000
32235  10.359  -38.406  50.441 0.0000000000
33045  11.537  -37.641  50.592 0.0000000000
32252  10.993  -38.104  49.194 0.0000000000
33064  11.606  -37.684  47.897 0.0000000000
42548  33.986  -25.571  37.510 0.0000000000
39402  35.385  -30.278  38.521 0.0000000000
40216  35.321  -28.700  39.332 0.0000000000
39403  35.186  -29.848  38.268 0.0000000000
103169  34.245  -28.807  37.862 0.0000000000
39415  34.474  -29.928  37.415 0.0000000000
39424  33.518  -30.118  35.727 0.0000000000
39423  33.776  -30.266  36.414 0.0000000000
37162  33.371  -31.831  36.585 0.0000000000
37181  33.536  -31.591  36.095 0.0000000000
37182  33.237  -31.993  35.649 0.0000000000
37206  33.017  -32.084  34.569 0.0000000000
37183  32.483  -32.279  35.341 0.0000000000
37058  28.436  -31.433  45.101 0.0000000000
37047  30.719  -31.522  45.372 0.0000000000
37067  29.931  -30.952  43.636 0.0000000000
37097  30.925  -31.638  40.999 0.0000000000
36340  31.631  -31.471  41.843 0.0000000000
36371  31.778  -32.569  40.676 0.0000000000
36354  32.844  -32.749  41.182 0.0000000000
95330  32.079  -32.739  40.099 0.0000000000
36386  32.326  -32.846  39.369 0.0000000000
37123  31.270  -32.391  39.181 0.0000000000
38628  29.304  -30.614  36.027 0.0000000000
37897  30.627  -31.632  36.857 0.0000000000
105505  34.358  -22.791  36.490 0.0000000000
44790  33.998  -21.977  35.358 0.0000000000
44003  33.369  -23.340  35.433 0.0000000000
43311  30.767  -24.882  32.348 0.0000000000
93410  31.430  -23.479  32.588 0.0000000000
56526  49.732  -7.647  22.272 0.0000000000
47070  37.475  -18.422  33.509 0.0000000000
47071  36.738  -18.558  33.467 0.0000000000
46300  35.979  -18.984  34.183 0.0000000000
46301  35.368  -19.528  33.936 0.0000000000
45575  33.867  -20.526  33.074 0.0000000000
47059  38.481  -18.648  35.411 0.0000000000
47060  37.912  -18.461  34.773 0.0000000000
35539  17.984  -33.869  42.138 0.0000000000
35530  17.250  -33.965  43.324 0.0000000000
34729  16.338  -34.010  44.829 0.0000000000
36300  23.559  -32.639  45.776 0.0000000000
36313  23.944  -32.443  45.112 0.0000000000
36326  22.912  -32.132  44.391 0.0000000000
105615  22.474  -31.672  43.454 0.0000000000
98249  22.120  -31.611  42.231 0.0000000000
37117  21.550  -32.153  40.832 0.0000000000
36358  20.262  -32.521  41.655 0.0000000000
36359  19.443  -33.081  41.244 0.0000000000
52533  41.765  -12.799  27.058 0.0000000000
34685  21.486  -34.570  50.012 0.0000000000
49349  40.430  -16.043  31.782 0.0000000000
50180  40.627  -15.736  31.695 0.0000000000
50188  40.286  -15.542  31.098 0.0000000000
51002  40.385  -14.660  30.752 0.0000000000
50197  39.041  -15.167  30.022 0.0000000000
50207  38.605  -14.744  28.904 0.0000000000
34688  17.233  -34.223  50.786 0.0000000000
89526  16.590  -33.951  49.214 0.0000000000
34689  16.240  -34.502  50.715 0.0000000000
34690  15.254  -34.884  50.908 0.0000000000
33889  13.832  -35.593  50.300 0.0000000000
32226  11.474  -37.924  52.578 0.0000000000
96503  10.807  -38.514  52.785 0.0000000000
31468  9.822  -38.813  51.578 0.0000000000
31473  9.342  -39.303  50.328 0.0000000000
30747  8.792  -39.923  49.900 0.0000000000
95134  35.563  -30.566  39.245 0.0000000000
38596  35.321  -30.755  38.652 0.0000000000
37895  34.430  -30.931  37.300 0.0000000000
37881  35.007  -31.028  38.007 0.0000000000
37147  34.302  -31.842  37.859 0.0000000000
36421  33.151  -32.184  37.383 0.0000000000
37814  27.533  -30.480  42.854 0.0000000000
37079  29.403  -30.330  42.388 0.0000000000
37829  28.405  -30.177  42.044 0.0000000000
37843  29.836  -30.437  40.807 0.0000000000
37125  30.654  -31.462  39.884 0.0000000000
37136  30.679  -31.789  38.951 0.0000000000
37872  29.399  -30.613  38.777 0.0000000000
38597  29.185  -30.494  37.695 0.0000000000
43267  32.780  -24.802  35.886 0.0000000000
44004  32.729  -24.059  35.219 0.0000000000
42574  31.614  -25.200  34.623 0.0000000000
42580  30.783  -25.766  33.378 0.0000000000
55711  49.154  -8.272  23.693 0.0000000000
55712  48.604  -8.743  23.193 0.0000000000
48605  37.526  -17.426  30.947 0.0000000000
102573  36.378  -17.537  30.084 0.0000000000
47877  36.604  -18.023  30.959 0.0000000000
47093  35.434  -18.724  31.489 0.0000000000
47094  34.828  -19.024  30.920 0.0000000000
48557  39.240  -17.514  35.166 0.0000000000
48562  39.889  -16.903  34.552 0.0000000000
48569  40.308  -17.004  33.418 0.0000000000
47859  39.540  -17.337  32.626 0.0000000000
47874  38.532  -17.198  31.698 0.0000000000
89846  29.101  -32.249  47.493 0.0000000000
36284  29.970  -32.020  47.175 0.0000000000
36295  28.327  -31.977  46.276 0.0000000000
37049  27.963  -31.863  45.655 0.0000000000
106892  27.112  -31.182  44.200 0.0000000000
103022  25.306  -31.884  44.585 0.0000000000
89247  25.759  -31.635  44.017 0.0000000000
37803  26.872  -30.898  43.599 0.0000000000
37831  26.263  -30.524  41.930 0.0000000000
37847  25.178  -30.541  40.959 0.0000000000
37858  24.929  -30.331  40.004 0.0000000000
53320  45.243  -11.012  28.807 0.0000000000
53331  43.842  -11.920  27.127 0.0000000000
53330  44.811  -11.538  27.266 0.0000000000
53329  45.660  -10.967  27.542 0.0000000000
53339  46.291  -10.720  26.991 0.0000000000
54121  46.020  -10.822  25.290 0.0000000000
54127  46.682  -10.623  24.723 0.0000000000
54134  47.062  -10.277  24.118 0.0000000000
36303  20.879  -32.827  45.607 0.0000000000
36305  19.135  -32.931  45.097 0.0000000000
35511  19.774  -33.223  47.183 0.0000000000
35499  19.220  -33.490  47.968 0.0000000000
34711  18.475  -33.631  49.299 0.0000000000
34686  20.787  -34.513  50.270 0.0000000000
34687  18.263  -33.837  50.609 0.0000000000
88903  17.855  -34.289  51.522 0.0000000000
105740  29.280  -32.556  48.475 0.0000000000
36274  28.312  -32.624  47.979 0.0000000000
36276  26.511  -33.020  47.645 0.0000000000
35504  25.737  -33.369  47.204 0.0000000000
35495  24.566  -33.800  47.593 0.0000000000
35516  24.029  -33.009  46.469 0.0000000000
35517  23.197  -32.819  46.401 0.0000000000
35519  21.612  -32.821  46.125 0.0000000000
52502  43.178  -12.236  31.898 0.0000000000
52509  42.609  -12.253  30.321 0.0000000000
52517  41.892  -12.555  28.973 0.0000000000
51010  40.076  -13.998  29.615 0.0000000000
51767  40.435  -13.479  28.421 0.0000000000
51777  41.131  -13.105  27.672 0.0000000000
92286  17.936  -33.046  46.107 0.0000000000
35522  17.127  -33.485  45.496 0.0000000000
34730  15.619  -34.290  45.243 0.0000000000
34713  16.059  -34.270  48.476 0.0000000000
99883  15.594  -34.204  47.313 0.0000000000
34731  14.965  -34.613  45.600 0.0000000000
33914  13.943  -35.689  45.249 0.0000000000
33915  13.549  -36.224  45.524 0.0000000000
89989  13.723  -36.224  51.880 0.0000000000
33890  13.148  -36.190  50.571 0.0000000000
33044  12.018  -37.141  50.237 0.0000000000
33899  12.786  -36.396  48.865 0.0000000000
33063  12.103  -37.106  47.487 0.0000000000
29194  5.482  -42.927  54.729 0.0000000000
45545  36.346  -20.716  36.746 0.0000000000
43265  33.830  -24.014  36.765 0.0000000000
42549  33.442  -25.562  36.906 0.0000000000
41780  32.830  -26.362  36.761 0.0000000000
41016  32.664  -28.076  36.117 0.0000000000
94419  34.453  -28.287  38.378 0.0000000000
40224  33.747  -28.350  37.558 0.0000000000
40249  33.113  -28.967  35.811 0.0000000000
40248  33.381  -29.750  35.552 0.0000000000
39429  33.535  -30.231  34.966 0.0000000000
38652  33.881  -30.618  34.533 0.0000000000
37916  33.720  -30.796  36.318 0.0000000000
96562  33.823  -31.051  34.922 0.0000000000
37937  33.715  -31.579  34.074 0.0000000000
37222  32.895  -32.424  33.394 0.0000000000
37223  31.905  -32.975  33.189 0.0000000000
36367  34.870  -32.386  41.036 0.0000000000
101242  30.792  -31.804  46.477 0.0000000000
89040  31.652  -31.633  45.607 0.0000000000
36310  32.349  -31.762  44.573 0.0000000000
37066  30.960  -31.087  42.729 0.0000000000
36325  31.654  -31.492  43.039 0.0000000000
36338  32.808  -32.083  42.441 0.0000000000
89354  33.222  -32.352  41.794 0.0000000000
107394  33.649  -32.818  41.016 0.0000000000
36368  34.225  -32.749  40.726 0.0000000000
36385  33.539  -33.055  39.706 0.0000000000
36397  33.217  -32.615  38.360 0.0000000000
36422  32.353  -32.320  37.097 0.0000000000
37135  31.094  -32.241  38.321 0.0000000000
37150  31.119  -32.102  37.444 0.0000000000
90043  32.105  -32.281  36.139 0.0000000000
37184  31.736  -32.255  35.128 0.0000000000
104296  35.403  -21.279  35.959 0.0000000000
45556  34.400  -21.091  35.022 0.0000000000
45565  33.292  -21.239  33.627 0.0000000000
44022  32.021  -23.261  33.685 0.0000000000
44801  32.289  -22.505  33.435 0.0000000000
45577  32.424  -21.635  32.046 0.0000000000
103708  47.025  -10.053  22.377 0.0000000000
46281  37.629  -19.926  36.197 0.0000000000
36329  19.366  -32.772  43.668 0.0000000000
36330  18.581  -33.262  43.320 0.0000000000
36317  20.563  -32.700  44.857 0.0000000000
93186  20.210  -32.359  44.012 0.0000000000
91483  19.922  -32.528  43.072 0.0000000000
48613  36.991  -17.173  30.300 0.0000000000
49367  38.028  -16.228  30.129 0.0000000000
98550  8.802  -39.071  54.136 0.0000000000
31462  8.792  -39.248  53.194 0.0000000000
30724  7.983  -39.704  52.857 0.0000000000
30731  7.383  -40.432  52.527 0.0000000000
94393  35.648  -31.452  40.936 0.0000000000
105529  35.034  -31.999  39.945 0.0000000000
36272  30.516  -31.990  47.734 0.0000000000
38585  26.424  -29.717  39.530 0.0000000000
38574  26.970  -29.829  40.277 0.0000000000
107173  26.856  -29.631  38.783 0.0000000000
41017  32.201  -27.659  35.500 0.0000000000
41799  31.794  -27.377  35.001 0.0000000000
54922  47.994  -10.047  25.331 0.0000000000
54925  47.724  -9.858  24.441 0.0000000000
46312  33.672  -20.310  31.981 0.0000000000
45601  33.011  -21.086  30.706 0.0000000000
47078  38.151  -18.578  33.057 0.0000000000
34735  15.839  -34.580  44.216 0.0000000000
34743  15.345  -35.002  43.521 0.0000000000
33923  14.568  -35.394  43.866 0.0000000000
36297  26.233  -32.549  45.940 0.0000000000
90533  22.738  -31.425  42.142 0.0000000000
52522  42.601  -12.331  28.415 0.0000000000
52521  43.350  -11.956  28.881 0.0000000000
34720  22.008  -33.908  48.279 0.0000000000
34721  21.159  -33.851  48.253 0.0000000000
34709  21.623  -34.176  48.779 0.0000000000
35498  22.439  -33.558  47.647 0.0000000000
51000  41.877  -14.003  31.549 0.0000000000
51001  41.066  -14.286  31.187 0.0000000000
35484  17.671  -33.546  48.584 0.0000000000
33893  13.980  -35.441  49.348 0.0000000000
33897  14.008  -35.414  48.506 0.0000000000
97146  12.581  -37.702  53.510 0.0000000000
32240  10.427  -38.542  49.567 0.0000000000
32253  10.529  -38.701  48.658 0.0000000000
38627  34.391  -30.502  37.217 0.0000000000
37068  28.797  -30.800  44.337 0.0000000000
37057  29.712  -31.248  44.869 0.0000000000
37113  31.051  -31.927  40.397 0.0000000000
36372  31.314  -32.224  40.639 0.0000000000
103912  31.767  -32.615  39.482 0.0000000000
89932  33.879  -23.187  36.221 0.0000000000
44002  33.804  -22.747  35.535 0.0000000000
47061  37.305  -18.551  34.525 0.0000000000
47062  36.673  -18.700  34.320 0.0000000000
46292  35.415  -19.728  34.983 0.0000000000
46302  34.665  -20.038  33.550 0.0000000000
47819  39.476  -18.749  36.257 0.0000000000
47053  37.425  -19.269  35.507 0.0000000000
35524  17.925  -33.406  43.832 0.0000000000
34734  16.502  -34.275  43.791 0.0000000000
36301  22.788  -32.633  45.642 0.0000000000
36314  23.185  -32.505  44.979 0.0000000000
36341  22.045  -31.720  43.331 0.0000000000
37084  21.779  -31.710  42.594 0.0000000000
36357  21.041  -31.969  42.131 0.0000000000
48602  39.891  -16.384  31.616 0.0000000000
49356  40.114  -16.056  31.316 0.0000000000
50208  37.803  -15.086  28.464 0.0000000000
89712  16.681  -34.013  50.100 0.0000000000
34691  14.497  -35.534  50.951 0.0000000000
34703  14.659  -34.918  50.013 0.0000000000
32218  10.922  -38.684  54.459 0.0000000000
32223  11.102  -38.533  53.671 0.0000000000
31469  9.258  -39.289  51.856 0.0000000000
31472  9.888  -38.861  50.775 0.0000000000
30737  8.749  -39.673  50.919 0.0000000000
30748  8.212  -40.392  50.372 0.0000000000
29944  6.857  -40.998  53.063 0.0000000000
29952  6.774  -42.005  52.725 0.0000000000
38582  35.751  -30.770  40.091 0.0000000000
37870  35.155  -31.259  38.849 0.0000000000
37134  34.597  -32.342  39.003 0.0000000000
36407  33.884  -32.400  38.082 0.0000000000
37830  27.250  -30.354  41.986 0.0000000000
104675  27.867  -30.297  41.378 0.0000000000
37844  28.965  -30.302  40.533 0.0000000000
37114  30.591  -31.179  40.571 0.0000000000
37856  29.904  -30.704  40.081 0.0000000000
91869  30.146  -30.991  39.331 0.0000000000
105173  29.634  -30.683  39.521 0.0000000000
38598  28.609  -30.205  38.250 0.0000000000
42556  32.238  -25.557  35.824 0.0000000000
43282  32.181  -24.972  35.239 0.0000000000
42575  31.212  -25.875  34.271 0.0000000000
54928  48.146  -9.282  23.780 0.0000000000
55715  48.560  -8.714  22.139 0.0000000000
47875  37.795  -17.509  31.486 0.0000000000
47876  37.157  -17.737  31.288 0.0000000000
47110  36.375  -18.153  31.022 0.0000000000
47072  35.938  -18.822  33.299 0.0000000000
47081  35.776  -18.676  32.366 0.0000000000
46336  34.099  -19.582  30.553 0.0000000000
47112  34.565  -18.977  30.172 0.0000000000
47824  39.021  -18.347  35.583 0.0000000000
47837  38.992  -18.276  33.320 0.0000000000
47836  39.393  -17.532  34.080 0.0000000000
48580  40.234  -16.954  32.809 0.0000000000
47861  38.123  -17.773  32.139 0.0000000000
36285  28.269  -32.184  47.091 0.0000000000
37050  27.070  -31.999  45.488 0.0000000000
37059  27.614  -31.666  45.114 0.0000000000
98157  26.913  -31.694  44.729 0.0000000000
37062  23.561  -32.052  44.405 0.0000000000
37061  24.404  -31.929  44.511 0.0000000000
99804  25.424  -31.310  43.525 0.0000000000
37804  26.077  -31.173  43.510 0.0000000000
37815  26.564  -30.676  42.781 0.0000000000
93266  20.881  -32.760  40.227 0.0000000000
53300  43.729  -11.477  31.210 0.0000000000
53317  44.292  -11.467  29.615 0.0000000000
100045  44.625  -11.224  29.074 0.0000000000
53321  44.630  -11.333  28.307 0.0000000000
52544  42.419  -12.421  26.444 0.0000000000
95807  43.119  -12.227  27.047 0.0000000000
53340  45.493  -11.165  26.698 0.0000000000
93299  45.189  -11.158  24.947 0.0000000000
54120  46.909  -10.682  25.553 0.0000000000
35520  20.590  -33.027  46.371 0.0000000000
107622  20.531  -33.808  48.780 0.0000000000
35482  19.739  -33.599  48.796 0.0000000000
35483  18.775  -33.521  48.735 0.0000000000
34710  19.320  -33.757  49.343 0.0000000000
34697  20.888  -34.486  49.663 0.0000000000
95954  20.190  -34.131  50.526 0.0000000000
107427  18.847  -34.057  50.080 0.0000000000
34678  18.796  -33.732  51.428 0.0000000000
36264  28.596  -32.660  48.542 0.0000000000
35496  23.955  -33.800  47.628 0.0000000000
35506  24.398  -33.513  47.016 0.0000000000
35518  22.428  -32.772  46.286 0.0000000000
47895  35.821  -17.737  29.399 0.0000000000
51757  41.981  -12.658  29.991 0.0000000000
51768  39.844  -13.749  27.895 0.0000000000
51766  41.199  -12.977  28.631 0.0000000000
51778  40.263  -13.424  27.320 0.0000000000
102179  19.146  -32.999  46.083 0.0000000000
34725  16.220  -33.693  45.978 0.0000000000
34726  15.490  -34.054  46.349 0.0000000000
92349  15.834  -34.319  49.097 0.0000000000
33901  14.372  -34.837  47.337 0.0000000000
104062  15.368  -34.537  47.846 0.0000000000
34727  14.800  -34.447  46.716 0.0000000000
33905  14.378  -35.055  45.843 0.0000000000
33903  13.184  -36.023  47.194 0.0000000000
33907  13.372  -36.092  46.287 0.0000000000
94270  12.416  -37.137  45.916 0.0000000000
33037  13.028  -36.759  52.218 0.0000000000
33040  13.119  -36.581  51.361 0.0000000000
91246  13.782  -35.999  51.124 0.0000000000
33042  11.610  -37.537  51.599 0.0000000000
33048  11.532  -37.636  49.719 0.0000000000
33895  12.534  -36.475  49.932 0.0000000000
33047  12.088  -37.078  49.326 0.0000000000
33051  12.165  -37.073  48.372 0.0000000000
29193  6.006  -42.309  54.154 0.0000000000
29183  5.717  -42.087  55.127 0.0000000000
88940  35.176  -22.716  37.330 0.0000000000
43257  33.894  -24.838  37.139 0.0000000000
41773  33.429  -26.378  37.413 0.0000000000
41001  32.909  -27.503  37.132 0.0000000000
40238  34.065  -29.297  37.376 0.0000000000
40240  33.139  -28.534  36.679 0.0000000000
37896  33.775  -31.226  36.661 0.0000000000
37917  33.622  -31.229  35.761 0.0000000000
103609  31.308  -32.925  33.576 0.0000000000
36294  29.991  -31.861  46.271 0.0000000000
37056  30.864  -31.191  44.013 0.0000000000
99803  30.199  -30.769  42.566 0.0000000000
37078  31.044  -31.140  41.673 0.0000000000
36355  31.923  -32.224  41.264 0.0000000000
36339  32.210  -31.791  42.152 0.0000000000
36324  32.285  -31.842  43.338 0.0000000000
89355  33.425  -32.222  42.624 0.0000000000
104499  33.084  -32.951  40.828 0.0000000000
36353  33.490  -32.668  41.338 0.0000000000
36369  33.539  -32.997  40.446 0.0000000000
89459  34.210  -32.959  39.872 0.0000000000
98008  33.099  -33.003  39.169 0.0000000000
36398  32.467  -32.700  38.580 0.0000000000
36408  32.597  -32.438  37.876 0.0000000000
36409  32.032  -32.498  37.855 0.0000000000
37871  30.119  -31.217  38.553 0.0000000000
37882  30.405  -31.704  37.882 0.0000000000
102564  31.218  -32.034  36.671 0.0000000000
37164  31.716  -32.322  36.999 0.0000000000
37165  31.516  -32.104  36.003 0.0000000000
37185  31.002  -32.016  35.086 0.0000000000
45546  35.712  -21.327  36.502 0.0000000000
45557  33.614  -21.582  34.567 0.0000000000
43291  31.906  -24.443  34.551 0.0000000000
44013  32.268  -23.653  34.423 0.0000000000
44035  31.265  -23.663  31.940 0.0000000000
44802  31.802  -23.008  32.937 0.0000000000
44814  31.716  -22.975  32.164 0.0000000000
44813  32.072  -22.317  32.541 0.0000000000
44822  31.978  -22.323  31.665 0.0000000000
56529  50.312  -7.149  21.819 0.0000000000
57329  50.765  -6.666  21.424 0.0000000000
54143  46.683  -10.295  23.059 0.0000000000
103993  36.007  -19.793  35.541 0.0000000000
36345  18.448  -33.490  42.637 0.0000000000
36316  21.798  -32.552  44.807 0.0000000000
36343  20.495  -32.277  42.557 0.0000000000
49366  38.866  -15.994  30.483 0.0000000000
34670  16.530  -34.739  52.418 0.0000000000
31470  8.580  -39.770  51.714 0.0000000000
30739  7.519  -40.730  51.697 0.0000000000
37855  35.410  -31.338  39.596 0.0000000000
37122  35.029  -31.792  39.406 0.0000000000
38573  28.039  -29.976  40.316 0.0000000000
38583  28.415  -29.971  39.199 0.0000000000
97932  31.946  -26.080  35.757 0.0000000000
41791  31.877  -26.732  35.572 0.0000000000
41026  31.500  -27.554  34.299 0.0000000000
54117  47.009  -10.599  26.377 0.0000000000
54116  47.599  -10.330  26.651 0.0000000000
47092  36.283  -18.171  31.687 0.0000000000
46318  35.051  -19.222  32.009 0.0000000000
46337  33.600  -20.531  30.224 0.0000000000
47832  38.325  -18.148  33.770 0.0000000000
47845  39.153  -18.307  32.989 0.0000000000
47846  38.555  -18.399  32.829 0.0000000000
34742  16.694  -34.581  42.834 0.0000000000
33924  13.907  -35.983  44.243 0.0000000000
102173  26.405  -32.048  45.199 0.0000000000
105152  24.037  -31.149  42.897 0.0000000000
99957  24.602  -30.805  42.465 0.0000000000
37834  23.710  -30.862  41.149 0.0000000000
37849  23.518  -31.118  40.220 0.0000000000
37115  22.826  -31.659  39.809 0.0000000000
39442  33.729  -30.253  34.084 0.0000000000
53310  43.842  -11.684  30.108 0.0000000000
106680  43.684  -11.804  28.396 0.0000000000
52543  43.356  -12.083  26.260 0.0000000000
53350  43.832  -11.829  25.692 0.0000000000
35510  20.831  -33.417  47.348 0.0000000000
35497  23.229  -33.655  47.700 0.0000000000
35508  22.817  -33.175  47.000 0.0000000000
35501  17.408  -33.520  47.666 0.0000000000
34714  15.398  -34.545  48.551 0.0000000000
33034  13.083  -37.000  53.155 0.0000000000
32234  10.946  -38.002  50.963 0.0000000000
32239  11.026  -38.131  50.085 0.0000000000
32270  11.074  -38.202  48.286 0.0000000000
42547  34.485  -25.545  38.113 0.0000000000
41772  34.041  -26.361  38.035 0.0000000000
39396  35.606  -30.084  39.272 0.0000000000
40210  35.559  -29.229  39.647 0.0000000000
97250  35.399  -29.622  38.899 0.0000000000
40222  35.216  -29.272  38.778 0.0000000000
40223  34.625  -29.189  38.201 0.0000000000
39416  33.726  -29.847  36.457 0.0000000000
37161  33.738  -31.478  37.029 0.0000000000
106576  29.910  -31.569  45.600 0.0000000000
36356  31.388  -32.031  41.025 0.0000000000
102335  32.239  -32.712  41.056 0.0000000000
36370  32.435  -32.893  40.665 0.0000000000
37883  29.802  -30.985  37.044 0.0000000000
37898  30.083  -31.240  36.005 0.0000000000
37919  30.243  -31.625  35.111 0.0000000000
43991  34.826  -22.475  36.640 0.0000000000
44782  34.372  -22.352  36.057 0.0000000000
44791  33.321  -22.589  34.883 0.0000000000
43298  30.790  -24.934  33.028 0.0000000000
103731  31.172  -24.346  33.314 0.0000000000
89874  31.031  -24.177  32.619 0.0000000000
55714  49.130  -8.197  22.719 0.0000000000
35540  17.356  -34.241  42.468 0.0000000000
36299  24.382  -32.699  45.880 0.0000000000
36327  22.417  -31.854  43.980 0.0000000000
37072  23.013  -31.701  43.681 0.0000000000
37083  22.493  -31.583  42.923 0.0000000000
37102  21.565  -31.836  41.773 0.0000000000
36373  20.900  -32.336  41.215 0.0000000000
52532  42.538  -12.476  27.485 0.0000000000
34696  21.593  -34.413  49.313 0.0000000000
34695  22.412  -34.427  49.604 0.0000000000
49338  40.984  -15.836  32.690 0.0000000000
49348  40.832  -15.758  32.210 0.0000000000
50179  41.180  -15.403  32.097 0.0000000000
50187  40.849  -15.187  31.505 0.0000000000
50196  39.803  -14.932  30.332 0.0000000000
34700  17.392  -33.697  49.966 0.0000000000
34701  16.071  -34.302  49.749 0.0000000000
34680  15.878  -34.659  51.681 0.0000000000
93070  15.499  -34.551  50.188 0.0000000000
32222  11.502  -38.267  53.212 0.0000000000
32227  10.300  -38.473  52.034 0.0000000000
32231  10.318  -38.384  51.272 0.0000000000
31488  9.889  -38.955  49.930 0.0000000000
30769  8.924  -40.207  49.010 0.0000000000
95680  35.723  -30.454  39.842 0.0000000000
38608  35.058  -30.630  37.926 0.0000000000
37146  34.777  -31.414  38.154 0.0000000000
37148  33.670  -31.856  37.374 0.0000000000
37813  28.431  -30.306  42.937 0.0000000000
37080  29.113  -30.469  43.371 0.0000000000
37828  29.601  -30.373  41.535 0.0000000000
100077  28.767  -30.266  41.155 0.0000000000
37098  30.487  -30.804  41.113 0.0000000000
37124  31.054  -32.029  39.728 0.0000000000
38609  29.093  -30.274  36.798 0.0000000000
41792  31.710  -25.870  35.205 0.0000000000
43292  31.242  -24.935  33.871 0.0000000000
47885  36.828  -17.720  30.743 0.0000000000
47080  36.611  -18.409  32.650 0.0000000000
96258  34.943  -19.123  31.417 0.0000000000
48595  39.292  -16.889  31.985 0.0000000000
48604  38.247  -17.028  31.115 0.0000000000
36273  29.454  -32.414  47.849 0.0000000000
94642  29.148  -31.930  46.711 0.0000000000
37069  27.747  -31.214  44.598 0.0000000000
36312  24.795  -32.275  45.276 0.0000000000
93915  24.967  -31.622  43.895 0.0000000000
37070  26.435  -31.494  44.116 0.0000000000
37832  25.333  -30.587  41.845 0.0000000000
98126  25.983  -30.480  41.250 0.0000000000
95498  25.480  -30.093  39.333 0.0000000000
37128  21.574  -32.470  39.745 0.0000000000
54104  45.889  -10.866  28.384 0.0000000000
53322  44.031  -11.643  27.964 0.0000000000
89854  45.230  -11.107  28.035 0.0000000000
54112  46.482  -10.699  27.870 0.0000000000
53347  46.166  -10.822  26.138 0.0000000000
36304  20.011  -32.834  45.448 0.0000000000
92937  20.193  -34.229  49.952 0.0000000000
34698  19.285  -34.021  49.738 0.0000000000
34699  18.312  -33.731  49.784 0.0000000000
93813  17.438  -34.557  52.278 0.0000000000
36262  30.335  -32.151  48.202 0.0000000000
98479  29.743  -32.430  48.009 0.0000000000
36275  27.291  -32.790  48.095 0.0000000000
36288  25.539  -33.149  46.564 0.0000000000
35505  25.073  -33.533  47.030 0.0000000000
36289  24.809  -33.206  46.481 0.0000000000
36302  22.109  -32.678  45.509 0.0000000000
99420  21.422  -32.718  45.236 0.0000000000
48614  36.269  -16.962  29.217 0.0000000000
52508  43.153  -11.845  30.726 0.0000000000
52503  42.700  -12.365  31.178 0.0000000000
51009  40.715  -13.720  30.261 0.0000000000
104572  40.643  -13.347  29.335 0.0000000000
35521  18.139  -33.166  45.034 0.0000000000
34712  16.696  -33.840  48.635 0.0000000000
34722  16.147  -34.198  47.996 0.0000000000
101877  13.818  -35.541  46.047 0.0000000000
33925  13.683  -36.403  44.934 0.0000000000
33882  14.280  -35.805  51.576 0.0000000000
33894  13.230  -35.907  49.664 0.0000000000
32221  12.009  -37.956  53.166 0.0000000000
93542  12.084  -37.304  50.945 0.0000000000
33891  12.583  -36.867  50.793 0.0000000000
33050  12.627  -36.443  47.868 0.0000000000
33062  12.520  -36.624  47.121 0.0000000000
32286  12.120  -37.215  46.606 0.0000000000
29201  5.908  -43.173  53.872 0.0000000000
43992  34.440  -23.258  36.973 0.0000000000
43266  33.383  -24.795  36.486 0.0000000000
42555  32.809  -25.526  36.373 0.0000000000
40987  34.176  -27.343  38.369 0.0000000000
40254  32.996  -29.248  34.884 0.0000000000
37936  34.174  -31.089  33.885 0.0000000000
106674  33.653  -30.892  35.581 0.0000000000
37948  33.800  -31.795  33.111 0.0000000000
37234  32.525  -32.962  32.849 0.0000000000
90201  31.575  -31.778  46.541 0.0000000000
36309  32.947  -31.956  44.640 0.0000000000
36323  32.869  -32.145  43.536 0.0000000000
36352  34.259  -32.551  41.445 0.0000000000
36383  34.742  -32.429  40.268 0.0000000000
92505  34.080  -32.939  38.948 0.0000000000
37149  31.568  -32.365  37.847 0.0000000000
37208  30.973  -32.570  34.173 0.0000000000
46283  35.850  -20.586  36.029 0.0000000000
45555  35.204  -20.706  35.427 0.0000000000
45547  34.774  -21.555  35.701 0.0000000000
45564  34.025  -20.684  34.169 0.0000000000
45576  33.094  -21.047  32.518 0.0000000000
44012  32.861  -23.301  34.867 0.0000000000
44792  32.622  -22.914  34.208 0.0000000000
44023  31.445  -23.689  33.193 0.0000000000
45566  32.636  -21.781  33.043 0.0000000000
106494  47.522  -9.674  22.549 0.0000000000
