#!ascii label  , from subject OASIS_0001 vox2ras=TkReg
1950
25808  6.954  -47.448  54.681 0.1111110002
25818  6.838  -48.465  54.062 0.1111110002
25067  6.408  -49.250  53.642 0.2222220004
24231  5.869  -49.749  54.563 0.4444440007
27768  9.389  -44.286  54.524 0.1111110002
27210  7.979  -45.387  54.867 0.1111110002
26584  7.954  -46.185  54.033 0.1111110002
105807  9.839  -44.228  53.639 0.1111110002
27769  8.747  -45.035  54.146 0.1111110002
26585  7.407  -46.752  54.293 0.1111110002
28443  10.964  -43.471  53.474 0.2222220004
28450  10.668  -43.965  52.594 0.2222220004
27774  9.357  -44.808  53.454 0.1111110002
93100  8.416  -45.704  53.835 0.1111110002
25066  6.844  -48.395  53.160 0.3333329856
25081  6.401  -48.908  52.934 0.4444440007
24237  5.491  -49.832  53.850 0.4444440007
25068  5.212  -49.379  53.332 0.4444440007
24238  3.900  -49.667  54.046 0.4444440007
24239  2.960  -49.892  54.001 0.2222220004
25817  7.294  -47.539  53.463 0.1111110002
27779  9.956  -44.493  52.743 0.2222220004
26591  8.280  -46.279  52.992 0.1111110002
28466  10.962  -43.495  50.978 0.2222220004
27786  10.456  -44.599  51.846 0.2222220004
27218  8.850  -45.512  53.180 0.2222220004
25828  6.448  -48.026  52.471 0.4444440007
28474  11.361  -43.333  50.028 0.2222220004
25083  5.262  -48.599  52.939 0.4444440007
25070  3.185  -49.057  53.992 0.3333329856
24240  2.375  -49.803  53.398 0.3333329856
97589  2.330  -49.357  52.051 0.2222220004
26592  7.748  -46.738  53.442 0.1111110002
25827  7.201  -47.590  52.626 0.4444440007
28458  10.912  -43.872  51.814 0.2222220004
27227  9.398  -45.571  51.590 0.2222220004
25837  6.881  -47.254  52.025 0.4444440007
29239  11.666  -42.798  48.495 0.2222220004
28483  11.313  -43.256  49.076 0.2222220004
27787  10.075  -45.164  51.072 0.3333329856
27233  9.238  -45.540  50.753 0.3333329856
27228  8.636  -46.004  51.270 0.3333329856
25838  6.183  -47.274  52.044 0.5555559993
25829  5.675  -47.772  52.498 0.5555559993
29249  11.531  -42.669  47.505 0.2222220004
97259  10.710  -44.096  50.209 0.2222220004
27799  10.224  -44.602  49.531 0.3333329856
26608  5.819  -46.772  52.010 0.5555559993
25830  4.656  -47.821  53.171 0.4444440007
30023  12.204  -41.910  46.188 0.2222220004
106238  2.187  -49.150  53.304 0.4444440007
24265  2.352  -50.132  51.171 0.1111110002
26599  8.108  -46.605  51.901 0.4444440007
26606  7.235  -46.703  51.536 0.5555559993
27793  9.731  -45.090  50.178 0.3333329856
26605  7.696  -46.183  51.037 0.5555559993
26607  6.428  -46.677  51.637 0.5555559993
28484  10.678  -43.477  48.548 0.3333329856
27806  10.248  -44.005  48.921 0.2222220004
27794  7.808  -44.970  50.132 0.5555559993
27795  7.110  -44.665  50.553 0.5555559993
26601  5.298  -47.031  52.591 0.5555559993
28485  9.831  -43.755  48.281 0.3333329856
27808  8.815  -44.359  48.833 0.5555559993
28477  7.430  -43.587  49.439 0.6666669846
27224  5.427  -46.091  52.379 0.6666669846
26594  3.838  -47.137  54.115 0.6666669846
25810  2.782  -47.305  54.598 0.5555559993
29266  10.678  -42.024  46.497 0.4444440007
26593  4.782  -46.681  53.287 0.7777780294
25101  2.691  -49.039  51.204 0.1111110002
106033  12.213  -40.933  44.916 0.6666669846
30038  11.671  -41.291  45.484 0.3333329856
105178  2.023  -48.728  52.738 0.2222220004
25091  2.147  -48.643  51.901 0.2222220004
27229  6.819  -46.056  51.231 0.5555559993
27230  6.049  -46.017  51.603 0.5555559993
27796  6.695  -44.257  51.019 0.5555559993
27789  5.921  -45.288  51.924 0.5555559993
28492  10.143  -43.106  47.840 0.5555559993
28494  8.761  -43.061  47.765 0.6666669846
99713  8.281  -43.356  48.159 0.6666669846
28467  7.048  -43.839  50.330 0.5555559993
97084  4.970  -45.809  53.281 0.6666669846
26586  3.258  -46.513  54.802 0.5555559993
29267  9.984  -41.919  46.797 0.5555559993
30008  9.220  -41.730  47.178 0.7777780294
100523  8.201  -42.021  47.932 0.8888890147
91127  2.237  -48.284  53.655 0.4444440007
30810  12.759  -40.482  44.344 0.6666669846
30039  10.835  -40.940  45.688 0.7777780294
30025  10.394  -41.384  46.246 0.7777780294
29242  7.735  -42.116  48.604 0.8888890147
29230  7.321  -42.616  49.357 0.7777780294
29222  7.005  -43.009  50.111 0.8888890147
30026  9.741  -41.173  46.676 0.8888890147
29979  7.459  -41.814  49.539 0.8888890147
96709  7.161  -42.289  50.047 0.8888890147
30811  11.362  -40.483  45.177 0.6666669846
30812  10.769  -40.139  45.662 0.7777780294
29996  8.279  -41.486  48.293 0.8888890147
30823  14.063  -40.152  43.714 0.6666669846
30819  11.876  -40.094  44.565 0.6666669846
31526  9.563  -40.053  47.677 0.8888890147
30783  9.034  -40.463  48.170 0.8888890147
30793  9.184  -40.903  47.390 0.8888890147
30794  8.745  -41.066  48.023 0.8888890147
30770  8.349  -40.614  49.468 0.7777780294
31546  11.283  -39.663  45.142 0.7777780294
30801  10.307  -40.667  46.201 0.8888890147
29978  7.967  -41.299  49.053 0.8888890147
31564  14.476  -39.704  43.208 0.7777780294
31566  13.006  -39.149  43.672 0.7777780294
31570  16.390  -39.421  42.538 0.7777780294
31571  14.826  -39.229  42.490 0.7777780294
32331  14.080  -38.996  42.942 0.7777780294
30769  8.924  -40.207  49.010 0.6666669846
31538  10.460  -39.909  46.388 0.8888890147
31525  10.241  -39.647  47.266 0.8888890147
96200  9.987  -39.325  48.093 0.7777780294
32317  12.503  -38.591  44.322 0.7777780294
32304  11.508  -38.857  45.442 0.8888890147
32344  18.221  -38.936  42.374 0.5555559993
32345  17.332  -39.125  42.332 0.7777780294
93462  15.627  -39.111  42.064 0.7777780294
32347  14.814  -38.324  41.906 0.7777780294
32332  13.461  -38.663  43.312 0.7777780294
105634  17.801  -38.830  41.905 0.6666669846
32362  17.381  -38.659  41.449 0.7777780294
32364  15.567  -38.421  41.574 0.7777780294
33151  23.610  -37.629  42.576 0.3333329856
32303  11.986  -37.965  45.880 0.8888890147
32287  11.389  -38.491  46.403 0.8888890147
90579  11.175  -38.349  47.363 0.8888890147
33139  19.969  -38.285  42.694 0.4444440007
32329  19.461  -38.776  43.218 0.3333329856
105795  12.997  -38.306  43.781 0.7777780294
33079  11.630  -37.750  47.031 0.8888890147
96166  19.078  -38.651  42.264 0.4444440007
33157  14.185  -37.446  42.613 0.8888890147
94856  18.261  -38.620  41.516 0.7777780294
32363  15.852  -38.069  41.040 0.7777780294
32343  18.991  -38.345  41.431 0.7777780294
32361  18.559  -38.180  40.808 0.7777780294
32374  17.700  -38.179  40.703 0.7777780294
33135  23.178  -37.837  43.349 0.3333329856
33136  22.333  -37.869  43.380 0.2222220004
33115  21.850  -38.094  44.032 0.3333329856
102577  24.346  -36.945  41.330 0.4444440007
33952  24.023  -37.315  41.868 0.4444440007
33138  20.774  -38.042  43.031 0.3333329856
33153  21.396  -37.818  42.449 0.4444440007
33063  12.103  -37.106  47.487 0.7777780294
33064  11.606  -37.684  47.897 0.7777780294
32253  10.529  -38.701  48.658 0.6666669846
94765  24.243  -36.832  40.658 0.5555559993
33154  20.546  -37.899  42.131 0.5555559993
33118  13.029  -37.704  44.325 0.8888890147
33096  12.625  -37.685  45.176 0.8888890147
32286  12.120  -37.215  46.606 0.7777780294
101833  24.193  -36.749  39.885 0.5555559993
33155  19.687  -38.039  41.814 0.6666669846
33117  13.492  -36.962  44.267 0.8888890147
33189  16.919  -37.570  40.374 0.7777780294
107166  16.227  -37.607  40.719 0.8888890147
33174  15.259  -37.686  41.509 0.7777780294
33954  14.607  -36.664  42.480 0.8888890147
33172  19.310  -37.976  40.904 0.7777780294
33187  18.254  -37.879  40.288 0.7777780294
33152  22.745  -37.703  42.629 0.3333329856
92074  22.031  -37.768  42.741 0.5555559993
33967  23.638  -37.100  41.175 0.4444440007
33953  23.156  -37.431  41.864 0.5555559993
33169  22.179  -37.575  41.881 0.5555559993
33078  12.745  -36.570  46.445 0.7777780294
33968  22.785  -37.288  41.028 0.5555559993
33170  21.230  -37.627  41.516 0.5555559993
33925  13.683  -36.403  44.934 0.8888890147
33915  13.549  -36.224  45.524 0.7777780294
94270  12.416  -37.137  45.916 0.7777780294
33982  24.909  -36.569  40.156 0.5555559993
33983  23.402  -36.986  40.192 0.5555559993
33984  22.437  -37.182  40.108 0.5555559993
33969  21.892  -37.376  40.864 0.5555559993
33939  14.791  -35.697  42.828 0.8888890147
33924  13.907  -35.983  44.243 0.8888890147
34766  25.581  -36.217  39.554 0.5555559993
33997  24.681  -36.411  39.142 0.6666669846
33998  23.748  -36.720  39.196 0.6666669846
33999  22.803  -36.879  39.135 0.6666669846
97203  22.048  -37.031  39.370 0.7777780294
33986  20.796  -37.270  39.647 0.7777780294
106670  20.336  -37.496  40.208 0.7777780294
33173  15.682  -37.185  41.113 0.8888890147
33971  15.135  -36.585  41.886 0.8888890147
33940  14.216  -36.203  43.220 0.8888890147
100471  26.000  -35.360  38.458 0.6666669846
34791  24.613  -35.762  38.099 0.6666669846
34780  24.055  -36.330  38.461 0.6666669846
34014  23.329  -36.477  38.272 0.6666669846
34000  21.308  -36.980  38.847 0.7777780294
33185  19.990  -37.277  39.549 0.7777780294
33197  19.120  -37.444  39.517 0.7777780294
34004  17.722  -36.722  39.504 0.7777780294
33987  16.996  -36.734  40.037 0.7777780294
34042  29.814  -36.132  36.873 0.5555559993
34819  29.212  -35.775  36.714 0.5555559993
34820  28.587  -35.314  36.418 0.7777780294
35580  27.928  -34.912  36.966 0.6666669846
35581  27.150  -34.646  37.315 0.6666669846
35583  25.687  -34.421  37.429 0.6666669846
35572  25.344  -35.132  37.788 0.6666669846
34805  24.171  -34.753  37.098 0.6666669846
34792  23.777  -35.846  37.619 0.7777780294
35596  26.719  -33.913  36.749 0.7777780294
36410  25.925  -33.750  36.878 0.6666669846
36411  25.139  -33.628  37.057 0.7777780294
33914  13.943  -35.689  45.249 0.8888890147
33923  14.568  -35.394  43.866 0.8888890147
104362  22.065  -36.856  38.642 0.6666669846
33970  15.783  -36.153  41.528 0.8888890147
33938  15.547  -35.503  42.481 0.8888890147
102902  31.456  -36.766  36.197 0.5555559993
34041  30.465  -36.466  36.541 0.5555559993
34793  22.923  -35.940  37.405 0.6666669846
34015  22.490  -36.529  38.037 0.7777780294
34016  20.674  -36.426  38.014 0.7777780294
34017  19.794  -36.341  38.161 0.7777780294
34003  18.594  -36.706  39.056 0.7777780294
34768  17.263  -35.769  39.865 0.8888890147
34769  16.721  -36.057  40.514 0.8888890147
34818  29.817  -36.014  35.993 0.5555559993
106373  29.075  -35.681  35.958 0.8888890147
34830  28.752  -35.124  35.566 0.8888890147
35595  27.423  -34.231  36.464 0.8888890147
98297  24.992  -34.299  37.327 0.6666669846
93610  24.459  -33.749  36.999 0.7777780294
34807  22.510  -35.154  36.957 0.8888890147
34795  20.198  -35.670  37.669 0.8888890147
34797  18.793  -35.734  38.580 0.8888890147
34767  18.057  -35.903  39.027 0.8888890147
35604  27.741  -33.936  35.499 0.8888890147
36423  27.031  -33.427  35.996 0.8888890147
36426  24.499  -32.861  36.864 0.8888890147
36412  23.613  -33.391  36.890 0.8888890147
36424  26.232  -32.947  36.213 0.8888890147
36425  25.395  -32.836  36.574 0.8888890147
33913  14.509  -35.259  44.913 0.8888890147
34743  15.345  -35.002  43.521 0.8888890147
34736  15.119  -34.786  44.557 0.8888890147
34758  16.335  -35.710  41.252 0.8888890147
98670  16.027  -34.861  43.217 0.8888890147
34058  30.665  -36.309  35.610 0.6666669846
34808  21.609  -34.997  37.095 0.8888890147
100265  21.089  -35.736  37.461 0.8888890147
35553  17.891  -34.935  39.622 0.8888890147
35554  17.492  -34.712  40.495 0.8888890147
34057  31.427  -36.409  35.111 0.8888890147
102046  30.791  -36.010  34.885 0.8888890147
34829  29.408  -35.531  35.286 0.8888890147
36413  22.711  -33.485  37.008 0.8888890147
35585  22.217  -34.259  36.979 0.8888890147
34809  20.741  -34.905  37.413 0.8888890147
35573  19.910  -34.795  37.881 0.7777780294
35574  19.174  -35.004  38.490 0.8888890147
35563  18.560  -35.045  39.039 0.7777780294
34851  29.747  -35.254  34.519 0.8888890147
35602  29.052  -34.855  34.717 0.8888890147
36432  27.445  -33.108  35.072 0.8888890147
37900  25.440  -31.248  36.160 0.7777780294
37901  24.838  -31.890  36.534 0.7777780294
37151  23.956  -32.229  36.938 0.8888890147
36433  26.728  -32.551  35.537 0.8888890147
37166  26.217  -32.114  35.710 0.8888890147
37167  25.701  -32.070  36.087 0.8888890147
34735  15.839  -34.580  44.216 0.7777780294
34731  14.965  -34.613  45.600 0.4444440007
34742  16.694  -34.581  42.834 0.7777780294
34037  35.386  -37.258  36.027 0.4444440007
33229  34.554  -37.570  36.213 0.5555559993
94773  33.000  -37.105  35.686 0.5555559993
34751  16.768  -34.867  41.896 0.8888890147
34055  33.603  -36.846  35.186 0.5555559993
36390  19.326  -33.956  39.469 0.7777780294
35552  18.632  -34.202  39.720 0.7777780294
34074  32.242  -36.335  34.486 0.8888890147
37153  22.423  -32.887  37.424 0.8888890147
36400  21.759  -33.093  37.765 0.8888890147
36401  21.034  -33.371  38.172 0.7777780294
36402  20.258  -33.740  38.485 0.7777780294
105736  30.781  -35.126  33.878 0.8888890147
35621  29.441  -34.497  34.043 0.8888890147
36453  28.660  -33.261  34.087 0.7777780294
37186  27.305  -32.186  34.863 0.7777780294
37923  26.754  -30.927  35.346 0.7777780294
37885  24.294  -31.426  36.921 0.7777780294
37886  23.729  -31.825  37.351 0.7777780294
37152  23.166  -32.601  37.298 0.7777780294
37137  22.706  -32.298  37.839 0.8888890147
37899  26.078  -31.231  35.693 0.7777780294
34734  16.502  -34.275  43.791 0.5555559993
34729  16.338  -34.010  44.829 0.4444440007
34036  36.748  -36.922  36.179 0.2222220004
98579  36.112  -37.083  35.878 0.3333329856
35530  17.250  -33.965  43.324 0.5555559993
34053  35.666  -36.728  35.394 0.5555559993
34038  34.615  -36.918  35.456 0.5555559993
35539  17.984  -33.869  42.138 0.4444440007
36375  19.395  -33.531  40.276 0.6666669846
35547  18.053  -34.011  41.205 0.7777780294
34073  33.229  -36.437  34.411 0.7777780294
34848  32.807  -35.830  33.812 0.8888890147
37139  21.553  -32.639  38.709 0.7777780294
36388  20.798  -32.920  39.106 0.7777780294
34864  31.439  -34.944  33.403 0.8888890147
35636  30.647  -34.414  33.443 0.8888890147
37210  29.431  -32.875  33.879 0.7777780294
37921  28.506  -31.409  34.617 0.7777780294
38646  26.918  -30.447  35.584 0.7777780294
103918  26.520  -29.932  36.504 0.7777780294
38613  25.295  -30.239  37.298 0.7777780294
93697  24.110  -31.277  37.549 0.7777780294
37873  23.775  -31.386  38.245 0.7777780294
37126  22.693  -31.898  38.675 0.6666669846
37071  23.995  -31.569  43.635 0.3333329856
37072  23.013  -31.701  43.681 0.2222220004
36328  21.717  -32.041  44.026 0.1111110002
94601  21.140  -32.476  44.396 0.1111110002
36318  19.662  -32.720  44.552 0.1111110002
36319  18.785  -33.038  44.249 0.2222220004
37815  26.564  -30.676  42.781 0.1111110002
37816  25.557  -30.825  42.796 0.3333329856
37082  23.311  -31.412  42.904 0.3333329856
37084  21.779  -31.710  42.594 0.2222220004
36342  21.352  -31.893  43.013 0.2222220004
91483  19.922  -32.528  43.072 0.1111110002
36344  19.078  -33.008  42.774 0.2222220004
36330  18.581  -33.262  43.320 0.2222220004
35525  17.157  -33.696  44.373 0.2222220004
34816  37.926  -35.943  36.085 0.2222220004
34052  36.472  -36.466  35.553 0.2222220004
37830  27.250  -30.354  41.986 0.1111110002
37831  26.263  -30.524  41.930 0.2222220004
99957  24.602  -30.805  42.465 0.3333329856
98249  22.120  -31.611  42.231 0.2222220004
36343  20.495  -32.277  42.557 0.2222220004
35529  17.980  -33.769  42.950 0.3333329856
34824  37.665  -35.497  35.445 0.3333329856
34825  36.880  -35.733  35.199 0.4444440007
34826  36.044  -35.974  35.015 0.4444440007
37844  28.965  -30.302  40.533 0.1111110002
104675  27.867  -30.297  41.378 0.2222220004
98126  25.983  -30.480  41.250 0.2222220004
37847  25.178  -30.541  40.959 0.3333329856
37099  23.636  -31.009  42.084 0.2222220004
37101  22.143  -31.621  41.450 0.2222220004
37102  21.565  -31.836  41.773 0.2222220004
36358  20.262  -32.521  41.655 0.2222220004
36359  19.443  -33.081  41.244 0.3333329856
35538  18.739  -33.399  41.865 0.4444440007
36345  18.448  -33.490  42.637 0.3333329856
34827  35.155  -36.235  34.827 0.6666669846
37897  30.627  -31.632  36.857 0.5555559993
93934  29.791  -31.020  37.982 0.4444440007
38598  28.609  -30.205  38.250 0.4444440007
38583  28.415  -29.971  39.199 0.4444440007
38575  25.969  -30.134  40.464 0.4444440007
37858  24.929  -30.331  40.004 0.5555559993
37849  23.518  -31.118  40.220 0.4444440007
37100  22.856  -31.147  41.081 0.4444440007
37117  21.550  -32.153  40.832 0.3333329856
93266  20.881  -32.760  40.227 0.5555559993
36374  20.116  -32.844  40.694 0.5555559993
34845  35.635  -35.600  34.330 0.6666669846
34847  33.732  -35.810  33.944 0.7777780294
37185  31.002  -32.016  35.086 0.7777780294
37883  29.802  -30.985  37.044 0.6666669846
38597  29.185  -30.494  37.695 0.6666669846
38599  27.660  -29.730  38.322 0.5555559993
38585  26.424  -29.717  39.530 0.6666669846
95498  25.480  -30.093  39.333 0.6666669846
37859  24.140  -30.901  39.370 0.5555559993
37115  22.826  -31.659  39.809 0.5555559993
37127  22.159  -32.104  39.241 0.4444440007
35619  36.058  -34.970  33.928 0.7777780294
34860  35.118  -35.062  33.685 0.7777780294
34863  32.391  -35.118  33.257 0.8888890147
92881  31.248  -34.010  32.961 0.8888890147
37225  30.276  -33.078  33.723 0.7777780294
37938  29.516  -31.895  34.307 0.7777780294
38629  28.388  -30.172  36.110 0.7777780294
38610  28.233  -29.901  37.231 0.6666669846
92971  26.763  -29.693  37.997 0.6666669846
38601  25.027  -30.375  38.293 0.7777780294
37860  23.335  -31.462  39.058 0.5555559993
34861  34.203  -35.107  33.504 0.8888890147
35633  33.752  -34.484  32.904 0.8888890147
35635  32.032  -34.321  32.814 0.8888890147
35593  38.408  -35.102  35.784 0.1111110002
35601  37.348  -35.005  34.731 0.4444440007
34844  36.493  -35.384  34.534 0.4444440007
35629  37.336  -34.366  34.048 0.5555559993
35618  36.775  -34.825  34.174 0.5555559993
35631  35.616  -34.534  33.213 0.7777780294
105614  30.810  -33.094  33.505 0.7777780294
103609  31.308  -32.925  33.576 0.7777780294
35632  34.652  -34.540  33.030 0.8888890147
35644  33.304  -33.930  32.544 0.8888890147
36466  31.990  -33.545  32.799 0.8888890147
37223  31.905  -32.975  33.189 0.7777780294
35592  39.057  -34.197  35.785 0.2222220004
35599  38.484  -34.449  35.241 0.4444440007
35600  38.015  -34.865  35.160 0.4444440007
37164  31.716  -32.322  36.999 0.3333329856
36430  38.687  -33.706  34.949 0.4444440007
35617  38.069  -34.298  34.621 0.4444440007
90043  32.105  -32.281  36.139 0.5555559993
37184  31.736  -32.255  35.128 0.6666669846
37207  31.981  -32.519  34.143 0.5555559993
36464  37.171  -33.790  33.261 0.6666669846
35630  36.558  -34.455  33.523 0.6666669846
37222  32.895  -32.424  33.394 0.6666669846
36465  36.031  -33.877  32.750 0.6666669846
35643  34.294  -33.900  32.447 0.8888890147
37234  32.525  -32.962  32.849 0.7777780294
37233  33.423  -32.645  32.623 1.0000000000
36475  35.120  -33.591  32.177 0.8888890147
36483  34.991  -32.884  31.820 1.0000000000
104202  34.486  -33.263  32.148 1.0000000000
36476  33.767  -33.298  32.420 1.0000000000
36408  32.597  -32.438  37.876 0.2222220004
36429  39.312  -33.236  35.521 0.2222220004
36422  32.353  -32.320  37.097 0.3333329856
37163  32.804  -32.170  36.334 0.4444440007
37183  32.483  -32.279  35.341 0.4444440007
36450  38.473  -33.145  34.207 0.4444440007
37206  33.017  -32.084  34.569 0.6666669846
36463  37.921  -33.087  33.344 0.5555559993
37948  33.800  -31.795  33.111 0.8888890147
37947  34.014  -31.253  32.772 1.0000000000
37232  34.308  -32.561  32.086 1.0000000000
37955  34.021  -31.971  32.443 1.0000000000
37230  36.898  -32.847  32.363 1.0000000000
37231  35.945  -33.049  32.124 1.0000000000
36385  33.539  -33.055  39.706 0.1111110002
98008  33.099  -33.003  39.169 0.2222220004
36397  33.217  -32.615  38.360 0.2222220004
36421  33.151  -32.184  37.383 0.3333329856
37162  33.371  -31.831  36.585 0.4444440007
37182  33.237  -31.993  35.649 0.6666669846
37918  33.571  -31.583  35.168 0.6666669846
37179  39.549  -32.367  35.360 0.2222220004
37937  33.715  -31.579  34.074 0.6666669846
37180  39.030  -32.818  34.829 0.3333329856
37204  39.327  -32.007  34.636 0.3333329856
37936  34.174  -31.089  33.885 0.8888890147
37205  38.879  -32.443  34.235 0.5555559993
37221  38.532  -32.444  33.591 0.8888890147
38668  33.936  -30.751  32.375 1.0000000000
37229  37.609  -32.667  32.669 1.0000000000
37954  34.214  -31.558  31.813 1.0000000000
36473  37.319  -33.211  32.813 0.7777780294
37241  37.277  -32.317  32.177 1.0000000000
37242  36.520  -32.324  31.834 1.0000000000
37243  35.585  -32.315  31.570 1.0000000000
37244  34.807  -32.090  31.538 1.0000000000
37965  34.709  -31.419  31.126 1.0000000000
92505  34.080  -32.939  38.948 0.1111110002
99797  34.317  -32.352  38.508 0.1111110002
36407  33.884  -32.400  38.082 0.2222220004
37148  33.670  -31.856  37.374 0.3333329856
96562  33.823  -31.051  34.922 0.6666669846
37915  39.832  -31.396  35.253 0.2222220004
38664  33.998  -30.684  33.522 1.0000000000
37934  39.588  -31.177  34.273 0.2222220004
37935  39.064  -31.803  33.829 0.6666669846
37946  39.258  -30.919  33.336 0.7777780294
37228  38.546  -31.707  32.969 0.8888890147
101655  38.715  -30.903  32.502 1.0000000000
37952  38.165  -31.374  32.086 1.0000000000
100665  33.810  -30.314  32.085 1.0000000000
37953  37.860  -32.026  32.418 1.0000000000
37962  37.313  -31.682  31.653 1.0000000000
37963  36.163  -31.645  31.129 1.0000000000
37973  35.378  -31.241  30.787 1.0000000000
38688  34.762  -30.908  30.795 1.0000000000
38677  34.184  -30.776  31.335 1.0000000000
37134  34.597  -32.342  39.003 0.1111110002
37146  34.777  -31.414  38.154 0.2222220004
37895  34.430  -30.931  37.300 0.1111110002
37147  34.302  -31.842  37.859 0.3333329856
37160  34.375  -31.292  37.471 0.2222220004
37161  33.738  -31.478  37.029 0.4444440007
37896  33.775  -31.226  36.661 0.2222220004
37916  33.720  -30.796  36.318 0.4444440007
37181  33.536  -31.591  36.095 0.6666669846
37917  33.622  -31.229  35.761 0.6666669846
106674  33.653  -30.892  35.581 0.5555559993
38643  33.616  -30.528  35.462 0.5555559993
38652  33.881  -30.618  34.533 0.6666669846
38651  39.717  -30.287  33.945 0.3333329856
39442  33.729  -30.253  34.084 1.0000000000
38663  39.110  -30.166  32.762 0.6666669846
38667  38.642  -30.194  32.129 0.6666669846
97525  38.334  -30.779  31.903 0.7777780294
38674  38.157  -30.243  31.545 0.8888890147
38675  37.515  -30.236  31.079 1.0000000000
38685  36.921  -30.155  30.624 1.0000000000
38686  36.269  -30.347  30.425 1.0000000000
39450  33.757  -30.259  33.042 1.0000000000
39443  33.411  -29.845  33.503 1.0000000000
38676  36.880  -30.879  30.967 1.0000000000
37972  36.043  -30.978  30.636 1.0000000000
38687  35.399  -30.504  30.492 1.0000000000
92265  34.553  -30.291  30.757 1.0000000000
39459  33.922  -30.070  31.326 1.0000000000
39451  33.494  -29.828  32.251 1.0000000000
40265  32.929  -29.309  32.755 1.0000000000
39429  33.535  -30.231  34.966 0.7777780294
39441  39.410  -29.305  32.992 0.5555559993
39430  33.350  -29.848  34.511 0.8888890147
39449  38.927  -29.345  32.412 0.5555559993
39457  38.485  -29.468  31.753 0.6666669846
39470  37.264  -29.521  30.732 0.8888890147
39472  35.727  -29.764  30.193 1.0000000000
97720  35.012  -29.870  30.416 1.0000000000
39473  34.215  -29.578  30.587 1.0000000000
39460  33.413  -29.490  31.103 1.0000000000
40275  32.992  -29.215  31.756 1.0000000000
39423  33.776  -30.266  36.414 0.4444440007
39424  33.518  -30.118  35.727 0.4444440007
92862  33.021  -29.323  33.903 1.0000000000
41034  39.290  -27.531  32.953 0.2222220004
40264  39.210  -28.391  32.652 0.3333329856
40281  38.281  -28.782  31.431 0.6666669846
41045  38.875  -27.489  32.239 0.3333329856
97184  38.764  -28.510  31.956 0.4444440007
40282  37.657  -28.684  30.998 0.7777780294
39458  37.930  -29.519  31.222 0.7777780294
39471  36.505  -29.607  30.319 1.0000000000
41815  38.379  -25.992  32.214 0.3333329856
41046  38.266  -26.666  31.957 0.3333329856
40274  38.165  -27.719  31.497 0.4444440007
40283  36.833  -28.706  30.455 1.0000000000
93708  35.942  -28.903  30.111 1.0000000000
94609  35.057  -29.218  30.233 1.0000000000
39474  33.597  -29.041  30.627 1.0000000000
40266  32.345  -28.809  33.270 0.8888890147
41816  37.777  -26.040  31.731 0.3333329856
41051  37.559  -26.715  31.351 0.3333329856
92662  37.255  -27.673  30.843 0.8888890147
41063  36.211  -27.700  30.277 0.8888890147
40291  35.152  -28.283  30.201 1.0000000000
40292  34.255  -28.759  30.325 1.0000000000
40293  33.568  -28.353  30.542 1.0000000000
40284  32.918  -28.765  31.042 1.0000000000
40276  32.253  -28.558  31.962 1.0000000000
41821  37.137  -26.066  31.241 0.5555559993
41053  35.995  -26.685  30.522 1.0000000000
91401  34.291  -27.832  30.319 1.0000000000
105306  32.507  -28.229  31.293 1.0000000000
91794  31.474  -27.845  32.027 1.0000000000
41047  31.542  -28.163  32.781 0.8888890147
41035  31.788  -28.296  33.858 0.8888890147
41823  35.483  -26.171  30.618 1.0000000000
92686  34.436  -26.712  30.544 1.0000000000
41065  33.478  -26.788  30.697 1.0000000000
41054  32.932  -27.773  30.911 1.0000000000
41056  31.285  -27.159  31.741 1.0000000000
42593  36.846  -25.634  30.979 0.8888890147
41822  36.391  -26.037  30.836 0.8888890147
41066  32.618  -26.854  31.037 1.0000000000
41824  31.855  -26.830  31.323 1.0000000000
40248  33.381  -29.750  35.552 0.4444440007
40254  32.996  -29.248  34.884 0.7777780294
40255  32.485  -28.749  34.341 0.8888890147
43309  38.325  -25.144  31.903 0.2222220004
41805  38.945  -26.035  32.704 0.2222220004
99751  38.901  -26.651  32.557 0.2222220004
42588  38.596  -25.554  32.291 0.3333329856
42589  38.027  -25.560  31.860 0.3333329856
43316  38.158  -24.895  31.359 0.3333329856
42592  37.477  -25.636  31.402 0.3333329856
41806  30.669  -26.490  32.784 1.0000000000
41036  30.977  -26.812  33.665 0.8888890147
101282  31.187  -27.737  33.390 0.8888890147
43317  37.774  -25.219  31.426 0.4444440007
43318  37.253  -25.303  31.051 0.4444440007
42600  36.561  -25.203  30.638 0.7777780294
42594  36.098  -25.624  30.647 1.0000000000
41830  34.887  -25.963  30.543 1.0000000000
41831  34.084  -26.085  30.442 1.0000000000
41832  33.097  -26.107  30.664 1.0000000000
41833  32.167  -26.124  31.020 1.0000000000
42596  30.861  -25.857  31.796 1.0000000000
41817  30.805  -26.565  32.055 1.0000000000
42601  35.687  -25.294  30.391 1.0000000000
42602  34.801  -25.512  30.314 1.0000000000
42603  32.376  -25.334  30.388 1.0000000000
42595  31.063  -25.501  31.423 1.0000000000
41016  32.664  -28.076  36.117 0.5555559993
41024  32.683  -28.451  35.200 0.7777780294
43308  38.969  -25.093  32.398 0.1111110002
44041  38.975  -24.715  31.794 0.2222220004
41799  31.794  -27.377  35.001 0.7777780294
41025  32.093  -28.050  34.736 0.8888890147
41026  31.500  -27.554  34.299 0.8888890147
43325  37.422  -24.972  30.851 0.6666669846
42580  30.783  -25.766  33.378 0.8888890147
43310  30.940  -24.397  31.813 1.0000000000
43320  30.801  -25.143  31.816 1.0000000000
43298  30.790  -24.934  33.028 1.0000000000
43340  36.690  -24.889  30.331 0.6666669846
43327  35.020  -25.077  30.145 1.0000000000
97663  33.584  -25.491  30.094 1.0000000000
43330  31.663  -24.797  30.510 1.0000000000
43319  31.115  -24.730  31.079 1.0000000000
43342  34.414  -24.919  29.234 1.0000000000
43328  33.688  -24.832  29.371 1.0000000000
91547  32.886  -24.750  29.669 1.0000000000
43329  32.089  -24.460  29.990 1.0000000000
43307  39.556  -24.518  32.343 0.1111110002
41002  32.328  -27.104  36.308 0.6666669846
41017  32.201  -27.659  35.500 0.7777780294
41791  31.877  -26.732  35.572 0.7777780294
44051  38.875  -24.497  31.044 0.2222220004
42574  31.614  -25.200  34.623 0.7777780294
42575  31.212  -25.875  34.271 0.8888890147
41800  31.450  -26.712  34.724 0.7777780294
89874  31.031  -24.177  32.619 0.7777780294
43292  31.242  -24.935  33.871 0.6666669846
43324  38.120  -24.548  30.655 0.2222220004
44042  31.173  -23.854  31.145 1.0000000000
43311  30.767  -24.882  32.348 1.0000000000
98180  37.532  -24.600  30.131 0.4444440007
44053  31.500  -24.125  30.483 1.0000000000
43341  35.244  -24.954  29.373 0.8888890147
41001  32.909  -27.503  37.132 0.4444440007
42555  32.809  -25.526  36.373 0.3333329856
41781  32.251  -26.210  36.182 0.3333329856
44034  40.056  -23.947  32.211 0.1111110002
42556  32.238  -25.557  35.824 0.3333329856
97932  31.946  -26.080  35.757 0.6666669846
92807  39.775  -24.071  31.764 0.1111110002
41792  31.710  -25.870  35.205 0.4444440007
44040  39.500  -24.250  31.328 0.2222220004
44014  31.649  -24.047  33.842 0.4444440007
43291  31.906  -24.443  34.551 0.3333329856
43282  32.181  -24.972  35.239 0.3333329856
44035  31.265  -23.663  31.940 0.7777780294
93410  31.430  -23.479  32.588 0.5555559993
44844  31.677  -23.355  30.660 0.8888890147
99325  36.186  -24.972  29.300 0.8888890147
43362  34.043  -24.444  28.655 1.0000000000
43344  32.615  -24.044  29.510 1.0000000000
44033  40.371  -23.545  31.787 0.1111110002
43281  33.363  -24.052  35.976 0.2222220004
43267  32.780  -24.802  35.886 0.3333329856
44039  40.156  -23.658  31.267 0.1111110002
44003  33.369  -23.340  35.433 0.3333329856
44012  32.861  -23.301  34.867 0.3333329856
44004  32.729  -24.059  35.219 0.3333329856
44071  38.877  -24.170  30.236 0.3333329856
102272  38.271  -24.349  29.924 0.3333329856
44802  31.802  -23.008  32.937 0.5555559993
44801  32.289  -22.505  33.435 0.4444440007
91716  37.071  -24.747  29.261 0.5555559993
44814  31.716  -22.975  32.164 0.6666669846
43361  36.673  -24.680  28.342 0.7777780294
95254  35.720  -24.658  28.377 0.8888890147
43343  33.350  -24.284  29.088 1.0000000000
44843  32.252  -22.901  30.183 0.8888890147
91496  31.966  -22.496  30.905 0.7777780294
43372  35.310  -24.117  27.843 0.8888890147
44090  34.490  -23.953  28.066 0.8888890147
44091  33.766  -23.717  28.514 1.0000000000
44073  32.553  -23.333  29.637 1.0000000000
44792  32.622  -22.914  34.208 0.4444440007
44822  31.978  -22.323  31.665 0.7777780294
44813  32.072  -22.317  32.541 0.5555559993
24251  6.012  -49.311  53.165 0.4444440007
25082  5.869  -48.809  52.725 0.4444440007
106364  4.909  -49.971  53.895 0.4444440007
26600  7.706  -46.974  52.693 0.3333329856
27792  10.589  -44.345  51.053 0.2222220004
27217  9.416  -45.284  52.512 0.2222220004
27780  9.879  -45.053  51.926 0.2222220004
27223  8.854  -45.983  52.195 0.2222220004
28475  10.784  -43.823  49.391 0.2222220004
28465  11.520  -42.913  50.948 0.2222220004
25069  4.313  -48.852  53.518 0.4444440007
25819  3.452  -48.140  54.017 0.4444440007
23376  2.698  -50.496  53.437 0.2222220004
25071  2.576  -49.106  53.698 0.2222220004
102036  2.161  -49.618  52.879 0.2222220004
24252  2.501  -50.117  52.097 0.2222220004
25836  7.498  -47.078  52.108 0.5555559993
102071  10.330  -44.755  50.387 0.2222220004
94801  11.178  -43.103  48.542 0.2222220004
27234  8.256  -45.625  50.561 0.4444440007
29264  12.226  -42.310  47.097 0.2222220004
29240  10.943  -42.921  48.032 0.2222220004
27800  9.265  -44.881  49.331 0.3333329856
27807  9.590  -44.306  48.813 0.3333329856
29265  11.405  -42.319  46.648 0.4444440007
29250  10.581  -42.619  47.121 0.4444440007
25820  2.684  -48.172  54.055 0.5555559993
24272  2.867  -49.631  50.289 0.1111110002
27238  8.763  -45.130  50.041 0.4444440007
27235  7.359  -45.475  50.753 0.5555559993
27801  8.169  -44.550  49.376 0.4444440007
27802  7.461  -44.307  49.935 0.5555559993
28486  8.934  -43.849  48.172 0.6666669846
28493  9.398  -43.314  47.818 0.5555559993
28476  8.176  -43.839  48.733 0.6666669846
28487  7.677  -43.046  48.612 0.7777780294
30037  12.554  -41.435  45.544 0.4444440007
30024  11.139  -41.701  46.004 0.5555559993
30809  13.363  -41.108  45.140 0.5555559993
25831  1.955  -47.903  52.998 0.5555559993
25839  1.736  -47.984  52.136 0.2222220004
27236  6.592  -45.204  51.213 0.5555559993
27788  6.384  -44.532  51.751 0.6666669846
27782  6.013  -44.624  52.366 0.7777780294
29251  9.476  -42.581  47.374 0.7777780294
29252  8.677  -42.286  47.582 0.6666669846
29241  8.118  -42.659  48.004 0.7777780294
28459  6.715  -43.752  51.717 0.7777780294
90651  5.489  -45.092  52.881 0.7777780294
30009  8.679  -41.587  47.684 0.8888890147
25822  2.003  -47.028  54.401 0.5555559993
31556  13.245  -40.054  43.771 0.6666669846
30818  13.665  -40.553  44.321 0.4444440007
28468  6.844  -43.424  50.896 0.7777780294
29215  7.013  -42.458  50.899 0.8888890147
30792  9.902  -40.405  46.916 0.8888890147
30784  8.536  -40.853  48.653 0.7777780294
31565  13.729  -39.535  43.380 0.6666669846
31557  12.482  -39.637  44.106 0.7777780294
31509  9.448  -39.787  48.517 0.7777780294
31537  10.963  -39.372  45.882 0.8888890147
32318  11.893  -39.222  44.691 0.7777780294
32288  10.886  -39.165  46.858 0.8888890147
32271  10.646  -38.887  47.754 0.8888890147
31508  10.004  -39.218  49.027 0.6666669846
100479  12.096  -38.466  45.088 0.7777780294
32346  16.411  -38.759  41.663 0.7777780294
105639  14.276  -38.427  42.475 0.8888890147
32348  13.739  -38.090  42.882 0.7777780294
106171  11.766  -37.860  46.482 0.8888890147
32270  11.074  -38.202  48.286 0.8888890147
33140  13.382  -37.711  43.532 0.8888890147
33156  14.709  -37.344  41.955 0.8888890147
103192  13.780  -37.558  43.123 0.8888890147
32375  16.701  -38.253  40.885 0.7777780294
33137  21.550  -37.920  43.284 0.3333329856
93417  13.325  -37.011  45.027 0.8888890147
33095  12.980  -36.732  45.690 0.7777780294
33171  20.235  -37.701  41.081 0.7777780294
33116  13.813  -36.979  43.495 0.8888890147
33988  16.312  -36.744  40.691 0.8888890147
33186  18.856  -37.872  40.167 0.7777780294
97587  19.615  -37.679  40.195 0.7777780294
33188  17.648  -37.523  40.022 0.7777780294
33198  18.365  -37.467  39.699 0.7777780294
33903  13.184  -36.023  47.194 0.5555559993
33907  13.372  -36.092  46.287 0.6666669846
33985  21.610  -37.258  39.909 0.5555559993
33184  21.045  -37.451  40.554 0.7777780294
34790  25.449  -35.810  38.670 0.5555559993
35571  26.193  -34.992  37.967 0.6666669846
34001  20.342  -36.895  38.831 0.7777780294
34002  19.481  -36.839  38.884 0.7777780294
35594  28.095  -34.700  35.961 0.8888890147
34803  28.571  -35.498  37.359 0.6666669846
35570  26.892  -35.033  38.048 0.6666669846
35582  26.432  -34.464  37.436 0.6666669846
34806  23.281  -35.254  37.029 0.7777780294
33905  14.378  -35.055  45.843 0.7777780294
101877  13.818  -35.541  46.047 0.5555559993
100699  21.606  -36.523  37.944 0.8888890147
34752  16.145  -35.226  42.212 0.8888890147
34794  22.033  -35.887  37.312 0.8888890147
34018  19.092  -36.263  38.528 0.7777780294
34796  19.467  -35.696  38.121 0.8888890147
107336  18.601  -36.193  38.728 0.8888890147
34757  16.868  -35.228  40.854 0.8888890147
35603  28.390  -34.431  35.028 0.8888890147
35584  23.049  -34.381  36.851 0.8888890147
34056  32.239  -36.815  35.466 0.7777780294
34828  30.089  -35.924  35.037 0.8888890147
35586  21.392  -34.040  37.337 0.8888890147
96327  18.100  -34.254  40.323 0.7777780294
35548  17.397  -34.449  41.534 0.7777780294
36414  22.083  -33.529  37.190 0.8888890147
35587  20.645  -34.195  37.749 0.7777780294
35561  19.553  -34.183  38.755 0.7777780294
35562  19.010  -34.463  39.048 0.7777780294
34850  30.451  -35.556  34.386 0.8888890147
35622  28.738  -34.104  34.210 0.8888890147
36454  27.990  -32.758  34.455 0.8888890147
36431  28.140  -33.616  34.620 0.8888890147
34730  15.619  -34.290  45.243 0.6666669846
35540  17.356  -34.241  42.468 0.5555559993
34039  33.767  -37.289  35.903 0.4444440007
35546  18.710  -33.690  40.777 0.6666669846
101726  32.859  -36.746  35.055 0.8888890147
34849  31.286  -35.798  34.230 0.8888890147
37138  22.208  -32.429  38.246 0.7777780294
36389  20.045  -33.402  39.603 0.7777780294
92774  32.013  -35.696  33.771 0.7777780294
35620  30.152  -34.839  33.949 0.8888890147
36452  29.295  -33.744  33.833 0.8888890147
37211  28.593  -32.347  34.186 0.7777780294
37922  27.441  -31.337  34.857 0.7777780294
37187  26.669  -31.631  35.276 0.7777780294
38631  26.481  -30.457  35.851 0.7777780294
38632  25.780  -30.434  36.356 0.7777780294
37884  24.905  -30.879  36.630 0.7777780294
38614  24.575  -30.790  37.422 0.7777780294
37874  23.149  -31.820  37.988 0.6666669846
34054  34.163  -36.432  34.567 0.6666669846
34862  33.294  -35.152  33.317 0.8888890147
37128  21.574  -32.470  39.745 0.6666669846
35637  29.964  -34.107  33.632 0.8888890147
96742  30.577  -33.692  33.361 0.7777780294
36467  29.907  -33.534  33.710 0.7777780294
106161  27.967  -30.929  34.919 0.7777780294
37212  27.869  -31.979  34.474 0.7777780294
38630  27.292  -29.945  36.184 0.7777780294
38645  27.593  -30.551  35.376 0.7777780294
38611  27.119  -29.680  37.241 0.7777780294
38612  26.160  -29.813  37.237 0.7777780294
38602  24.393  -30.907  38.314 0.7777780294
37081  24.749  -31.204  43.220 0.3333329856
93915  24.967  -31.622  43.895 0.2222220004
105615  22.474  -31.672  43.454 0.2222220004
36327  22.417  -31.854  43.980 0.1111110002
37083  22.493  -31.583  42.923 0.2222220004
36341  22.045  -31.720  43.331 0.1111110002
104114  20.830  -32.192  43.482 0.1111110002
93186  20.210  -32.359  44.012 0.1111110002
36329  19.366  -32.772  43.668 0.1111110002
37804  26.077  -31.173  43.510 0.1111110002
37814  27.533  -30.480  42.854 0.1111110002
99804  25.424  -31.310  43.525 0.2222220004
105152  24.037  -31.149  42.897 0.3333329856
90533  22.738  -31.425  42.142 0.2222220004
36357  21.041  -31.969  42.131 0.2222220004
91390  19.635  -32.818  42.183 0.2222220004
35524  17.925  -33.406  43.832 0.2222220004
37846  27.034  -30.345  41.083 0.2222220004
37832  25.333  -30.587  41.845 0.3333329856
37857  29.088  -30.365  39.780 0.3333329856
37856  29.904  -30.704  40.081 0.3333329856
37845  28.101  -30.271  40.903 0.2222220004
38574  26.970  -29.829  40.277 0.2222220004
37848  24.305  -30.703  40.580 0.3333329856
37833  24.452  -30.689  41.549 0.3333329856
37834  23.710  -30.862  41.149 0.3333329856
36373  20.900  -32.336  41.215 0.3333329856
34846  34.706  -35.739  34.147 0.7777780294
37882  30.405  -31.704  37.882 0.4444440007
91498  30.815  -31.778  35.961 0.4444440007
37898  30.083  -31.240  36.005 0.5555559993
105173  29.634  -30.683  39.521 0.3333329856
37872  29.399  -30.613  38.777 0.4444440007
38584  27.398  -29.675  39.476 0.5555559993
38573  28.039  -29.976  40.316 0.2222220004
37116  22.228  -31.913  40.389 0.4444440007
37209  30.369  -32.102  34.491 0.7777780294
37919  30.243  -31.625  35.111 0.6666669846
38628  29.304  -30.614  36.027 0.7777780294
38609  29.093  -30.274  36.798 0.7777780294
38600  25.960  -29.883  38.379 0.6666669846
107173  26.856  -29.631  38.783 0.6666669846
38586  24.780  -30.512  39.078 0.6666669846
37224  31.245  -33.416  33.122 0.8888890147
104689  30.121  -32.463  34.024 0.7777780294
37920  29.433  -31.118  35.140 0.7777780294
38644  28.612  -30.718  35.328 0.7777780294
35634  32.869  -34.479  32.808 0.8888890147
35645  32.595  -33.965  32.606 0.8888890147
37165  31.516  -32.104  36.003 0.4444440007
37208  30.973  -32.570  34.173 0.7777780294
35642  35.113  -34.154  32.577 0.8888890147
102564  31.218  -32.034  36.671 0.4444440007
106236  38.318  -33.743  34.435 0.5555559993
36451  37.895  -33.741  33.998 0.6666669846
36474  36.704  -33.404  32.621 0.8888890147
36477  32.891  -33.422  32.620 0.8888890147
89459  34.210  -32.959  39.872 0.1111110002
107579  38.111  -32.388  33.002 1.0000000000
37964  35.296  -31.771  31.144 1.0000000000
37961  37.790  -30.913  31.484 0.8888890147
37133  34.712  -31.791  38.654 0.2222220004
41052  36.764  -26.719  30.774 0.6666669846
41064  35.217  -27.167  30.459 1.0000000000
96804  33.683  -27.492  30.553 1.0000000000
41055  32.086  -27.651  31.426 1.0000000000
41048  30.881  -27.386  32.571 1.0000000000
100398  35.438  -25.668  30.536 1.0000000000
41825  31.306  -26.258  31.461 1.0000000000
40249  33.113  -28.967  35.811 0.7777780294
41807  30.694  -25.668  32.449 1.0000000000
42604  31.583  -25.444  30.960 1.0000000000
43326  35.819  -25.044  30.302 0.7777780294
100462  34.236  -25.270  29.835 1.0000000000
103731  31.172  -24.346  33.314 0.5555559993
44052  32.031  -23.719  29.999 1.0000000000
92446  34.804  -24.576  28.420 1.0000000000
44050  39.580  -24.020  30.710 0.3333329856
44013  32.268  -23.653  34.423 0.4444440007
44022  32.021  -23.261  33.685 0.4444440007
44023  31.445  -23.689  33.193 0.4444440007
44823  31.580  -23.085  31.354 0.8888890147
44002  33.804  -22.747  35.535 0.2222220004
44072  33.100  -23.485  29.117 1.0000000000
43371  36.260  -24.204  27.820 0.8888890147
44791  33.321  -22.589  34.883 0.4444440007
25821  2.298  -47.497  54.278 0.4444440007
25811  2.255  -46.958  54.669 0.4444440007
27220  4.214  -46.087  54.229 0.3333329856
26587  2.521  -46.518  54.910 0.2222220004
27214  2.408  -45.878  54.921 0.2222220004
103298  3.456  -45.793  54.826 0.2222220004
27219  4.803  -45.173  53.861 0.3333329856
27213  2.851  -45.893  54.993 0.2222220004
27207  3.285  -45.161  54.926 0.2222220004
27775  5.379  -44.435  53.731 0.3333329856
27770  4.865  -44.513  54.729 0.3333329856
28451  5.849  -44.209  52.975 0.6666669846
29208  6.689  -43.051  52.392 0.6666669846
27763  4.061  -44.486  55.175 0.2222220004
27212  4.040  -45.178  54.636 0.3333329856
28444  6.164  -43.462  53.069 0.6666669846
29216  6.912  -43.045  51.608 0.6666669846
29965  7.318  -41.669  50.426 0.7777780294
29952  6.774  -42.005  52.725 0.6666669846
29958  7.062  -42.288  51.921 0.6666669846
29951  7.081  -41.321  52.206 0.5555559993
30749  7.652  -40.939  50.838 0.4444440007
30739  7.519  -40.730  51.697 0.5555559993
30738  8.081  -40.223  51.264 0.4444440007
30748  8.212  -40.392  50.372 0.4444440007
30730  8.024  -40.039  52.052 0.3333329856
30737  8.749  -39.673  50.919 0.3333329856
31489  9.405  -39.552  49.444 0.4444440007
30747  8.792  -39.923  49.900 0.4444440007
98882  9.423  -39.172  51.096 0.2222220004
31470  8.580  -39.770  51.714 0.1111110002
31472  9.888  -38.861  50.775 0.2222220004
31473  9.342  -39.303  50.328 0.3333329856
31488  9.889  -38.955  49.930 0.2222220004
32252  10.993  -38.104  49.194 0.4444440007
32235  10.359  -38.406  50.441 0.1111110002
33048  11.532  -37.636  49.719 0.1111110002
32239  11.026  -38.131  50.085 0.1111110002
33052  11.563  -37.621  48.807 0.4444440007
34013  29.687  -36.497  38.173 0.2222220004
33051  12.165  -37.073  48.372 0.2222220004
33050  12.627  -36.443  47.868 0.3333329856
34012  31.340  -37.233  38.035 0.3333329856
95565  30.472  -36.854  38.079 0.2222220004
34028  30.111  -36.504  37.408 0.4444440007
33906  13.814  -35.543  46.885 0.4444440007
102173  26.405  -32.048  45.199 0.1111110002
103022  25.306  -31.884  44.585 0.1111110002
37060  26.113  -31.858  44.592 0.1111110002
89247  25.759  -31.635  44.017 0.1111110002
33898  13.326  -35.865  48.168 0.2222220004
33902  13.893  -35.428  47.725 0.3333329856
106122  14.199  -34.992  46.582 0.5555559993
33897  14.008  -35.414  48.506 0.2222220004
34723  14.645  -34.942  48.141 0.3333329856
33901  14.372  -34.837  47.337 0.3333329856
34727  14.800  -34.447  46.716 0.3333329856
95330  32.079  -32.739  40.099 0.1111110002
36387  31.505  -32.323  40.077 0.2222220004
37124  31.054  -32.029  39.728 0.2222220004
103912  31.767  -32.615  39.482 0.2222220004
37123  31.270  -32.391  39.181 0.2222220004
36386  32.326  -32.846  39.369 0.2222220004
36399  31.745  -32.598  38.679 0.2222220004
37135  31.094  -32.241  38.321 0.2222220004
37150  31.119  -32.102  37.444 0.2222220004
37149  31.568  -32.365  37.847 0.2222220004
36409  32.032  -32.498  37.855 0.2222220004
37113  31.051  -31.927  40.397 0.2222220004
37125  30.654  -31.462  39.884 0.3333329856
37871  30.119  -31.217  38.553 0.3333329856
37136  30.679  -31.789  38.951 0.3333329856
36398  32.467  -32.700  38.580 0.2222220004
44868  33.556  -22.753  28.679 0.8888890147
91835  34.149  -21.931  28.278 0.7777780294
45611  33.462  -21.764  29.002 0.7777780294
39416  33.726  -29.847  36.457 0.3333329856
46336  34.099  -19.582  30.553 0.7777780294
91520  33.172  -21.447  29.846 0.6666669846
44842  32.573  -22.007  30.381 0.6666669846
97707  34.892  -18.924  29.169 0.6666669846
47120  34.565  -19.377  29.376 0.6666669846
46344  34.080  -20.088  29.631 0.7777780294
46345  33.637  -20.971  29.493 0.7777780294
91991  32.915  -22.511  29.491 0.7777780294
47896  35.478  -18.233  28.525 0.7777780294
46353  34.357  -20.273  28.776 0.7777780294
45610  33.959  -21.015  28.863 0.7777780294
47905  35.679  -18.080  27.644 0.7777780294
40238  34.065  -29.297  37.376 0.3333329856
40239  33.516  -29.307  36.565 0.3333329856
40240  33.139  -28.534  36.679 0.4444440007
47110  36.375  -18.153  31.022 0.3333329856
47111  35.541  -18.502  30.757 0.4444440007
47094  34.828  -19.024  30.920 0.4444440007
46337  33.600  -20.531  30.224 0.7777780294
45601  33.011  -21.086  30.706 0.5555559993
47885  36.828  -17.720  30.743 0.4444440007
47877  36.604  -18.023  30.959 0.5555559993
47112  34.565  -18.977  30.172 0.5555559993
47895  35.821  -17.737  29.399 0.5555559993
47887  35.445  -18.339  29.528 0.6666669846
49377  36.137  -16.780  27.898 0.7777780294
48620  35.759  -17.464  28.350 0.7777780294
49395  37.107  -16.527  26.696 0.7777780294
48640  36.591  -17.018  26.966 0.7777780294
47079  37.457  -18.497  32.888 0.1111110002
45577  32.424  -21.635  32.046 0.4444440007
47091  37.097  -18.023  32.207 0.2222220004
47092  36.283  -18.171  31.687 0.3333329856
47081  35.776  -18.676  32.366 0.2222220004
46319  34.345  -19.556  31.464 0.3333329856
45582  32.996  -20.946  31.546 0.3333329856
49339  40.494  -16.261  32.296 0.1111110002
48594  39.914  -16.680  32.268 0.1111110002
48595  39.292  -16.889  31.985 0.3333329856
47875  37.795  -17.509  31.486 0.5555559993
47862  37.422  -17.782  31.864 0.3333329856
47093  35.434  -18.724  31.489 0.4444440007
45583  32.372  -21.693  31.206 0.5555559993
49349  40.430  -16.043  31.782 0.1111110002
48603  39.035  -16.654  31.314 0.2222220004
48612  37.826  -16.871  30.548 0.4444440007
49356  40.114  -16.056  31.316 0.1111110002
49366  38.866  -15.994  30.483 0.3333329856
49368  37.143  -16.481  29.696 0.6666669846
48613  36.991  -17.173  30.300 0.6666669846
49375  37.412  -15.748  29.065 0.7777780294
49376  36.708  -16.218  28.507 0.7777780294
48614  36.269  -16.962  29.217 0.7777780294
49384  36.742  -16.265  27.416 0.7777780294
41773  33.429  -26.378  37.413 0.2222220004
41780  32.830  -26.362  36.761 0.2222220004
45576  33.094  -21.047  32.518 0.3333329856
47080  36.611  -18.409  32.650 0.2222220004
46310  35.233  -19.399  32.937 0.2222220004
46312  33.672  -20.310  31.981 0.3333329856
42549  33.442  -25.562  36.906 0.2222220004
47071  36.738  -18.558  33.467 0.1111110002
45565  33.292  -21.239  33.627 0.2222220004
46302  34.665  -20.038  33.550 0.2222220004
45575  33.867  -20.526  33.074 0.2222220004
47072  35.938  -18.822  33.299 0.1111110002
44800  32.854  -22.027  34.071 0.3333329856
46301  35.368  -19.528  33.936 0.1111110002
44790  33.998  -21.977  35.358 0.3333329856
45556  34.400  -21.091  35.022 0.2222220004
45557  33.614  -21.582  34.567 0.3333329856
46293  34.821  -20.241  34.585 0.2222220004
45564  34.025  -20.684  34.169 0.2222220004
29964  7.771  -41.094  49.933 0.7777780294
33062  12.520  -36.624  47.121 0.6666669846
34029  29.321  -36.047  37.586 0.4444440007
89471  30.982  -36.830  37.238 0.4444440007
45566  32.636  -21.781  33.043 0.4444440007
32240  10.427  -38.542  49.567 0.4444440007
27781  6.371  -43.952  52.390 0.6666669846
29957  7.221  -41.554  51.341 0.6666669846
102503  34.409  -21.041  28.333 0.7777780294
47119  35.078  -18.641  29.916 0.6666669846
47904  35.942  -18.374  26.931 0.7777780294
40224  33.747  -28.350  37.558 0.3333329856
47109  36.855  -17.879  31.478 0.3333329856
96258  34.943  -19.123  31.417 0.4444440007
46320  33.593  -20.249  31.060 0.5555559993
47876  37.157  -17.737  31.288 0.4444440007
47886  36.142  -17.985  30.310 0.5555559993
102573  36.378  -17.537  30.084 0.6666669846
47878  35.893  -18.222  30.471 0.5555559993
48629  36.010  -17.556  27.296 0.7777780294
50217  37.336  -15.814  26.892 0.7777780294
47090  37.807  -18.212  32.526 0.2222220004
46318  35.051  -19.222  32.009 0.2222220004
46311  34.452  -19.821  32.512 0.3333329856
48602  39.891  -16.384  31.616 0.1111110002
47874  38.532  -17.198  31.698 0.5555559993
48605  37.526  -17.426  30.947 0.5555559993
48604  38.247  -17.028  31.115 0.5555559993
49357  39.446  -16.317  31.040 0.2222220004
49358  38.634  -16.556  30.809 0.2222220004
49367  38.028  -16.228  30.129 0.5555559993
50209  37.146  -15.570  27.878 0.7777780294
23377  2.366  -50.317  52.909 0.1111110002
23395  2.520  -50.792  51.169 0.1111110002
24233  4.147  -50.436  54.692 0.3333329856
25844  2.568  -47.998  51.187 0.1111110002
25840  1.723  -47.158  52.663 0.2222220004
97828  13.181  -41.894  52.048 0.1111110002
29206  12.431  -42.316  52.293 0.1111110002
29198  12.200  -42.381  53.300 0.1111110002
95567  11.506  -42.955  53.133 0.1111110002
29214  11.885  -42.624  51.642 0.1111110002
29207  11.717  -42.785  52.428 0.1111110002
28449  11.193  -43.371  52.531 0.1111110002
106793  12.039  -42.456  51.003 0.1111110002
28457  11.342  -43.150  51.723 0.1111110002
29193  6.006  -42.309  54.154 0.4444440007
29213  12.536  -42.205  51.467 0.1111110002
29956  13.125  -41.732  51.100 0.1111110002
29945  6.447  -41.666  53.595 0.2222220004
29939  6.242  -41.442  54.508 0.2222220004
29228  12.444  -42.193  49.812 0.1111110002
29221  11.969  -42.620  50.312 0.1111110002
29229  11.884  -42.753  49.438 0.1111110002
96980  13.829  -41.273  50.607 0.1111110002
29975  14.198  -41.186  49.656 0.1111110002
29963  13.058  -41.777  50.202 0.1111110002
29938  6.741  -40.745  53.998 0.1111110002
29993  14.458  -41.162  48.774 0.1111110002
29994  13.700  -41.615  48.877 0.1111110002
29977  13.005  -41.884  49.309 0.1111110002
107606  13.526  -41.738  48.262 0.1111110002
29995  12.996  -41.964  48.378 0.1111110002
29248  12.294  -42.434  47.968 0.1111110002
30781  15.957  -40.686  48.490 0.1111110002
30782  15.211  -40.866  48.657 0.1111110002
94864  15.450  -40.869  47.989 0.1111110002
30790  15.281  -40.778  47.401 0.1111110002
30791  14.709  -41.083  47.839 0.1111110002
30007  13.970  -41.499  48.090 0.1111110002
91734  14.714  -40.904  46.881 0.1111110002
103760  13.382  -41.807  47.728 0.1111110002
104256  12.787  -42.095  47.618 0.1111110002
30022  13.886  -41.417  47.112 0.1111110002
100293  12.988  -41.921  46.953 0.1111110002
30800  14.041  -41.044  46.163 0.1111110002
30036  13.207  -41.530  46.153 0.2222220004
102238  14.226  -40.906  45.474 0.1111110002
30780  16.596  -40.545  48.285 0.1111110002
31524  16.985  -40.365  47.605 0.1111110002
31536  17.060  -40.302  46.647 0.1111110002
30798  16.379  -40.381  46.926 0.1111110002
33979  27.346  -36.214  41.042 0.2222220004
30806  16.361  -40.469  46.082 0.1111110002
30799  15.563  -40.572  46.666 0.1111110002
93566  14.794  -40.713  46.036 0.1111110002
33966  25.033  -36.612  41.091 0.4444440007
30816  15.322  -40.315  44.715 0.2222220004
30807  15.517  -40.497  45.631 0.2222220004
33981  25.762  -36.421  40.454 0.4444440007
30817  14.489  -40.434  44.418 0.4444440007
92758  14.112  -40.799  44.863 0.4444440007
32313  21.345  -38.540  44.606 0.2222220004
31542  20.185  -39.299  45.686 0.1111110002
31533  19.594  -39.790  46.096 0.1111110002
32301  20.763  -38.911  45.156 0.2222220004
32327  21.022  -38.180  43.856 0.2222220004
32314  20.475  -38.611  44.380 0.2222220004
32302  19.898  -38.975  44.929 0.1111110002
31544  18.917  -39.900  45.433 0.1111110002
31535  17.851  -40.220  46.410 0.1111110002
89413  29.038  -36.926  41.203 0.1111110002
33978  28.048  -36.442  41.166 0.2222220004
32315  19.660  -38.842  44.105 0.2222220004
31550  19.103  -39.477  44.612 0.1111110002
89366  18.257  -39.843  44.774 0.1111110002
88842  17.200  -40.346  45.749 0.1111110002
89171  17.366  -40.075  44.892 0.1111110002
34764  27.252  -36.052  40.113 0.3333329856
33980  26.611  -36.240  40.772 0.3333329856
31545  16.339  -40.275  45.041 0.1111110002
31554  15.781  -39.973  44.073 0.2222220004
31555  14.908  -40.037  43.897 0.5555559993
33167  30.209  -37.507  41.301 0.1111110002
96346  29.154  -36.635  40.308 0.1111110002
106436  27.812  -36.197  40.579 0.2222220004
32328  20.226  -38.419  43.566 0.2222220004
32316  18.890  -39.103  43.731 0.1111110002
31551  18.379  -39.462  44.086 0.1111110002
31553  16.712  -39.884  44.108 0.2222220004
101107  28.459  -36.426  40.492 0.2222220004
31561  18.044  -39.300  43.253 0.3333329856
32330  17.038  -39.607  43.243 0.4444440007
31562  16.148  -39.770  43.282 0.6666669846
31563  15.282  -39.821  43.214 0.6666669846
34779  26.197  -35.699  39.095 0.4444440007
33977  29.877  -36.931  40.426 0.1111110002
34763  28.041  -36.079  39.932 0.2222220004
33996  28.761  -36.362  39.744 0.2222220004
34777  27.572  -35.758  39.336 0.4444440007
90479  31.156  -37.845  41.077 0.1111110002
32360  31.651  -38.357  41.645 0.1111110002
33183  30.669  -37.458  40.372 0.1111110002
33995  29.540  -36.687  39.644 0.1111110002
34789  26.608  -35.306  38.649 0.4444440007
34788  27.249  -35.358  38.733 0.4444440007
32358  33.392  -38.694  41.482 0.1111110002
32373  31.957  -38.176  40.918 0.1111110002
33994  30.357  -37.022  39.633 0.1111110002
34786  29.116  -36.396  38.866 0.1111110002
98871  27.852  -35.563  38.755 0.4444440007
34804  27.738  -35.233  37.977 0.4444440007
33145  34.677  -38.333  42.859 0.1111110002
32339  33.965  -38.684  42.361 0.1111110002
32357  34.362  -38.752  41.405 0.1111110002
32372  32.819  -38.420  40.749 0.1111110002
33181  32.258  -37.993  40.152 0.1111110002
33196  31.095  -37.513  39.592 0.1111110002
33210  30.846  -37.119  38.849 0.1111110002
35521  18.139  -33.166  45.034 0.1111110002
88975  29.991  -36.785  38.857 0.1111110002
34787  28.580  -35.833  38.297 0.3333329856
105932  29.175  -36.197  38.228 0.2222220004
33164  36.848  -37.602  41.535 0.1111110002
32355  36.129  -38.315  41.150 0.1111110002
88882  36.277  -37.812  42.182 0.1111110002
33144  35.521  -37.912  42.827 0.1111110002
104062  15.368  -34.537  47.846 0.2222220004
33163  37.269  -37.154  40.956 0.1111110002
33165  35.668  -38.333  41.935 0.1111110002
32338  34.916  -38.489  42.106 0.1111110002
99883  15.594  -34.204  47.313 0.2222220004
33192  36.841  -38.128  39.569 0.1111110002
33180  36.834  -37.986  40.563 0.1111110002
32356  35.263  -38.698  41.285 0.1111110002
34725  16.220  -33.693  45.978 0.1111110002
106143  37.416  -37.523  38.991 0.1111110002
32378  36.288  -38.501  39.250 0.1111110002
97731  34.991  -38.751  39.967 0.1111110002
32371  33.802  -38.617  40.533 0.1111110002
35522  17.127  -33.485  45.496 0.1111110002
34011  37.827  -36.868  38.370 0.1111110002
33204  36.604  -38.206  38.468 0.1111110002
32379  35.592  -38.693  39.502 0.1111110002
32380  34.671  -38.713  39.296 0.1111110002
90168  33.800  -38.579  39.567 0.1111110002
33194  32.377  -38.035  39.341 0.1111110002
34034  38.011  -36.230  36.701 0.1111110002
34026  37.007  -37.347  36.891 0.1111110002
33214  36.431  -37.991  37.409 0.1111110002
33205  35.967  -38.441  37.859 0.1111110002
33193  33.125  -38.434  39.019 0.1111110002
34035  37.481  -36.621  36.472 0.1111110002
33215  35.515  -38.276  37.167 0.1111110002
33228  36.132  -37.678  36.483 0.1111110002
32384  35.731  -38.615  38.582 0.1111110002
96584  34.823  -38.722  38.388 0.1111110002
32390  35.366  -38.595  37.877 0.1111110002
32385  33.962  -38.645  38.720 0.1111110002
33207  33.374  -38.365  38.203 0.1111110002
96267  34.587  -38.135  36.843 0.2222220004
33217  33.744  -38.229  37.353 0.1111110002
33218  32.795  -37.860  37.682 0.1111110002
33219  32.092  -37.560  38.061 0.1111110002
34817  37.221  -36.219  35.812 0.1111110002
106750  35.263  -37.872  36.498 0.1111110002
33230  33.778  -37.800  36.550 0.2222220004
33231  32.972  -37.726  36.840 0.1111110002
34040  32.467  -37.204  36.275 0.3333329856
40263  39.675  -28.459  33.294 0.1111110002
94311  39.438  -26.788  33.216 0.1111110002
41804  39.427  -26.040  33.141 0.1111110002
43370  37.183  -24.321  27.734 0.6666669846
44101  37.616  -23.724  27.398 0.6666669846
44103  35.899  -23.471  27.581 0.7777780294
44877  37.976  -22.825  27.095 0.6666669846
44878  36.464  -22.874  27.296 0.6666669846
44104  35.019  -23.323  27.684 0.6666669846
44867  34.272  -23.058  28.076 0.6666669846
100336  37.086  -22.347  27.079 0.6666669846
97251  36.261  -21.993  27.230 0.6666669846
44880  34.825  -22.360  27.681 0.6666669846
103639  35.443  -21.688  27.428 0.6666669846
45627  34.799  -21.398  27.788 0.6666669846
45632  37.520  -21.032  26.519 0.6666669846
103754  36.058  -21.091  27.004 0.6666669846
46363  34.729  -20.475  27.938 0.6666669846
47134  42.340  -19.553  27.550 0.5555559993
46359  41.431  -20.775  27.118 0.5555559993
46360  40.664  -21.044  26.732 0.6666669846
92706  35.108  -18.908  28.451 0.6666669846
47135  41.606  -19.879  27.199 0.5555559993
46368  39.902  -20.338  26.421 0.6666669846
46369  39.063  -20.829  26.339 0.6666669846
45633  36.706  -20.636  26.561 0.6666669846
93484  35.202  -19.723  27.481 0.6666669846
47128  34.736  -19.608  28.466 0.5555559993
47147  40.361  -19.613  26.444 0.5555559993
93925  38.096  -19.747  25.805 0.6666669846
46371  37.449  -20.279  26.100 0.6666669846
47902  42.444  -18.621  27.456 0.5555559993
47903  41.799  -19.003  27.058 0.5555559993
47146  41.042  -19.312  26.724 0.5555559993
46372  36.574  -19.788  26.315 0.6666669846
47138  35.485  -18.778  27.544 0.6666669846
47148  39.636  -19.470  25.979 0.6666669846
91968  37.891  -18.860  25.837 0.6666669846
47916  36.650  -17.913  26.520 0.6666669846
100248  37.167  -18.588  26.118 0.6666669846
47861  38.123  -17.773  32.139 0.1111110002
48627  43.303  -17.427  27.683 0.4444440007
48635  42.315  -17.419  26.530 0.4444440007
48628  42.664  -17.800  27.260 0.5555559993
47910  42.021  -18.158  26.853 0.5555559993
47912  40.358  -18.803  26.049 0.6666669846
47911  41.285  -18.483  26.486 0.5555559993
47915  37.624  -18.011  26.114 0.6666669846
47914  38.614  -18.236  25.855 0.6666669846
47860  38.841  -17.612  32.387 0.3333329856
48634  43.025  -17.090  26.911 0.3333329856
48636  41.611  -17.734  26.210 0.5555559993
48639  37.278  -17.191  26.364 0.6666669846
48637  40.811  -17.948  25.875 0.6666669846
47924  39.308  -17.949  25.726 0.6666669846
48638  38.162  -17.370  26.016 0.6666669846
47913  39.449  -18.633  25.777 0.6666669846
49391  44.332  -16.266  27.074 0.3333329856
49392  43.550  -16.587  26.516 0.3333329856
49394  37.858  -16.413  26.170 0.6666669846
49404  44.079  -16.211  26.142 0.3333329856
49393  42.643  -16.774  25.907 0.4444440007
48650  41.209  -17.236  25.621 0.6666669846
48652  39.547  -17.230  25.508 0.6666669846
48653  38.735  -16.796  25.708 0.6666669846
49407  40.825  -16.680  25.217 0.6666669846
49408  40.168  -16.547  25.234 0.6666669846
50208  37.803  -15.086  28.464 0.6666669846
51030  38.493  -14.529  27.356 0.5555559993
50216  37.865  -15.063  27.304 0.6666669846
50249  40.964  -15.169  24.614 0.6666669846
50238  39.423  -15.522  25.357 0.6666669846
51043  38.520  -14.803  26.554 0.5555559993
50234  45.263  -15.516  25.522 0.2222220004
50235  44.296  -15.969  25.243 0.4444440007
50236  43.486  -16.021  24.687 0.5555559993
49419  41.978  -15.892  24.535 0.6666669846
93919  40.031  -15.926  25.101 0.6666669846
50239  38.834  -15.097  25.822 0.6666669846
50229  38.124  -15.493  26.324 0.6666669846
50228  44.752  -15.899  26.279 0.2222220004
49405  43.445  -16.381  25.472 0.3333329856
49406  41.671  -16.569  25.133 0.6666669846
49420  40.911  -15.930  24.770 0.6666669846
49409  39.400  -16.317  25.367 0.6666669846
49410  38.654  -15.895  25.670 0.6666669846
51029  39.005  -14.253  26.888 0.5555559993
51792  39.464  -14.017  26.412 0.4444440007
51779  39.550  -13.770  27.155 0.4444440007
51048  48.321  -14.763  25.239 0.2222220004
51050  46.773  -15.005  25.961 0.2222220004
50237  40.262  -15.229  24.994 0.6666669846
51051  40.245  -14.360  25.301 0.5555559993
51800  39.757  -14.101  25.858 0.5555559993
51047  48.996  -14.469  25.431 0.1111110002
50243  46.111  -15.204  25.262 0.2222220004
92765  44.813  -15.513  24.692 0.4444440007
50248  41.609  -15.316  24.408 0.6666669846
51063  40.707  -14.645  24.801 0.6666669846
91077  46.818  -14.854  24.044 0.2222220004
51059  46.230  -15.073  24.399 0.3333329856
50253  44.843  -15.177  23.929 0.4444440007
50245  44.152  -15.564  24.392 0.5555559993
50247  42.309  -15.363  24.260 0.5555559993
51791  39.982  -13.590  26.436 0.5555559993
51056  49.490  -13.955  24.786 0.1111110002
51799  40.411  -13.615  25.712 0.5555559993
51813  50.246  -13.165  23.803 0.1111110002
51057  48.663  -14.537  24.564 0.1111110002
51058  47.723  -14.788  24.486 0.1111110002
88863  46.923  -15.031  24.939 0.2222220004
51062  41.352  -14.467  24.503 0.5555559993
51809  40.823  -13.914  25.004 0.5555559993
52564  50.110  -12.933  22.894 0.2222220004
51066  49.044  -14.124  23.905 0.1111110002
107426  46.260  -14.930  23.861 0.4444440007
50254  43.912  -15.138  23.825 0.5555559993
51061  42.162  -14.751  24.134 0.5555559993
51807  41.979  -13.812  24.278 0.5555559993
52569  51.282  -11.740  23.122 0.2222220004
105433  50.723  -12.407  22.980 0.2222220004
51814  49.522  -13.600  23.374 0.1111110002
51815  48.694  -14.017  23.076 0.2222220004
51068  47.311  -14.608  23.465 0.2222220004
51069  46.324  -14.717  23.294 0.4444440007
51071  44.420  -14.640  23.373 0.5555559993
51072  43.551  -14.508  23.535 0.5555559993
51818  42.731  -14.176  23.796 0.5555559993
51816  44.022  -14.083  23.142 0.5555559993
51790  40.795  -13.071  26.463 0.4444440007
51808  41.388  -13.608  24.749 0.5555559993
53369  51.379  -11.547  22.273 0.1111110002
52570  50.668  -12.378  22.246 0.2222220004
51821  49.243  -13.546  22.462 0.2222220004
51822  48.313  -13.769  22.248 0.2222220004
51077  46.848  -14.254  22.693 0.3333329856
51078  45.883  -14.212  22.684 0.5555559993
51826  44.880  -13.969  22.884 0.5555559993
51817  43.355  -13.668  23.422 0.5555559993
51806  42.636  -13.078  24.076 0.4444440007
53376  53.872  -11.247  21.374 0.1111110002
53378  51.540  -11.479  21.549 0.1111110002
53379  50.908  -11.910  21.614 0.1111110002
52571  49.816  -13.030  21.873 0.2222220004
51830  47.884  -13.408  21.490 0.3333329856
51824  46.462  -13.645  22.189 0.4444440007
95171  44.095  -13.372  23.043 0.5555559993
53386  51.860  -11.496  20.627 0.1111110002
52577  50.264  -12.437  21.314 0.2222220004
52579  48.374  -12.972  20.858 0.2222220004
51831  46.981  -13.235  21.587 0.3333329856
53385  53.076  -11.319  20.541 0.1111110002
52544  42.419  -12.421  26.444 0.3333329856
52552  41.923  -12.581  25.446 0.3333329856
52560  42.436  -12.382  24.841 0.4444440007
52545  41.517  -12.700  26.084 0.4444440007
52559  43.135  -12.168  24.381 0.4444440007
51797  41.886  -13.061  24.759 0.4444440007
52566  43.476  -12.721  23.565 0.5555559993
52581  46.719  -12.526  21.377 0.5555559993
52572  46.225  -12.987  21.891 0.5555559993
52574  44.863  -13.095  22.662 0.5555559993
54156  54.175  -10.631  19.992 0.1111110002
53394  53.314  -11.018  19.963 0.1111110002
53395  52.283  -11.303  19.731 0.1111110002
53387  50.777  -11.848  20.746 0.2222220004
52587  48.813  -12.382  20.330 0.2222220004
54152  55.023  -10.851  20.096 0.1111110002
100671  54.328  -11.148  20.638 0.1111110002
52543  43.356  -12.083  26.260 0.3333329856
52551  43.120  -11.924  25.263 0.3333329856
52558  43.822  -11.934  23.836 0.4444440007
53371  45.574  -11.847  22.404 0.4444440007
53372  45.001  -12.264  22.790 0.5555559993
52565  44.258  -12.504  23.163 0.5555559993
52582  46.123  -12.213  21.867 0.5555559993
52573  45.547  -12.677  22.274 0.5555559993
53396  50.940  -11.457  19.665 0.2222220004
97156  50.078  -11.796  19.927 0.2222220004
53380  47.101  -12.000  20.821 0.4444440007
53381  46.575  -11.743  21.384 0.5555559993
54155  54.445  -10.466  19.578 0.1111110002
97847  53.497  -10.464  19.551 0.1111110002
53397  49.772  -11.335  19.379 0.2222220004
53398  48.861  -11.169  19.483 0.3333329856
52588  47.861  -12.232  20.431 0.4444440007
54944  54.042  -9.556  19.278 0.2222220004
54157  52.610  -10.725  19.272 0.2222220004
54158  51.518  -10.901  19.040 0.2222220004
54159  50.407  -10.870  18.968 0.2222220004
55726  54.083  -8.680  18.846 0.4444440007
54945  53.918  -9.124  19.249 0.3333329856
98295  53.215  -9.044  18.786 0.4444440007
54145  45.685  -11.263  22.675 0.4444440007
54151  46.690  -10.968  21.479 0.4444440007
53370  46.171  -11.345  22.102 0.4444440007
53389  48.330  -11.645  19.967 0.4444440007
54153  47.080  -10.531  20.857 0.4444440007
53391  46.938  -11.285  20.936 0.4444440007
54164  51.951  -10.233  18.649 0.3333329856
54165  50.940  -10.308  18.571 0.3333329856
54166  50.006  -10.169  18.755 0.3333329856
54160  49.465  -10.677  19.140 0.3333329856
53390  47.499  -11.230  20.360 0.4444440007
54161  48.534  -10.341  19.490 0.3333329856
55727  53.755  -8.520  18.790 0.4444440007
54937  48.050  -9.276  20.560 0.4444440007
54935  47.338  -9.780  20.950 0.4444440007
54942  48.409  -9.412  19.749 0.4444440007
93575  47.691  -10.133  20.164 0.4444440007
54946  52.236  -9.431  18.464 0.4444440007
100036  51.418  -9.025  18.256 0.4444440007
54947  50.514  -9.478  18.474 0.4444440007
54941  49.151  -9.805  19.170 0.4444440007
55728  52.506  -8.536  18.350 0.4444440007
91905  54.256  -7.803  18.515 0.4444440007
95987  53.177  -7.805  18.379 0.4444440007
55711  49.154  -8.272  23.693 0.1111110002
55717  49.124  -8.200  21.711 0.2222220004
55715  48.560  -8.714  22.139 0.3333329856
55720  49.116  -8.209  20.715 0.2222220004
55718  48.518  -8.675  21.095 0.4444440007
54931  47.976  -9.278  22.619 0.4444440007
55721  48.626  -8.722  20.140 0.4444440007
54934  47.996  -9.228  21.518 0.4444440007
54932  47.465  -9.685  21.878 0.4444440007
55724  49.110  -8.846  19.335 0.4444440007
55729  51.466  -8.194  18.190 0.4444440007
55731  49.809  -8.839  18.729 0.4444440007
57340  54.054  -6.262  18.300 0.3333329856
56536  53.678  -7.098  18.276 0.4444440007
56537  52.440  -7.115  17.847 0.4444440007
98996  52.190  -7.792  18.038 0.4444440007
55730  50.582  -8.591  18.424 0.4444440007
55714  49.130  -8.197  22.719 0.1111110002
56529  50.312  -7.149  21.819 0.1111110002
56530  49.662  -7.647  21.307 0.2222220004
56531  50.140  -7.118  20.861 0.2222220004
103796  50.651  -6.446  19.411 0.2222220004
56533  50.287  -7.229  19.620 0.2222220004
56532  49.679  -7.703  20.264 0.2222220004
96146  49.194  -8.301  19.870 0.4444440007
57336  50.825  -6.846  18.605 0.2222220004
56539  50.659  -7.731  18.531 0.3333329856
55723  49.815  -8.138  19.195 0.4444440007
57339  55.082  -6.345  18.710 0.3333329856
57341  52.707  -6.328  17.814 0.2222220004
57342  51.662  -6.534  17.925 0.2222220004
56538  51.538  -7.359  18.048 0.4444440007
56518  49.706  -7.670  23.232 0.1111110002
56525  50.461  -7.053  22.718 0.1111110002
56526  49.732  -7.647  22.272 0.1111110002
57333  50.566  -6.535  20.328 0.2222220004
100132  51.045  -5.972  18.715 0.2222220004
58114  51.831  -5.734  18.076 0.2222220004
56517  50.188  -7.029  23.816 0.1111110002
57311  50.926  -6.418  23.457 0.1111110002
57320  51.197  -6.381  22.570 0.1111110002
58101  51.950  -5.722  21.621 0.1111110002
57328  51.354  -6.295  21.881 0.1111110002
57329  50.765  -6.666  21.424 0.1111110002
58106  51.625  -5.253  20.456 0.1111110002
57332  51.209  -6.073  20.980 0.1111110002
58107  52.495  -4.553  18.971 0.1111110002
58105  52.183  -4.479  19.956 0.1111110002
58113  52.871  -5.234  18.152 0.2222220004
53392  55.734  -11.521  19.446 0.1111110002
54162  55.009  -11.128  18.740 0.1111110002
29238  12.382  -42.324  48.903 0.1111110002
101040  15.672  -39.566  42.691 0.6666669846
102443  18.748  -38.970  42.972 0.2222220004
34027  32.006  -37.333  37.174 0.2222220004
34726  15.490  -34.054  46.349 0.2222220004
42579  39.147  -25.521  32.861 0.1111110002
29201  5.908  -43.173  53.872 0.4444440007
29200  6.339  -42.600  53.283 0.4444440007
26588  2.037  -46.408  54.681 0.2222220004
47137  35.900  -19.289  26.842 0.6666669846
47150  36.546  -18.873  26.401 0.6666669846
47846  38.555  -18.399  32.829 0.1111110002
29220  12.490  -42.118  50.652 0.1111110002
29194  5.482  -42.927  54.729 0.2222220004
29976  13.567  -41.570  49.716 0.1111110002
30789  16.037  -40.617  47.619 0.1111110002
34765  26.407  -36.089  39.864 0.4444440007
30808  14.763  -40.654  45.174 0.1111110002
31543  19.539  -39.558  45.342 0.1111110002
31534  18.770  -40.046  46.365 0.1111110002
89179  18.072  -40.159  45.585 0.1111110002
31552  17.606  -39.692  44.060 0.2222220004
34778  26.893  -35.651  39.288 0.4444440007
34776  28.319  -35.955  39.187 0.1111110002
33182  31.450  -37.819  40.292 0.1111110002
32381  33.035  -38.264  39.910 0.1111110002
33195  31.738  -37.809  39.650 0.1111110002
32368  36.265  -38.498  40.081 0.1111110002
32369  35.545  -38.697  40.450 0.1111110002
32370  34.783  -38.817  40.652 0.1111110002
104088  16.333  -33.759  47.186 0.1111110002
33203  37.203  -37.523  37.864 0.1111110002
102197  34.407  -38.673  40.001 0.1111110002
33209  31.683  -37.660  38.853 0.1111110002
33208  32.576  -37.979  38.523 0.1111110002
33206  34.109  -38.618  38.008 0.1111110002
33216  34.687  -38.537  37.566 0.1111110002
44102  36.776  -23.661  27.457 0.6666669846
104171  37.180  -23.112  27.222 0.6666669846
44879  35.611  -22.611  27.455 0.6666669846
45626  36.909  -21.461  26.883 0.6666669846
45625  37.754  -21.850  26.722 0.6666669846
97541  35.352  -20.762  27.412 0.6666669846
46362  35.912  -20.215  26.835 0.6666669846
47127  42.983  -20.187  27.978 0.5555559993
101593  41.180  -21.511  27.157 0.6666669846
47136  40.830  -20.119  26.799 0.5555559993
46370  38.297  -20.494  26.096 0.6666669846
90567  38.962  -20.050  25.858 0.6666669846
45631  38.315  -21.242  26.449 0.6666669846
94608  37.899  -20.767  26.294 0.6666669846
47149  37.245  -19.364  25.971 0.6666669846
104552  38.785  -19.197  25.777 0.6666669846
47923  39.971  -18.018  25.616 0.6666669846
48649  41.901  -17.089  25.895 0.5555559993
48651  40.393  -17.285  25.458 0.6666669846
47925  38.890  -17.532  25.773 0.6666669846
50198  38.237  -15.458  29.583 0.4444440007
51021  38.255  -14.565  28.012 0.6666669846
51052  39.550  -14.751  25.513 0.6666669846
50227  45.392  -15.575  26.483 0.2222220004
50246  42.806  -15.714  24.384 0.6666669846
49418  42.664  -16.302  24.869 0.5555559993
51042  39.104  -14.451  26.043 0.5555559993
51049  47.648  -14.929  25.579 0.2222220004
51039  48.420  -14.650  26.152 0.2222220004
96644  43.455  -15.508  24.244 0.5555559993
51060  45.750  -14.998  23.849 0.5555559993
50244  45.510  -15.304  24.557 0.3333329856
51073  42.972  -15.063  23.950 0.5555559993
51795  50.090  -13.371  25.345 0.1111110002
103046  49.696  -13.639  24.086 0.1111110002
51796  49.583  -13.876  25.712 0.1111110002
51067  48.224  -14.452  23.709 0.1111110002
51070  45.343  -14.669  23.282 0.5555559993
51076  47.811  -14.199  22.875 0.2222220004
51798  41.187  -13.145  25.406 0.4444440007
106917  51.987  -11.065  22.208 0.1111110002
51829  48.860  -13.366  21.596 0.2222220004
51823  47.379  -13.757  22.165 0.3333329856
53377  52.630  -11.175  21.579 0.1111110002
52578  49.373  -12.831  21.027 0.2222220004
51825  45.629  -13.472  22.388 0.5555559993
52586  49.789  -12.233  20.491 0.2222220004
52580  47.448  -12.798  20.998 0.3333329856
97840  42.632  -12.219  25.653 0.4444440007
53364  45.192  -11.489  23.013 0.4444440007
53365  44.582  -11.750  23.461 0.3333329856
53388  49.226  -11.824  19.803 0.2222220004
54939  54.009  -9.949  19.461 0.1111110002
54154  55.077  -10.959  19.523 0.1111110002
54163  54.508  -10.323  19.006 0.1111110002
54940  53.129  -9.827  19.066 0.3333329856
93799  46.528  -10.608  22.195 0.4444440007
54150  46.939  -10.265  21.539 0.4444440007
97776  48.100  -10.910  19.803 0.4444440007
103042  51.379  -9.729  18.398 0.4444440007
54948  49.647  -9.439  18.805 0.4444440007
55712  48.604  -8.743  23.193 0.1111110002
56507  49.614  -7.696  24.226 0.1111110002
98631  50.911  -6.793  22.084 0.1111110002
57335  50.963  -5.821  19.781 0.1111110002
58108  51.645  -5.116  19.053 0.1111110002
25832  1.938  -47.444  53.734 0.2222220004
24234  3.621  -50.351  54.213 0.1111110002
104574  5.780  -43.818  53.598 0.2222220004
89526  16.590  -33.951  49.214 0.1111110002
92349  15.834  -34.319  49.097 0.1111110002
34702  15.371  -34.467  49.389 0.1111110002
34713  16.059  -34.270  48.476 0.1111110002
34714  15.398  -34.545  48.551 0.1111110002
34722  16.147  -34.198  47.996 0.1111110002
33150  24.486  -37.439  42.540 0.3333329856
33951  24.882  -37.042  41.826 0.3333329856
105631  25.385  -36.751  41.533 0.3333329856
34680  15.878  -34.659  51.681 0.1111110002
93070  15.499  -34.551  50.188 0.1111110002
34690  15.254  -34.884  50.908 0.1111110002
89712  16.681  -34.013  50.100 0.1111110002
34703  14.659  -34.918  50.013 0.1111110002
33889  13.832  -35.593  50.300 0.1111110002
99754  13.509  -35.840  48.890 0.1111110002
34681  14.924  -35.205  51.851 0.1111110002
34691  14.497  -35.534  50.951 0.1111110002
33894  13.230  -35.907  49.664 0.1111110002
33899  12.786  -36.396  48.865 0.1111110002
33047  12.088  -37.078  49.326 0.1111110002
33895  12.534  -36.475  49.932 0.1111110002
44048  41.340  -23.698  30.189 0.3333329856
44069  40.869  -24.135  29.392 0.3333329856
43337  40.061  -24.441  28.791 0.3333329856
43358  39.349  -24.363  28.306 0.4444440007
43359  38.491  -24.500  28.374 0.5555559993
43360  37.610  -24.644  28.319 0.5555559993
44068  41.833  -23.832  29.410 0.3333329856
44087  41.655  -23.882  28.761 0.2222220004
44098  40.510  -23.723  27.736 0.4444440007
44089  40.098  -24.183  28.128 0.5555559993
43368  38.807  -24.189  27.764 0.5555559993
43369  38.051  -24.301  27.705 0.5555559993
44099  39.533  -23.855  27.552 0.5555559993
44100  38.522  -23.722  27.397 0.5555559993
44873  42.178  -23.260  28.357 0.2222220004
45616  43.255  -21.855  28.372 0.2222220004
44866  42.776  -22.566  28.325 0.3333329856
102221  41.654  -22.993  27.762 0.3333329856
44876  39.055  -22.968  27.142 0.5555559993
45617  42.596  -21.697  27.877 0.2222220004
44872  42.129  -22.427  27.817 0.4444440007
44874  40.964  -23.041  27.461 0.5555559993
45623  39.550  -22.220  26.735 0.5555559993
46352  43.018  -21.092  27.990 0.2222220004
45620  41.853  -21.542  27.473 0.4444440007
46361  39.820  -21.347  26.554 0.5555559993
46358  42.288  -20.663  27.569 0.4444440007
47894  42.923  -19.136  28.010 0.2222220004
47901  43.020  -18.226  27.913 0.4444440007
49382  44.309  -16.506  27.975 0.1111110002
90505  45.762  -15.369  27.195 0.1111110002
50206  44.829  -16.109  27.782 0.2222220004
51041  46.576  -14.986  27.090 0.1111110002
50226  45.949  -15.193  26.256 0.1111110002
50207  38.605  -14.744  28.904 0.4444440007
51011  39.357  -14.386  29.285 0.4444440007
51020  38.982  -14.040  28.038 0.3333329856
51777  41.131  -13.105  27.672 0.2222220004
51778  40.263  -13.424  27.320 0.2222220004
43339  37.973  -24.603  29.118 0.5555559993
23374  3.337  -50.646  53.985 0.1111110002
28429  4.826  -43.664  55.275 0.1111110002
28439  5.438  -43.819  54.415 0.2222220004
29944  6.857  -40.998  53.063 0.3333329856
33893  13.980  -35.441  49.348 0.1111110002
34715  14.646  -34.849  48.985 0.1111110002
49383  43.700  -16.767  27.433 0.2222220004
50215  45.120  -15.859  27.161 0.1111110002
29183  5.717  -42.087  55.127 0.1111110002
45624  38.625  -22.115  26.715 0.5555559993
45630  39.080  -21.544  26.537 0.5555559993
29184  5.118  -42.582  55.637 0.1111110002
34701  16.071  -34.302  49.749 0.1111110002
43338  38.979  -24.399  29.192 0.3333329856
44088  40.796  -24.061  28.437 0.3333329856
44097  41.334  -23.570  28.045 0.3333329856
44865  43.301  -22.646  28.878 0.2222220004
45609  43.776  -21.939  29.058 0.1111110002
45621  41.399  -22.266  27.435 0.5555559993
44875  40.068  -23.070  27.198 0.5555559993
45622  40.528  -22.071  27.013 0.5555559993
46351  43.658  -20.974  28.508 0.2222220004
47126  43.556  -19.717  28.512 0.1111110002
47884  44.068  -19.174  28.967 0.1111110002
47893  43.534  -18.688  28.428 0.2222220004
48619  43.630  -17.802  28.293 0.2222220004
28497  20.410  -42.496  47.194 0.1111110002
103804  27.779  -36.755  42.156 0.1111110002
33934  27.350  -37.021  43.300 0.1111110002
33132  26.816  -36.972  43.994 0.1111110002
30759  23.446  -40.656  48.160 0.1111110002
33964  26.779  -36.463  41.617 0.1111110002
33935  26.592  -37.035  43.057 0.2222220004
33111  25.527  -37.752  44.062 0.2222220004
33093  25.053  -38.052  44.948 0.1111110002
106715  24.036  -38.819  46.223 0.1111110002
104274  24.190  -39.089  46.963 0.1111110002
31502  23.613  -39.861  48.028 0.1111110002
33937  25.191  -37.143  42.503 0.2222220004
99952  24.096  -37.798  43.285 0.2222220004
33094  24.038  -38.304  44.829 0.1111110002
32297  24.398  -38.527  45.603 0.1111110002
33965  25.941  -36.539  41.324 0.2222220004
30731  7.383  -40.432  52.527 0.1111110002
29224  20.071  -41.615  48.948 0.1111110002
29991  21.597  -41.037  48.522 0.1111110002
100468  22.679  -40.619  48.248 0.1111110002
32283  22.697  -38.973  46.426 0.1111110002
31517  23.091  -39.609  47.807 0.1111110002
33113  23.607  -37.991  44.090 0.1111110002
32311  23.158  -38.428  44.745 0.1111110002
32299  22.461  -38.858  45.580 0.1111110002
30762  20.177  -40.981  49.182 0.1111110002
29973  20.259  -41.077  49.047 0.1111110002
29972  21.206  -41.000  48.567 0.1111110002
30760  21.860  -40.732  48.362 0.1111110002
100627  22.338  -40.424  48.303 0.1111110002
31504  22.017  -40.062  48.244 0.1111110002
31518  22.487  -39.670  47.753 0.1111110002
32312  22.299  -38.552  44.795 0.1111110002
31484  20.795  -40.737  48.633 0.1111110002
97199  21.326  -40.160  48.231 0.1111110002
92458  21.313  -39.953  47.885 0.1111110002
103151  21.863  -39.674  47.613 0.1111110002
31519  21.322  -39.471  46.966 0.1111110002
32300  21.646  -38.903  45.370 0.1111110002
89237  32.824  -32.964  40.077 0.1111110002
44049  40.323  -23.740  30.520 0.2222220004
44070  39.744  -24.039  29.808 0.2222220004
101315  42.831  -23.173  28.796 0.1111110002
44067  42.442  -23.622  29.080 0.1111110002
38627  34.391  -30.502  37.217 0.1111110002
39415  34.474  -29.928  37.415 0.2222220004
48626  43.838  -17.024  28.166 0.1111110002
33114  22.710  -38.027  44.092 0.1111110002
91869  30.146  -30.991  39.331 0.2222220004
36370  32.435  -32.893  40.665 0.1111110002
33962  28.236  -36.747  41.868 0.1111110002
33134  25.116  -37.518  43.241 0.2222220004
33950  25.710  -36.922  41.982 0.2222220004
33963  27.556  -36.492  41.701 0.1111110002
33948  27.214  -36.810  42.406 0.1111110002
102049  26.293  -37.358  44.151 0.1111110002
33133  26.099  -37.197  43.605 0.2222220004
33110  26.747  -37.453  44.566 0.1111110002
29970  23.139  -40.774  48.123 0.1111110002
31482  23.072  -40.404  48.225 0.1111110002
33949  26.389  -36.851  42.267 0.2222220004
33936  25.827  -37.107  42.796 0.2222220004
33092  26.043  -37.987  44.653 0.1111110002
32296  25.131  -38.431  45.746 0.1111110002
32282  23.451  -38.976  46.685 0.1111110002
32267  23.584  -39.324  47.514 0.1111110002
31481  23.938  -40.318  48.198 0.1111110002
93490  26.235  -36.659  41.782 0.2222220004
33112  24.572  -37.953  44.052 0.1111110002
32298  23.392  -38.740  45.629 0.1111110002
29992  20.798  -41.077  48.753 0.1111110002
29235  20.948  -41.508  48.384 0.1111110002
29234  21.877  -41.396  47.880 0.1111110002
91130  21.077  -41.963  47.647 0.1111110002
29990  22.522  -41.018  48.230 0.1111110002
29971  22.132  -40.811  48.322 0.1111110002
32268  22.904  -39.223  47.260 0.1111110002
32269  22.181  -39.250  47.073 0.1111110002
107370  22.833  -38.688  45.168 0.1111110002
32284  21.881  -39.083  46.239 0.1111110002
30761  20.986  -40.940  48.649 0.1111110002
31483  21.600  -40.521  48.413 0.1111110002
31503  22.806  -40.033  48.154 0.1111110002
31505  20.574  -40.214  48.312 0.1111110002
32285  21.035  -39.198  45.984 0.1111110002
38642  39.981  -30.438  34.776 0.1111110002
39440  39.760  -29.377  33.646 0.2222220004
47859  39.540  -17.337  32.626 0.1111110002
51768  39.844  -13.749  27.895 0.2222220004
52533  41.765  -12.799  27.058 0.1111110002
53359  43.714  -11.655  24.811 0.2222220004
53350  43.832  -11.829  25.692 0.2222220004
53349  44.571  -11.556  25.565 0.2222220004
93299  45.189  -11.158  24.947 0.2222220004
53358  44.427  -11.433  24.402 0.2222220004
53357  45.025  -11.103  23.844 0.3333329856
54128  45.747  -10.760  24.269 0.2222220004
54136  45.602  -10.927  23.305 0.2222220004
54144  46.082  -10.761  22.777 0.2222220004
54134  47.062  -10.277  24.118 0.1111110002
54135  46.287  -10.548  23.695 0.2222220004
54143  46.683  -10.295  23.059 0.2222220004
54955  54.417  -9.167  18.531 0.2222220004
54922  47.994  -10.047  25.331 0.1111110002
103708  47.025  -10.053  22.377 0.2222220004
54967  54.690  -9.435  17.446 0.2222220004
55733  54.748  -8.346  17.673 0.3333329856
92536  54.464  -7.953  18.358 0.3333329856
56540  55.177  -7.416  18.022 0.3333329856
54929  47.460  -9.787  23.301 0.1111110002
54928  48.146  -9.282  23.780 0.2222220004
56535  54.902  -7.187  18.501 0.3333329856
89023  54.767  -6.973  18.588 0.3333329856
101738  55.445  -6.920  18.372 0.2222220004
56534  55.274  -6.721  18.608 0.2222220004
57338  55.544  -6.294  18.574 0.1111110002
58110  55.671  -5.693  18.432 0.1111110002
104113  56.097  -5.410  17.608 0.1111110002
58862  56.038  -4.747  16.644 0.1111110002
58119  56.036  -6.224  18.087 0.1111110002
58846  55.291  -4.808  18.649 0.1111110002
58111  55.291  -5.619  18.644 0.1111110002
58112  54.344  -5.326  18.346 0.1111110002
58845  55.638  -4.865  18.107 0.1111110002
106494  47.522  -9.674  22.549 0.3333329856
51019  39.750  -13.877  28.650 0.2222220004
54126  47.365  -10.432  25.050 0.1111110002
54925  47.724  -9.858  24.441 0.1111110002
55745  54.758  -8.716  16.554 0.2222220004
89842  55.959  -7.031  17.808 0.2222220004
24222  5.697  -48.981  57.232 0.1111110002
23365  5.789  -50.326  56.840 0.1111110002
25049  5.771  -48.393  57.075 0.1111110002
25053  5.503  -49.218  56.824 0.1111110002
25052  5.839  -48.661  56.224 0.1111110002
25057  6.372  -49.138  54.823 0.1111110002
23366  5.312  -50.508  56.542 0.1111110002
22524  5.047  -51.123  56.073 0.1111110002
24228  5.564  -49.605  55.819 0.1111110002
23372  4.311  -50.880  55.429 0.1111110002
23373  3.806  -50.915  54.905 0.1111110002
102927  34.314  -24.959  37.657 0.1111110002
43250  35.548  -24.751  38.832 0.1111110002
43255  34.829  -24.611  38.195 0.1111110002
42548  33.986  -25.571  37.510 0.1111110002
43257  33.894  -24.838  37.139 0.1111110002
43266  33.383  -24.795  36.486 0.1111110002
44781  35.126  -21.858  36.255 0.1111110002
89932  33.879  -23.187  36.221 0.1111110002
50197  39.041  -15.167  30.022 0.1111110002
50196  39.803  -14.932  30.332 0.1111110002
54188  55.021  -10.438  15.856 0.1111110002
54187  55.711  -10.340  14.933 0.1111110002
54973  54.748  -9.705  16.442 0.1111110002
24232  4.968  -50.405  55.370 0.1111110002
37881  35.007  -31.028  38.007 0.1111110002
44782  34.372  -22.352  36.057 0.1111110002
23362  6.034  -49.840  57.336 0.1111110002
24226  5.583  -49.739  57.035 0.1111110002
22521  5.473  -50.786  56.420 0.1111110002
24229  5.287  -50.123  56.476 0.1111110002
23370  4.846  -50.802  56.022 0.1111110002
22525  4.427  -51.115  55.509 0.1111110002
42542  35.086  -25.537  38.720 0.1111110002
43265  33.830  -24.014  36.765 0.1111110002
54182  54.852  -10.441  16.982 0.1111110002
26595  1.799  -46.590  53.742 0.1111110002
28431  3.299  -43.833  55.557 0.1111110002
27765  2.827  -44.501  55.205 0.1111110002
27771  2.468  -45.111  54.843 0.1111110002
27208  2.872  -45.239  54.971 0.1111110002
39403  35.186  -29.848  38.268 0.1111110002
97528  35.059  -30.283  37.884 0.1111110002
40223  34.625  -29.189  38.201 0.1111110002
94419  34.453  -28.287  38.378 0.1111110002
103169  34.245  -28.807  37.862 0.1111110002
44840  41.636  -23.282  30.852 0.1111110002
44047  42.436  -23.496  29.956 0.1111110002
27764  3.324  -44.528  55.271 0.1111110002
47892  44.094  -18.197  28.816 0.1111110002
55772  53.566  -9.036  13.062 0.1111110002
99474  54.309  -8.275  12.748 0.1111110002
103973  53.460  -8.089  13.748 0.1111110002
55760  55.809  -8.670  14.851 0.1111110002
55753  56.079  -7.760  15.107 0.1111110002
55779  56.494  -8.560  12.069 0.1111110002
55759  56.468  -8.226  14.240 0.1111110002
56556  55.852  -7.379  16.078 0.1111110002
105485  56.680  -7.882  12.454 0.1111110002
55780  56.066  -7.945  11.704 0.1111110002
55781  55.094  -8.556  11.740 0.1111110002
55761  52.723  -8.915  13.934 0.1111110002
55762  51.834  -8.726  14.388 0.1111110002
92039  55.605  -7.767  11.657 0.1111110002
56575  54.959  -7.584  12.043 0.1111110002
55754  55.270  -8.158  15.772 0.1111110002
55744  55.720  -7.624  17.081 0.1111110002
55771  56.773  -8.206  13.190 0.1111110002
56562  56.752  -7.467  14.095 0.1111110002
57361  56.335  -7.059  15.453 0.1111110002
56547  56.415  -7.104  16.936 0.1111110002
55763  50.859  -8.589  14.503 0.1111110002
101394  57.064  -7.140  13.554 0.1111110002
56563  52.506  -7.911  14.386 0.1111110002
56584  56.064  -7.089  11.563 0.1111110002
56583  56.643  -7.274  12.215 0.1111110002
56574  57.054  -7.417  13.133 0.1111110002
57368  56.838  -6.928  14.066 0.1111110002
57344  55.778  -6.623  18.272 0.1111110002
57378  57.170  -6.839  12.979 0.1111110002
99943  55.684  -8.502  11.533 0.1111110002
57391  56.537  -6.591  11.874 0.1111110002
57351  56.286  -6.643  17.595 0.1111110002
57362  56.434  -6.577  16.596 0.1111110002
58133  56.395  -6.423  15.082 0.1111110002
38662  39.495  -30.039  33.326 0.5555559993
95547  33.165  -37.473  36.242 0.2222220004
105611  35.237  -38.706  38.922 0.1111110002
