#!ascii label  , from subject OASIS_0001 vox2ras=TkReg
765
56146  21.101  -7.744  -24.163 0.2500000000
56938  21.471  -7.658  -24.526 0.2500000000
56145  22.014  -8.382  -24.507 0.7500000000
57720  20.343  -5.829  -24.219 0.2500000000
57719  20.656  -6.348  -24.435 0.1250000000
95107  20.456  -5.608  -24.483 0.3750000000
56927  20.693  -7.414  -24.050 0.2500000000
56937  22.046  -7.813  -24.887 0.7500000000
56155  22.654  -8.327  -25.071 0.8750000000
55383  23.142  -8.970  -24.950 0.8750000000
57718  21.144  -6.793  -24.744 0.3750000000
56950  21.823  -7.118  -25.042 0.8750000000
56962  23.046  -6.994  -25.980 1.0000000000
56949  22.487  -7.470  -25.388 1.0000000000
56154  23.468  -8.553  -25.494 1.0000000000
57728  21.004  -5.744  -24.819 0.7500000000
57727  21.657  -6.237  -25.217 0.8750000000
57734  23.532  -6.601  -26.691 1.0000000000
57735  22.814  -6.218  -26.346 1.0000000000
56960  24.495  -7.616  -26.580 1.0000000000
56961  23.734  -7.362  -26.411 1.0000000000
56164  23.923  -8.114  -26.138 1.0000000000
56948  23.193  -7.828  -25.774 1.0000000000
58512  19.662  -5.264  -23.981 0.1250000000
58529  21.504  -5.390  -25.501 1.0000000000
58528  22.106  -5.821  -25.925 1.0000000000
90153  24.309  -6.837  -27.009 1.0000000000
102524  24.993  -7.198  -27.050 1.0000000000
56958  26.513  -7.434  -26.749 1.0000000000
56959  25.476  -7.770  -26.595 1.0000000000
59937  18.832  -2.557  -24.098 0.2500000000
58522  19.838  -5.231  -24.304 0.2500000000
59223  19.935  -4.513  -24.536 0.3750000000
58521  20.420  -5.066  -24.676 0.5000000000
59233  20.951  -4.220  -25.356 1.0000000000
59222  20.572  -4.336  -24.867 0.6250000000
58530  21.023  -4.867  -25.100 1.0000000000
58538  22.645  -5.296  -26.707 1.0000000000
58539  21.910  -5.119  -26.197 1.0000000000
57742  24.613  -6.170  -27.535 1.0000000000
57743  23.971  -6.252  -27.231 1.0000000000
58549  23.511  -5.058  -27.394 1.0000000000
58547  24.835  -5.460  -27.886 1.0000000000
57733  25.649  -6.895  -27.140 1.0000000000
58545  26.007  -5.386  -27.404 1.0000000000
103831  26.460  -6.332  -27.052 1.0000000000
59217  19.034  -2.983  -23.738 0.3750000000
59216  19.348  -3.379  -24.112 0.3750000000
59224  19.683  -3.698  -24.417 0.5000000000
59947  20.131  -2.936  -25.062 0.5000000000
59958  20.613  -3.615  -25.223 0.8750000000
59957  21.125  -3.708  -25.807 1.0000000000
91918  20.778  -2.982  -25.702 1.0000000000
59239  22.924  -4.404  -27.181 1.0000000000
59969  21.698  -3.791  -26.435 1.0000000000
59247  24.335  -4.858  -27.820 1.0000000000
59248  23.763  -4.174  -27.662 1.0000000000
59245  25.618  -4.622  -27.690 1.0000000000
58546  25.348  -5.255  -27.844 1.0000000000
59938  18.153  -1.923  -23.514 0.5000000000
59948  19.336  -2.819  -24.350 0.5000000000
60737  19.405  -1.929  -24.939 0.6250000000
60747  19.882  -2.256  -25.066 0.6250000000
59959  20.290  -2.909  -25.227 1.0000000000
104810  20.277  -3.309  -24.993 0.7500000000
59970  21.355  -3.038  -26.276 1.0000000000
60758  24.592  -2.651  -27.747 1.0000000000
60759  23.397  -2.788  -27.515 1.0000000000
59979  23.229  -3.574  -27.433 1.0000000000
97079  22.751  -3.098  -27.195 1.0000000000
59977  24.829  -3.245  -27.859 1.0000000000
96741  24.554  -3.992  -27.885 1.0000000000
59976  25.227  -3.291  -27.761 0.8750000000
96803  25.151  -3.909  -27.861 1.0000000000
59244  26.307  -4.710  -27.248 0.8750000000
60738  18.757  -2.145  -24.350 0.5000000000
61453  19.443  -1.622  -24.941 0.8750000000
61457  21.285  -1.594  -26.534 1.0000000000
60754  20.952  -2.312  -26.176 1.0000000000
101002  24.001  -2.541  -27.706 1.0000000000
61464  22.791  -1.426  -27.481 1.0000000000
60752  22.062  -3.061  -26.804 1.0000000000
61463  23.666  -1.204  -27.633 1.0000000000
59967  25.724  -3.031  -27.428 1.0000000000
60757  25.138  -2.683  -27.693 1.0000000000
61462  24.184  -2.011  -27.665 1.0000000000
60727  18.307  -1.907  -23.819 0.5000000000
61446  18.904  -1.606  -24.572 0.8750000000
62184  20.964  -0.112  -26.522 1.0000000000
99118  20.921  -0.971  -26.333 1.0000000000
61452  19.980  -1.573  -25.434 1.0000000000
90078  22.976  0.279  -27.456 1.0000000000
62190  22.924  -0.595  -27.529 1.0000000000
94444  24.212  0.037  -27.477 1.0000000000
62189  23.614  -0.238  -27.582 1.0000000000
92705  24.905  -1.188  -27.362 1.0000000000
62188  24.284  -0.707  -27.530 1.0000000000
61456  25.550  -1.876  -27.156 0.8750000000
63448  16.947  1.404  -22.590 1.0000000000
62136  15.736  0.091  -21.359 0.3750000000
93091  17.294  0.918  -22.861 0.8750000000
62852  19.726  0.775  -25.353 1.0000000000
62858  22.351  0.768  -27.081 1.0000000000
62859  21.656  0.430  -26.756 1.0000000000
64103  16.556  2.056  -22.147 0.8750000000
63466  17.492  1.516  -23.140 1.0000000000
63474  18.663  1.590  -24.295 1.0000000000
63465  18.125  1.524  -23.642 1.0000000000
63479  20.352  1.163  -25.783 1.0000000000
63486  21.656  1.371  -26.670 1.0000000000
62865  23.008  1.115  -27.344 1.0000000000
64091  16.204  2.496  -21.478 0.7500000000
64128  18.364  2.174  -23.850 1.0000000000
94359  19.118  2.042  -24.687 1.0000000000
64145  21.476  2.230  -26.367 1.0000000000
98188  20.257  1.943  -25.589 1.0000000000
63487  20.887  1.692  -26.139 1.0000000000
64118  17.753  2.341  -23.387 1.0000000000
64127  18.756  2.466  -24.356 1.0000000000
64134  20.051  2.753  -25.495 1.0000000000
106421  15.712  8.361  -19.865 0.1250000000
68235  16.167  8.822  -19.821 0.1250000000
67460  16.293  7.849  -20.869 0.2500000000
68247  16.546  8.580  -20.473 0.1250000000
67473  17.355  7.990  -21.792 0.3750000000
68258  17.599  8.723  -21.381 0.2500000000
67491  17.799  7.628  -22.447 0.5000000000
68274  18.086  8.468  -22.162 0.2500000000
68273  18.825  8.633  -22.630 0.3750000000
69029  17.860  9.417  -20.928 0.2500000000
107145  18.594  9.017  -22.159 0.2500000000
102798  18.249  9.130  -21.608 0.2500000000
69041  19.502  9.852  -22.152 0.2500000000
69061  19.926  9.575  -22.838 0.2500000000
68291  19.464  8.873  -23.092 0.3750000000
68272  19.190  9.243  -22.450 0.2500000000
93529  20.172  8.944  -23.561 0.3750000000
69060  20.694  9.432  -23.220 0.2500000000
56939  20.699  -7.206  -24.268 0.2500000000
57712  20.475  -6.706  -24.101 0.1250000000
56162  25.417  -8.579  -26.338 1.0000000000
62191  22.321  -0.900  -27.283 1.0000000000
56128  21.483  -8.383  -23.392 0.1250000000
95242  22.516  -9.146  -24.481 0.6250000000
55373  23.261  -9.622  -24.690 0.7500000000
57713  20.365  -6.030  -23.986 0.1250000000
56153  24.210  -8.825  -25.820 1.0000000000
55389  24.932  -9.101  -26.181 1.0000000000
56161  26.357  -8.463  -26.371 1.0000000000
59215  19.498  -4.485  -24.107 0.3750000000
101113  19.356  -3.696  -23.901 0.2500000000
98464  26.495  -4.128  -27.026 0.8750000000
58536  26.796  -5.468  -27.011 0.8750000000
59966  26.344  -3.399  -27.044 0.8750000000
106599  15.511  -0.109  -20.983 0.1250000000
61411  15.820  -0.522  -21.432 0.1250000000
60728  17.671  -1.633  -23.314 0.3750000000
62172  18.717  -0.816  -24.354 0.6250000000
106486  25.648  -2.536  -27.341 0.8750000000
62817  16.137  0.711  -21.622 0.5000000000
63449  16.480  1.260  -22.018 0.8750000000
62144  16.832  -0.160  -22.435 0.3750000000
98160  17.764  0.004  -23.378 0.8750000000
93951  23.735  0.695  -27.461 1.0000000000
63495  24.170  1.394  -27.163 1.0000000000
63496  23.567  1.574  -27.252 1.0000000000
64119  17.167  2.114  -22.753 1.0000000000
64144  22.042  2.020  -26.747 1.0000000000
64090  16.541  2.987  -22.119 0.8750000000
64786  17.960  3.710  -23.513 1.0000000000
64126  19.381  2.842  -24.862 1.0000000000
64146  20.879  2.482  -25.783 1.0000000000
68218  15.504  9.109  -18.626 0.1250000000
67449  14.637  7.136  -19.657 0.1250000000
66803  16.314  6.333  -21.753 0.6250000000
67492  16.988  7.284  -22.265 0.6250000000
67504  18.940  7.588  -23.443 0.5000000000
68246  17.188  8.975  -20.690 0.2500000000
67503  19.789  8.063  -23.581 0.5000000000
69018  17.469  9.480  -20.060 0.2500000000
69028  18.535  9.790  -21.250 0.2500000000
105917  18.986  8.239  -23.279 0.5000000000
68290  20.565  8.244  -24.036 0.5000000000
69027  19.186  10.096  -21.533 0.1250000000
68289  21.538  9.130  -23.354 0.2500000000
107361  21.730  8.465  -23.725 0.3750000000
69059  23.021  9.245  -23.549 0.2500000000
92347  20.018  10.204  -22.359 0.1250000000
56138  21.405  -8.156  -23.779 0.1250000000
56137  21.603  -8.319  -24.124 0.3750000000
55374  21.943  -8.993  -24.127 0.5000000000
57726  22.335  -6.625  -25.595 1.0000000000
56163  24.704  -8.346  -26.316 1.0000000000
106424  25.005  -6.657  -27.364 1.0000000000
58537  23.416  -5.867  -27.016 1.0000000000
59232  21.428  -4.534  -25.896 1.0000000000
59240  22.141  -4.500  -26.598 1.0000000000
57741  25.417  -6.024  -27.543 1.0000000000
58548  24.117  -5.648  -27.587 1.0000000000
59946  20.215  -3.746  -24.766 0.6250000000
59968  22.450  -3.743  -26.952 1.0000000000
59246  25.004  -4.714  -28.039 1.0000000000
59975  25.825  -3.848  -27.442 0.8750000000
60746  20.397  -2.276  -25.580 1.0000000000
60753  21.667  -2.321  -26.730 1.0000000000
59978  24.096  -3.256  -27.767 1.0000000000
93648  23.459  -2.038  -27.590 1.0000000000
62183  21.646  -0.774  -26.810 1.0000000000
61458  20.586  -1.592  -25.984 1.0000000000
61465  22.006  -1.551  -27.113 1.0000000000
60760  22.553  -2.320  -27.278 1.0000000000
103296  24.415  -1.473  -27.563 1.0000000000
61461  24.815  -2.045  -27.589 1.0000000000
61447  18.501  -1.488  -24.076 0.6250000000
106296  19.166  -1.086  -24.756 0.7500000000
62179  19.568  -0.926  -25.230 1.0000000000
62178  20.303  -0.708  -25.771 1.0000000000
95638  19.698  -0.087  -25.329 1.0000000000
62851  20.360  0.324  -25.853 1.0000000000
105586  21.666  -0.150  -26.785 1.0000000000
99211  22.255  -0.136  -27.134 1.0000000000
62816  16.745  0.630  -22.379 0.7500000000
62834  17.754  0.761  -23.388 1.0000000000
62835  17.341  0.265  -22.855 0.7500000000
62860  20.879  0.822  -26.456 1.0000000000
62845  18.752  0.100  -24.412 1.0000000000
93765  18.823  0.825  -24.485 1.0000000000
105660  16.800  2.545  -22.448 0.8750000000
105541  19.772  1.467  -25.380 1.0000000000
63473  19.260  1.311  -24.856 1.0000000000
63485  22.462  1.536  -26.992 1.0000000000
64135  19.577  2.076  -25.204 1.0000000000
64792  18.317  2.936  -23.806 1.0000000000
95533  17.733  3.131  -23.364 1.0000000000
68236  15.518  8.531  -19.337 0.1250000000
67448  15.336  7.821  -19.891 0.1250000000
68237  14.857  7.955  -19.360 0.1250000000
69019  16.765  9.172  -20.123 0.2500000000
68259  16.874  8.354  -21.181 0.2500000000
67461  15.643  7.471  -20.575 0.3750000000
67475  15.936  7.079  -21.340 0.5000000000
90671  18.471  7.971  -22.931 0.5000000000
68288  22.321  8.636  -23.451 0.2500000000
55364  21.729  -9.024  -23.787 0.2500000000
104074  21.600  -8.940  -23.406 0.1250000000
55382  23.781  -9.272  -25.252 1.0000000000
95978  16.399  -0.397  -21.940 0.5000000000
61435  18.030  -1.311  -23.564 0.6250000000
62171  19.183  -0.401  -24.799 0.8750000000
62159  17.856  -0.675  -23.446 0.7500000000
62160  17.409  -0.440  -22.899 0.8750000000
62833  18.327  -0.183  -23.835 1.0000000000
62846  18.403  0.723  -23.959 1.0000000000
64787  17.210  2.959  -22.718 1.0000000000
64791  19.469  3.803  -24.397 1.0000000000
64798  20.844  3.293  -25.616 1.0000000000
66796  14.728  6.580  -20.204 0.3750000000
66822  16.843  6.518  -22.392 0.7500000000
106839  16.457  7.024  -21.908 0.7500000000
66821  17.646  6.745  -22.641 0.7500000000
69072  22.970  8.548  -24.123 0.3750000000
52211  23.988  -13.163  -23.393 0.7500000000
52209  25.366  -13.788  -23.694 0.7500000000
93967  23.374  -12.787  -23.258 0.7500000000
53006  23.054  -12.212  -23.515 0.7500000000
52223  25.048  -13.188  -24.171 0.7500000000
93385  23.765  -12.479  -23.845 0.7500000000
53817  23.421  -11.761  -24.130 0.7500000000
53016  25.098  -12.438  -24.601 0.7500000000
95923  24.311  -12.006  -24.520 0.7500000000
54596  23.268  -10.388  -24.406 0.7500000000
103540  22.809  -9.855  -24.177 0.6250000000
105304  24.517  -11.425  -24.802 0.7500000000
54595  23.919  -11.072  -24.596 0.8750000000
53015  26.002  -12.140  -24.324 0.7500000000
99162  24.918  -11.670  -24.970 0.7500000000
54605  24.090  -10.108  -24.971 0.8750000000
53825  26.028  -10.932  -25.156 0.7500000000
53826  25.327  -11.145  -25.184 0.7500000000
54604  25.523  -10.432  -25.510 0.8750000000
55381  24.524  -9.558  -25.661 0.8750000000
54603  26.470  -10.225  -25.497 0.7500000000
100292  25.237  -9.723  -25.907 0.8750000000
55379  26.935  -9.592  -25.848 0.8750000000
55387  26.509  -9.198  -26.088 0.8750000000
56152  27.238  -8.928  -26.179 0.8750000000
94959  28.578  -8.164  -26.177 0.3750000000
56947  28.101  -7.769  -26.444 0.6250000000
56160  27.379  -8.100  -26.506 0.7500000000
56956  27.948  -6.722  -26.391 0.7500000000
57732  27.345  -6.148  -26.749 0.7500000000
57725  29.223  -6.381  -25.782 0.1250000000
57731  28.526  -6.162  -26.228 0.3750000000
97750  27.919  -5.942  -26.495 0.6250000000
58535  27.516  -5.423  -26.673 0.6250000000
57724  29.952  -6.614  -25.152 0.1250000000
58534  28.220  -5.412  -26.367 0.1250000000
59236  28.484  -4.715  -26.116 0.1250000000
59237  27.695  -4.722  -26.470 0.6250000000
59965  27.012  -3.895  -26.575 0.6250000000
95492  29.694  -5.059  -25.587 0.1250000000
59955  29.664  -3.813  -25.503 0.1250000000
59964  27.849  -3.931  -26.105 0.1250000000
60749  27.184  -3.141  -26.051 0.5000000000
91855  26.659  -3.077  -26.540 0.6250000000
60751  26.203  -2.560  -26.986 0.7500000000
60745  27.322  -2.433  -25.882 0.5000000000
61455  26.369  -1.834  -26.566 0.6250000000
64068  15.517  2.981  -21.055 0.6250000000
64739  15.285  3.728  -20.629 0.5000000000
93079  16.067  3.232  -21.554 0.7500000000
62181  26.557  -1.061  -26.199 0.6250000000
101469  25.484  -0.049  -26.769 0.6250000000
101110  24.880  -0.216  -27.211 0.8750000000
62855  26.726  -0.252  -25.852 0.5000000000
62182  26.039  -0.326  -26.400 0.6250000000
62857  25.722  0.500  -26.364 0.6250000000
64755  15.716  3.785  -21.284 0.7500000000
62864  24.508  0.599  -27.193 0.8750000000
64155  23.353  2.284  -26.973 0.8750000000
64156  22.670  2.232  -26.890 0.8750000000
62863  25.167  0.506  -26.745 0.7500000000
64153  24.550  1.933  -26.523 0.8750000000
64154  24.002  2.167  -26.984 0.8750000000
64818  23.767  2.886  -26.521 0.8750000000
64143  22.901  3.068  -26.703 0.8750000000
62856  26.282  0.508  -25.946 0.5000000000
63484  25.369  1.140  -26.239 0.6250000000
62850  26.898  0.537  -25.414 0.2500000000
63483  25.897  1.245  -25.926 0.5000000000
65413  15.460  4.451  -20.902 0.6250000000
65428  16.293  4.903  -21.809 0.7500000000
64772  16.854  3.644  -22.447 0.8750000000
64754  16.382  3.943  -21.819 0.7500000000
64808  21.449  3.805  -26.038 0.7500000000
91063  22.068  3.539  -26.540 0.8750000000
106010  25.054  1.712  -26.245 0.6250000000
63478  26.483  1.288  -25.550 0.3750000000
64132  26.122  2.139  -25.670 0.5000000000
94126  25.036  3.178  -26.241 0.7500000000
63477  27.115  1.298  -25.012 0.2500000000
99747  15.636  5.226  -21.239 0.6250000000
65445  17.578  4.511  -23.162 0.8750000000
64785  18.766  3.705  -23.743 0.8750000000
65468  19.625  4.700  -24.264 0.7500000000
64807  22.686  4.052  -26.568 0.7500000000
64125  26.547  2.595  -25.059 0.2500000000
95836  25.958  2.927  -25.501 0.5000000000
99750  15.198  5.041  -20.602 0.5000000000
66084  16.176  5.635  -21.621 0.5000000000
66103  16.701  5.587  -22.272 0.6250000000
66119  17.775  5.272  -23.321 0.7500000000
65461  19.340  5.217  -23.761 0.7500000000
66118  18.711  5.201  -23.492 0.7500000000
66128  20.790  5.635  -24.719 0.7500000000
66135  21.191  5.123  -25.487 0.7500000000
65467  20.245  4.608  -24.881 0.7500000000
66847  19.852  5.606  -24.369 0.7500000000
105941  21.654  5.133  -26.100 0.7500000000
65481  22.482  4.755  -26.549 0.7500000000
66143  21.965  5.032  -26.476 0.7500000000
65478  24.511  4.487  -25.709 0.5000000000
65479  23.873  4.586  -26.033 0.6250000000
64797  25.565  3.597  -25.638 0.3750000000
65473  25.081  4.381  -25.589 0.3750000000
66836  18.107  6.128  -23.380 0.7500000000
104935  19.729  6.256  -24.108 0.7500000000
66134  22.084  5.666  -25.894 0.7500000000
66142  22.810  5.434  -26.501 0.6250000000
66139  24.700  5.206  -25.535 0.3750000000
66856  24.608  5.830  -25.675 0.3750000000
64796  26.170  3.504  -24.808 0.1250000000
66111  26.437  5.215  -24.115 0.1250000000
66132  25.711  5.090  -24.646 0.2500000000
94452  18.871  6.732  -23.443 0.6250000000
96026  19.681  6.925  -23.668 0.7500000000
66845  21.206  6.361  -24.679 0.6250000000
66852  22.516  6.345  -25.824 0.7500000000
66857  23.956  5.921  -25.696 0.3750000000
66859  22.863  6.099  -26.392 0.3750000000
66126  25.494  5.837  -25.208 0.2500000000
96714  25.057  5.865  -25.706 0.3750000000
66141  23.506  5.438  -26.275 0.6250000000
66110  26.970  5.295  -23.439 0.1250000000
64779  26.865  3.927  -24.061 0.1250000000
98703  21.467  7.100  -24.926 0.3750000000
96819  20.869  7.074  -24.486 0.3750000000
66851  23.191  6.607  -25.973 0.3750000000
93593  25.051  7.046  -25.485 0.2500000000
66858  23.324  6.090  -26.351 0.3750000000
97823  26.487  6.838  -23.970 0.1250000000
66844  25.279  6.430  -25.459 0.3750000000
66096  27.566  5.362  -22.729 0.1250000000
66125  25.974  5.740  -24.431 0.1250000000
68304  21.183  8.177  -24.368 0.3750000000
67525  22.259  7.012  -25.466 0.3750000000
67522  24.727  7.452  -25.521 0.3750000000
67523  24.134  7.302  -25.385 0.3750000000
67521  25.265  7.974  -25.555 0.3750000000
66850  23.953  6.489  -25.599 0.3750000000
68286  27.350  8.325  -23.527 0.1250000000
67514  26.123  7.360  -24.375 0.1250000000
67515  25.521  7.192  -25.130 0.2500000000
66815  27.801  6.806  -22.721 0.1250000000
68303  23.094  7.821  -24.598 0.2500000000
68315  24.785  8.395  -25.857 0.2500000000
68317  23.315  7.228  -25.147 0.3750000000
67524  22.483  7.569  -24.920 0.3750000000
68314  25.175  8.729  -26.732 0.1250000000
69069  27.186  9.675  -24.305 0.1250000000
67520  25.882  7.971  -24.941 0.1250000000
90125  22.309  7.963  -24.027 0.3750000000
68316  23.892  8.056  -25.311 0.2500000000
68322  25.112  9.051  -27.105 0.1250000000
69081  25.626  9.553  -26.074 0.1250000000
69092  25.204  9.642  -27.532 0.1250000000
69068  28.047  9.999  -23.832 0.1250000000
69080  26.782  9.972  -25.250 0.1250000000
69804  24.859  10.024  -27.927 0.1250000000
101030  27.327  10.739  -25.564 0.1250000000
69786  28.575  10.592  -24.306 0.1250000000
61451  26.991  -1.765  -26.035 0.6250000000
63494  24.786  1.181  -26.609 0.8750000000
64142  25.067  2.456  -26.234 0.5000000000
64131  26.739  1.908  -25.253 0.3750000000
98287  17.313  5.172  -22.755 0.8750000000
65463  18.191  4.472  -23.506 0.8750000000
92594  21.543  4.596  -26.026 0.7500000000
65482  21.973  4.349  -26.492 0.7500000000
64805  25.114  3.697  -26.012 0.5000000000
99267  24.452  3.689  -26.100 0.7500000000
68300  26.771  8.961  -24.064 0.1250000000
69794  26.090  10.442  -26.132 0.1250000000
69787  27.723  10.378  -24.665 0.1250000000
59238  26.975  -4.750  -26.826 0.6250000000
62177  27.261  -1.002  -25.705 0.3750000000
97204  27.393  -0.224  -25.247 0.2500000000
105913  24.094  3.272  -26.236 0.7500000000
68301  26.243  8.579  -24.742 0.1250000000
62849  27.595  0.534  -24.716 0.1250000000
95968  24.120  -13.923  -23.002 0.7500000000
52992  22.794  -12.724  -22.822 0.7500000000
51482  24.826  -14.407  -23.422 0.7500000000
52210  24.686  -13.605  -23.712 0.7500000000
54597  22.570  -10.557  -23.796 0.6250000000
53005  25.618  -12.915  -23.989 0.6250000000
53815  26.418  -11.400  -24.653 0.6250000000
55378  27.683  -9.348  -25.849 0.5000000000
55371  28.292  -9.087  -25.679 0.3750000000
56150  28.618  -8.560  -25.951 0.1250000000
56945  29.375  -7.160  -25.565 0.1250000000
57717  30.530  -6.452  -24.588 0.1250000000
58525  30.227  -5.025  -25.201 0.1250000000
59230  30.063  -4.399  -25.454 0.1250000000
93568  15.002  3.159  -20.474 0.3750000000
60743  29.141  -3.090  -25.381 0.1250000000
103182  27.917  -1.843  -25.572 0.1250000000
65401  14.283  4.626  -19.614 0.5000000000
63470  27.836  1.285  -24.325 0.1250000000
64111  27.752  2.677  -23.811 0.1250000000
65453  27.366  4.490  -23.319 0.1250000000
66077  15.134  5.824  -20.569 0.3750000000
65441  27.972  4.791  -22.627 0.1250000000
66814  28.691  6.842  -22.176 0.1250000000
66095  28.388  5.394  -22.243 0.1250000000
68285  28.133  8.762  -23.017 0.1250000000
69056  29.317  9.575  -22.991 0.1250000000
69084  24.251  9.372  -25.665 0.2500000000
69083  24.676  9.201  -26.777 0.1250000000
91596  24.633  9.678  -27.366 0.1250000000
69802  26.757  11.162  -26.474 0.1250000000
69803  25.641  10.780  -27.176 0.1250000000
69785  29.475  10.621  -24.173 0.1250000000
70475  28.244  11.090  -25.069 0.1250000000
61460  25.446  -0.808  -26.901 0.7500000000
95337  25.943  -1.211  -26.574 0.7500000000
63442  15.712  1.710  -20.601 0.3750000000
101634  22.086  2.723  -26.621 0.8750000000
55388  25.733  -9.165  -26.171 0.8750000000
56957  27.319  -7.104  -26.645 0.7500000000
94439  18.850  3.121  -24.347 0.8750000000
64799  20.045  3.584  -25.243 0.8750000000
68302  23.587  8.752  -25.080 0.2500000000
52199  23.299  -13.444  -22.740 0.7500000000
51481  25.388  -14.559  -23.392 0.7500000000
53795  22.474  -12.004  -22.945 0.7500000000
92775  22.763  -11.492  -23.669 0.7500000000
53017  24.524  -12.853  -24.112 0.7500000000
53818  23.114  -11.119  -24.182 0.7500000000
53816  25.579  -11.615  -24.833 0.7500000000
53827  24.736  -10.907  -25.152 0.8750000000
96844  24.813  -10.192  -25.524 0.8750000000
55380  26.088  -9.711  -25.823 0.8750000000
54602  27.198  -9.967  -25.453 0.6250000000
56151  28.110  -8.634  -26.222 0.5000000000
56946  28.705  -7.221  -26.070 0.5000000000
56936  29.126  -7.998  -25.672 0.1250000000
58526  29.749  -5.729  -25.435 0.1250000000
58520  30.335  -5.824  -24.875 0.1250000000
58527  29.057  -5.439  -25.992 0.1250000000
59231  29.270  -4.590  -25.721 0.1250000000
59956  28.706  -3.868  -25.705 0.1250000000
60744  28.069  -2.978  -25.672 0.1250000000
60750  26.752  -2.413  -26.368 0.6250000000
103082  24.448  2.804  -26.364 0.7500000000
64806  23.590  3.754  -26.394 0.7500000000
64141  25.533  1.932  -26.002 0.5000000000
65474  20.901  4.160  -25.504 0.7500000000
65480  23.172  4.709  -26.511 0.7500000000
64133  25.549  2.898  -26.018 0.5000000000
64790  26.985  3.032  -24.317 0.1250000000
64124  27.320  2.101  -24.533 0.1250000000
93601  19.265  5.997  -23.612 0.7500000000
66127  21.445  5.821  -25.115 0.7500000000
66140  24.107  5.277  -25.652 0.3750000000
65472  25.570  4.332  -25.023 0.3750000000
66853  21.817  6.452  -25.424 0.3750000000
66133  25.197  5.129  -25.292 0.3750000000
65466  26.256  4.434  -24.404 0.1250000000
65454  26.843  4.670  -23.913 0.1250000000
66849  24.689  6.377  -25.615 0.3750000000
66843  25.861  6.497  -24.582 0.2500000000
99305  27.171  6.060  -22.864 0.1250000000
98365  28.042  6.074  -22.382 0.1250000000
66832  26.497  6.065  -23.747 0.1250000000
67502  20.392  7.447  -24.090 0.3750000000
66831  27.102  6.789  -23.426 0.1250000000
67501  26.841  7.495  -23.764 0.1250000000
67516  21.699  7.543  -24.772 0.3750000000
67529  25.377  8.621  -25.840 0.3750000000
67500  27.572  7.496  -23.199 0.1250000000
69058  27.623  9.245  -23.595 0.1250000000
69057  28.471  9.486  -23.208 0.1250000000
67484  28.285  7.539  -22.616 0.1250000000
90271  24.309  8.778  -25.677 0.2500000000
68313  25.686  8.656  -25.502 0.1250000000
69093  24.893  9.585  -27.663 0.1250000000
69776  28.943  10.141  -23.557 0.1250000000
69070  26.418  9.205  -24.996 0.1250000000
51471  23.464  -14.325  -22.406 0.7500000000
50698  25.081  -15.108  -23.172 0.7500000000
53806  22.167  -11.182  -23.105 0.5000000000
54594  26.780  -10.662  -25.041 0.6250000000
61450  28.716  -2.346  -25.339 0.1250000000
60742  30.088  -3.161  -25.174 0.1250000000
69038  28.897  8.961  -22.691 0.1250000000
51472  22.847  -13.987  -22.218 0.7500000000
52993  22.143  -12.573  -22.294 0.5000000000
50688  24.808  -15.520  -22.675 0.6250000000
51469  25.847  -15.024  -23.134 0.3750000000
51468  26.750  -14.579  -22.789 0.2500000000
51480  26.055  -14.194  -23.299 0.3750000000
55372  27.790  -9.682  -25.260 0.3750000000
65414  14.853  4.451  -20.402 0.3750000000
99748  14.576  5.256  -20.076 0.2500000000
66795  15.364  6.701  -20.731 0.2500000000
51470  24.312  -14.850  -22.679 0.6250000000
52208  26.172  -13.321  -23.445 0.5000000000
53805  26.803  -11.876  -24.094 0.5000000000
50686  26.432  -15.497  -22.697 0.5000000000
50687  25.510  -15.760  -22.717 0.6250000000
50676  24.299  -16.187  -21.769 0.6250000000
52200  22.425  -13.404  -22.209 0.3750000000
93681  24.257  -15.595  -22.104 0.6250000000
50690  22.689  -14.696  -21.859 0.6250000000
49876  26.121  -17.015  -22.321 0.3750000000
49887  25.486  -16.593  -22.345 0.5000000000
49888  24.843  -16.103  -22.326 0.6250000000
53796  21.945  -11.781  -22.345 0.2500000000
50675  27.035  -15.989  -22.354 0.3750000000
52198  26.780  -13.631  -22.972 0.2500000000
50685  27.148  -15.219  -22.457 0.2500000000
54598  22.259  -9.698  -23.831 0.3750000000
52991  26.792  -12.898  -23.180 0.2500000000
53804  27.303  -11.484  -23.689 0.2500000000
54593  27.352  -10.346  -24.809 0.2500000000
55363  27.825  -10.005  -24.466 0.2500000000
55362  28.377  -9.355  -24.619 0.2500000000
61422  16.904  -0.861  -22.482 0.3750000000
60729  17.243  -1.331  -22.731 0.2500000000
62807  15.580  0.889  -21.037 0.2500000000
66078  14.443  5.874  -19.879 0.2500000000
96601  21.874  -9.500  -23.577 0.2500000000
61436  17.497  -1.055  -23.073 0.3750000000
96613  21.898  -10.247  -23.242 0.2500000000
50689  23.487  -15.135  -22.051 0.6250000000
53814  27.106  -11.142  -24.458 0.2500000000
51457  27.529  -14.530  -22.198 0.2500000000
53004  26.418  -12.545  -23.690 0.3750000000
49886  26.248  -16.314  -22.513 0.5000000000
93051  26.839  -16.867  -22.263 0.3750000000
52190  21.734  -13.120  -21.705 0.3750000000
53003  26.972  -12.184  -23.255 0.2500000000
58479  19.383  -3.599  -23.717 0.1250000000
49879  22.962  -16.349  -21.205 0.5000000000
49089  25.457  -17.432  -22.032 0.2500000000
49090  24.491  -17.559  -21.705 0.3750000000
49877  24.758  -16.771  -21.893 0.5000000000
50677  23.657  -15.892  -21.573 0.5000000000
49866  22.450  -16.744  -20.835 0.3750000000
51458  22.120  -15.094  -21.272 0.5000000000
50678  22.815  -15.522  -21.470 0.5000000000
107552  22.142  -14.491  -21.536 0.3750000000
49067  21.596  -17.337  -20.022 0.1250000000
49867  21.876  -16.696  -20.431 0.3750000000
48300  21.364  -18.503  -19.464 0.1250000000
49080  22.876  -17.935  -21.025 0.3750000000
48333  25.063  -18.256  -21.702 0.2500000000
48335  23.557  -17.893  -21.454 0.3750000000
48317  21.317  -17.856  -19.604 0.1250000000
49082  22.272  -17.502  -20.594 0.3750000000
50652  21.187  -15.668  -19.874 0.1250000000
51446  21.191  -14.760  -20.251 0.1250000000
62176  28.014  -0.949  -25.139 0.1250000000
96598  22.416  -14.100  -21.868 0.3750000000
49878  23.841  -16.780  -21.485 0.5000000000
52189  21.944  -13.872  -21.581 0.2500000000
49088  26.347  -17.589  -21.959 0.2500000000
49081  22.974  -17.211  -21.132 0.5000000000
50664  22.201  -15.958  -20.842 0.5000000000
48334  24.199  -18.274  -21.589 0.3750000000
101407  21.603  -16.038  -20.330 0.2500000000
50665  21.592  -15.333  -20.601 0.1250000000
49068  21.116  -17.225  -19.418 0.1250000000
49850  21.377  -16.555  -19.883 0.1250000000
49851  20.973  -16.428  -19.293 0.1250000000
51459  21.581  -14.465  -21.022 0.1250000000
48328  22.451  -18.404  -20.585 0.3750000000
48327  24.317  -18.938  -21.420 0.2500000000
47587  23.568  -19.437  -21.108 0.2500000000
54573  21.786  -10.983  -22.503 0.2500000000
47577  21.948  -18.902  -20.103 0.1250000000
48316  21.776  -18.136  -20.098 0.1250000000
99161  23.724  -18.656  -21.394 0.2500000000
95082  23.144  -18.611  -21.083 0.2500000000
47588  22.739  -19.183  -20.595 0.1250000000
54574  21.675  -10.313  -22.719 0.1250000000
64069  15.337  2.486  -20.377 0.1250000000
63421  15.488  2.027  -20.054 0.1250000000
64052  14.525  2.990  -20.046 0.1250000000
63405  13.676  2.712  -19.210 0.1250000000
64045  13.420  3.223  -18.815 0.1250000000
65402  13.526  4.736  -19.082 0.1250000000
64728  13.994  3.721  -19.477 0.1250000000
64706  11.857  3.478  -17.328 0.1250000000
64721  13.234  4.171  -18.660 0.1250000000
66786  14.076  6.169  -19.490 0.1250000000
63422  14.194  1.525  -19.061 0.1250000000
65389  12.973  4.828  -18.540 0.1250000000
66071  12.390  5.895  -19.056 0.1250000000
66758  13.022  5.774  -19.154 0.1250000000
62808  15.514  1.239  -20.320 0.1250000000
62791  15.359  1.707  -19.601 0.1250000000
60713  17.365  -1.731  -22.850 0.1250000000
52981  21.574  -12.369  -21.729 0.1250000000
54560  21.667  -11.055  -22.059 0.1250000000
61423  16.422  -0.860  -21.968 0.1250000000
62809  15.428  1.032  -19.758 0.1250000000
62772  13.358  1.108  -17.364 0.1250000000
62761  13.094  1.334  -17.920 0.1250000000
64685  10.924  2.259  -15.458 0.1250000000
66034  12.199  5.317  -16.457 0.1250000000
66757  13.265  6.427  -18.401 0.1250000000
66772  13.062  5.982  -19.046 0.1250000000
99448  15.536  0.472  -20.620 0.1250000000
54585  21.677  -9.595  -23.252 0.1250000000
101908  13.788  5.438  -19.415 0.1250000000
53781  21.562  -11.665  -21.802 0.1250000000
54561  21.698  -10.536  -22.365 0.1250000000
100081  14.250  2.317  -19.507 0.1250000000
63389  12.213  2.233  -17.542 0.1250000000
65369  11.807  4.502  -17.134 0.1250000000
64707  11.665  3.823  -16.403 0.1250000000
98455  12.485  5.684  -18.603 0.1250000000
66045  12.938  5.358  -18.718 0.1250000000
64691  12.572  3.483  -16.110 0.1250000000
90927  13.722  7.412  -17.376 0.1250000000
49087  27.197  -17.220  -21.711 0.1250000000
49875  27.553  -16.458  -21.855 0.1250000000
89579  27.792  -15.436  -21.948 0.1250000000
104793  27.278  -13.836  -22.442 0.1250000000
52990  27.411  -12.822  -22.526 0.1250000000
52989  28.038  -12.034  -22.138 0.1250000000
53794  27.511  -11.754  -22.767 0.1250000000
54571  28.510  -10.618  -22.503 0.1250000000
54584  27.609  -10.718  -24.066 0.1250000000
54583  28.211  -10.071  -23.578 0.1250000000
48326  25.257  -19.039  -21.137 0.1250000000
48325  26.305  -18.593  -20.631 0.1250000000
49078  26.730  -17.840  -20.982 0.1250000000
49865  27.966  -16.806  -21.198 0.1250000000
51456  28.224  -14.497  -21.638 0.1250000000
103218  27.932  -13.588  -21.835 0.1250000000
52197  28.122  -12.731  -21.848 0.1250000000
96619  28.798  -9.365  -23.713 0.1250000000
55353  28.963  -9.736  -22.823 0.1250000000
56144  28.858  -8.679  -25.259 0.1250000000
54572  27.784  -10.957  -23.097 0.1250000000
107480  25.737  -17.936  -21.864 0.1250000000
49079  25.944  -18.279  -21.470 0.1250000000
101041  28.072  -11.352  -22.455 0.1250000000
53780  28.582  -11.414  -21.915 0.1250000000
105643  29.087  -10.253  -22.307 0.1250000000
47585  24.970  -19.969  -20.975 0.1250000000
47584  25.883  -19.493  -20.518 0.1250000000
49874  28.250  -16.054  -21.347 0.1250000000
105150  29.489  -9.362  -22.673 0.1250000000
62145  16.356  0.138  -21.869 0.3750000000
62762  13.002  1.212  -17.507 0.1250000000
62771  14.043  1.185  -17.850 0.1250000000
62844  19.221  0.419  -24.843 1.0000000000
63390  11.697  1.827  -17.219 0.1250000000
63397  12.841  1.891  -18.184 0.1250000000
63398  12.515  1.425  -17.597 0.1250000000
63406  13.942  1.758  -18.096 0.1250000000
63441  16.133  1.585  -21.355 0.8750000000
63497  23.013  1.753  -27.186 1.0000000000
63998  11.262  2.315  -15.210 0.1250000000
63999  10.925  1.626  -14.888 0.1250000000
64000  10.715  1.599  -15.120 0.1250000000
64010  11.258  2.518  -16.502 0.1250000000
64011  10.686  2.190  -15.707 0.1250000000
64044  13.564  3.345  -19.076 0.1250000000
64053  14.004  2.720  -19.535 0.1250000000
64070  15.094  2.294  -19.705 0.1250000000
64092  15.897  2.232  -20.866 0.7500000000
64683  11.815  3.398  -15.689 0.1250000000
64684  11.142  3.012  -15.762 0.1250000000
64692  10.843  3.093  -15.916 0.1250000000
64722  12.484  3.352  -17.894 0.1250000000
64729  13.453  4.249  -18.930 0.1250000000
64740  14.594  3.709  -20.164 0.3750000000
64771  17.413  3.759  -22.909 0.8750000000
64809  21.445  3.024  -26.153 0.8750000000
65345  11.806  3.944  -15.990 0.1250000000
65390  12.814  4.833  -18.294 0.1250000000
65429  15.848  4.469  -21.451 0.6250000000
65446  16.910  4.509  -22.503 0.7500000000
65462  19.147  4.458  -23.671 0.8750000000
66023  12.554  5.202  -16.257 0.1250000000
66060  12.676  5.856  -19.058 0.1250000000
66745  12.659  5.993  -17.011 0.1250000000
66804  15.687  6.153  -21.282 0.6250000000
66837  17.381  5.893  -22.784 0.6250000000
66846  20.321  6.490  -24.321 0.7500000000
67462  15.038  7.161  -20.275 0.3750000000
67474  16.644  7.586  -21.540 0.3750000000
67490  18.394  7.076  -22.913 0.7500000000
67517  21.010  7.706  -24.518 0.3750000000
68219  14.892  8.451  -18.748 0.1250000000
68248  15.896  8.202  -20.294 0.1250000000
68257  18.871  9.493  -21.850 0.2500000000
68269  28.594  8.250  -22.611 0.1250000000
68270  27.993  8.087  -22.974 0.1250000000
68287  26.474  8.151  -24.162 0.1250000000
69040  20.606  10.024  -22.543 0.1250000000
69082  25.033  9.350  -27.526 0.1250000000
69766  19.798  10.392  -21.798 0.1250000000
96232  28.768  6.029  -21.994 0.1250000000
97163  18.340  -0.916  -23.808 0.6250000000
98324  20.916  8.764  -23.744 0.3750000000
100134  12.413  4.141  -17.784 0.1250000000
100300  12.770  5.027  -18.049 0.1250000000
100366  11.515  3.166  -16.640 0.1250000000
107208  18.076  0.331  -23.615 0.8750000000
