#!ascii label  , from subject OASIS_0001 vox2ras=TkReg
1430
21605  37.985  -54.306  -19.377 0.6000000238
20837  37.092  -54.873  -18.377 0.5000000000
23310  37.200  -51.271  -19.284 0.6999999881
23325  37.784  -51.869  -19.718 0.6000000238
22470  38.366  -52.569  -20.208 0.6000000238
91511  37.920  -50.142  -19.713 0.6000000238
22472  37.224  -53.267  -19.080 0.6999999881
22471  37.752  -52.920  -19.642 0.5000000000
21614  39.116  -53.513  -20.628 0.5000000000
23324  38.606  -51.538  -20.233 0.6000000238
24180  38.588  -50.657  -20.106 0.6000000238
21606  36.680  -53.610  -18.559 0.5000000000
20836  37.907  -55.607  -18.830 0.5000000000
20844  38.242  -55.689  -19.475 0.6000000238
24179  39.134  -50.384  -20.509 0.6000000238
20010  37.563  -56.978  -17.464 0.5000000000
19298  37.338  -57.551  -17.572 0.5000000000
26504  36.936  -47.090  -19.125 0.6000000238
26517  37.343  -47.727  -19.553 0.6999999881
24168  36.629  -50.676  -18.891 0.6000000238
98452  36.744  -49.954  -19.024 0.6999999881
25004  37.266  -49.609  -19.352 0.6000000238
25743  37.157  -48.654  -19.303 0.6000000238
91866  37.907  -49.234  -19.891 0.6000000238
23311  36.522  -51.594  -18.846 0.6000000238
22456  37.122  -52.217  -19.259 0.6999999881
25003  38.544  -49.933  -20.180 0.6000000238
22458  35.898  -52.951  -18.183 0.5000000000
23312  35.834  -51.964  -18.321 0.5000000000
25741  38.413  -48.554  -20.341 0.6000000238
20016  37.895  -56.407  -18.074 0.5000000000
25758  39.315  -48.914  -21.054 0.6000000238
20828  36.716  -55.441  -17.602 0.5000000000
26532  39.842  -48.172  -21.529 0.6999999881
25757  40.540  -48.979  -21.937 0.6000000238
26531  40.221  -47.428  -21.863 0.6999999881
25769  41.372  -49.088  -22.894 0.6000000238
25781  41.268  -48.728  -24.091 0.6000000238
92539  41.464  -49.135  -23.589 0.6000000238
26553  37.573  -47.503  -23.306 0.5000000000
28408  37.705  -45.145  -23.597 0.6999999881
27177  37.836  -46.717  -23.663 0.6000000238
95573  37.352  -45.120  -22.892 0.8000000119
94489  36.736  -46.186  -22.481 0.6999999881
27134  37.142  -46.103  -19.168 0.6999999881
94269  36.229  -48.973  -18.407 0.6999999881
25728  36.511  -48.487  -18.706 0.6999999881
100167  36.494  -47.355  -18.672 0.6000000238
27141  37.610  -46.823  -19.690 0.6999999881
23303  35.926  -50.983  -18.408 0.6000000238
25729  35.966  -48.270  -18.166 0.6000000238
107375  37.889  -46.097  -19.691 0.8000000119
23304  35.308  -51.412  -17.754 0.5000000000
24159  35.417  -50.456  -17.828 0.5000000000
93371  38.420  -45.709  -19.962 0.8000000119
27140  38.310  -46.518  -20.112 0.6000000238
22450  35.272  -52.356  -17.624 0.5000000000
89607  38.886  -46.099  -20.530 0.8000000119
26533  38.988  -47.947  -20.760 0.6000000238
104439  35.685  -54.313  -17.451 0.5000000000
27154  39.552  -46.593  -21.275 0.8000000119
100329  39.456  -47.423  -21.173 0.6999999881
27168  40.382  -46.670  -22.222 0.6999999881
27169  39.892  -45.993  -21.759 0.6999999881
27176  40.904  -46.744  -23.235 0.6999999881
27729  40.365  -45.908  -22.572 0.6999999881
98511  40.703  -46.423  -23.841 0.6000000238
26552  41.109  -47.758  -23.683 0.6000000238
26545  40.946  -47.566  -22.817 0.6000000238
27746  40.318  -45.640  -24.321 0.6999999881
27183  40.360  -47.214  -24.194 0.6999999881
26557  40.898  -47.979  -24.186 0.6000000238
27747  39.817  -45.463  -24.478 0.6999999881
26559  39.114  -47.497  -24.223 0.6000000238
27742  38.136  -45.880  -23.930 0.8000000119
95225  38.997  -45.708  -24.405 0.8000000119
27185  38.345  -47.265  -23.889 0.6000000238
29161  37.922  -43.971  -24.391 0.8999999762
101763  36.418  -44.918  -21.859 0.6999999881
29155  37.607  -43.725  -23.935 0.8000000119
27738  36.795  -45.425  -22.423 0.6999999881
102904  36.616  -43.999  -18.071 0.6000000238
28357  37.257  -44.287  -18.561 0.6999999881
29859  37.496  -42.623  -18.302 0.6999999881
27693  36.490  -45.667  -18.443 0.6000000238
106838  37.820  -43.108  -18.666 0.6000000238
27680  35.384  -45.735  -17.190 0.4000000060
26506  35.935  -47.257  -18.184 0.6000000238
27679  35.860  -45.214  -17.761 0.6000000238
28367  37.910  -44.567  -19.245 0.6999999881
27122  35.385  -46.752  -17.278 0.6000000238
94795  34.979  -49.970  -17.071 0.4000000060
24981  35.117  -49.074  -17.413 0.5000000000
25723  35.486  -48.470  -17.629 0.6000000238
27697  38.465  -44.889  -19.817 0.8000000119
24160  34.799  -50.934  -17.170 0.5000000000
27715  38.826  -45.251  -20.417 0.8000000119
23305  34.650  -51.824  -17.162 0.4000000060
96264  39.160  -44.847  -20.818 0.8000000119
21602  35.043  -53.853  -16.884 0.5000000000
28394  39.843  -44.478  -21.783 0.8000000119
29136  40.040  -43.095  -22.410 0.8000000119
28393  40.053  -45.022  -22.861 0.6999999881
99218  39.506  -44.852  -21.287 0.8000000119
28400  40.400  -44.396  -23.646 0.8000000119
91307  39.958  -44.009  -22.619 0.6999999881
29154  40.526  -43.120  -23.987 0.8999999762
28407  40.365  -44.762  -24.198 0.8999999762
99577  40.501  -45.187  -23.775 0.6999999881
28411  40.068  -44.739  -24.472 0.8999999762
27741  40.537  -45.770  -24.081 0.6999999881
97500  39.897  -46.378  -24.423 0.6000000238
94482  38.577  -44.238  -24.602 0.8999999762
29159  39.440  -44.040  -24.730 0.8999999762
29149  37.150  -43.754  -22.168 0.8000000119
29139  36.656  -43.273  -21.392 0.8000000119
96305  36.543  -44.161  -21.533 0.8000000119
29907  37.693  -42.884  -23.810 0.8000000119
28401  37.527  -44.313  -23.051 0.6999999881
29111  37.157  -43.408  -18.275 0.6999999881
28358  36.524  -44.742  -18.240 0.6000000238
91958  37.882  -42.012  -18.405 0.6999999881
29091  35.431  -44.114  -16.575 0.4000000060
28343  35.880  -44.208  -17.474 0.5000000000
29110  38.373  -43.134  -19.205 0.6999999881
27667  35.094  -45.392  -16.381 0.5000000000
28366  38.548  -43.929  -19.666 0.6999999881
27668  34.876  -46.073  -15.890 0.5000000000
26497  35.107  -47.408  -16.880 0.6000000238
25713  34.279  -48.450  -15.940 0.4000000060
26484  34.647  -47.566  -16.258 0.4000000060
30653  39.168  -41.583  -20.245 0.8000000119
29124  39.146  -43.643  -20.303 0.8000000119
24973  34.173  -49.360  -15.808 0.4000000060
90435  39.481  -43.421  -20.870 0.8000000119
29123  39.371  -42.918  -20.413 0.8000000119
28377  38.907  -44.446  -20.332 0.8000000119
22451  34.600  -52.775  -16.935 0.3000000119
29887  39.876  -42.302  -22.071 0.8000000119
95942  39.687  -42.049  -21.264 0.8000000119
29137  39.738  -43.638  -21.615 0.8000000119
29900  40.325  -42.519  -22.823 0.8000000119
29906  40.492  -42.386  -23.726 0.8999999762
98801  40.436  -42.934  -23.235 0.8999999762
29908  40.565  -41.972  -24.668 0.8999999762
104137  40.399  -43.245  -24.538 0.8999999762
29911  40.302  -42.246  -25.291 0.8999999762
29162  40.255  -42.959  -25.137 0.8999999762
29163  39.711  -43.206  -25.124 0.8999999762
29140  35.971  -43.747  -20.817 0.8000000119
29160  38.693  -43.437  -24.836 0.8999999762
29909  38.393  -42.618  -24.896 0.8999999762
29148  37.626  -43.347  -22.870 0.8000000119
29910  37.918  -43.198  -24.474 0.8000000119
29097  36.805  -42.661  -17.715 0.6000000238
91282  37.239  -41.989  -17.860 0.6000000238
30643  37.604  -41.307  -18.244 0.6000000238
29847  36.613  -41.984  -17.113 0.6000000238
29090  35.886  -42.898  -16.011 0.4000000060
91843  35.718  -43.445  -16.724 0.4000000060
88954  36.132  -42.671  -16.936 0.4000000060
29098  36.344  -43.377  -17.575 0.5000000000
30642  38.356  -41.717  -18.875 0.6999999881
29077  35.472  -43.736  -15.838 0.4000000060
29871  38.656  -42.411  -19.377 0.6999999881
28319  35.414  -44.474  -15.380 0.5000000000
28331  35.146  -44.549  -16.086 0.4000000060
30654  38.795  -41.678  -19.610 0.6999999881
28304  35.808  -44.419  -14.762 0.5000000000
31392  38.984  -40.234  -20.013 0.8000000119
29870  39.125  -42.331  -19.983 0.8000000119
30665  39.698  -41.415  -21.815 0.8000000119
29876  39.453  -42.199  -20.644 0.8000000119
30677  39.901  -41.020  -22.644 0.8000000119
93183  40.642  -40.400  -23.785 0.8999999762
30676  40.266  -41.789  -22.877 0.8999999762
31422  40.666  -40.803  -24.281 0.8999999762
29912  39.928  -42.485  -25.493 0.8999999762
30689  40.058  -41.651  -25.574 1.0000000000
30678  37.625  -41.635  -22.544 0.8000000119
30690  39.002  -41.981  -25.348 1.0000000000
29901  37.682  -42.498  -22.796 0.8000000119
30687  38.050  -41.899  -24.850 1.0000000000
30684  37.849  -41.944  -23.810 0.8000000119
31377  37.071  -40.507  -17.597 0.6000000238
94306  36.932  -39.528  -17.263 0.6000000238
31365  36.776  -40.756  -16.624 0.6000000238
32128  37.509  -39.908  -18.257 0.6999999881
30606  36.604  -41.697  -15.544 0.4000000060
29839  36.197  -42.098  -16.211 0.4000000060
30620  36.611  -41.418  -16.453 0.4000000060
29076  35.937  -43.194  -15.218 0.4000000060
93723  38.527  -41.058  -19.251 0.6999999881
29051  36.266  -43.682  -14.664 0.5000000000
30586  37.136  -42.099  -14.514 0.4000000060
104243  38.656  -40.495  -19.547 0.8000000119
31391  39.232  -40.813  -20.438 0.8000000119
99928  38.544  -38.914  -19.435 0.8000000119
32155  39.564  -39.682  -21.351 0.8000000119
31395  39.525  -40.650  -21.087 0.8000000119
32169  40.015  -39.687  -22.463 0.8000000119
31403  39.614  -40.473  -22.075 0.8000000119
31414  40.192  -40.371  -22.983 0.8999999762
31424  40.683  -40.689  -24.896 0.8999999762
32975  40.869  -39.086  -24.093 0.8999999762
31429  40.400  -40.772  -25.258 1.0000000000
31430  39.801  -40.728  -25.555 1.0000000000
95729  37.832  -41.019  -23.383 0.8000000119
29890  36.775  -42.369  -21.391 0.8000000119
31431  38.681  -40.527  -25.290 1.0000000000
31426  37.929  -41.145  -24.491 0.8000000119
30686  38.306  -41.204  -25.144 0.8000000119
32122  36.813  -39.204  -16.080 0.6000000238
30619  36.925  -41.314  -17.372 0.6000000238
31382  38.212  -40.346  -18.953 0.6999999881
32918  37.931  -38.412  -18.674 0.6999999881
101957  37.192  -40.510  -15.161 0.4000000060
31354  36.889  -40.984  -15.731 0.5000000000
92724  36.803  -40.178  -15.892 0.5000000000
32127  38.069  -39.385  -18.818 0.8000000119
30587  36.753  -42.091  -14.900 0.4000000060
32138  38.634  -39.804  -19.494 0.8000000119
31328  38.620  -40.827  -14.071 0.4000000060
30585  37.773  -40.830  -14.514 0.4000000060
94207  39.336  -39.996  -20.544 0.8000000119
32137  39.096  -39.375  -20.067 0.8000000119
32143  39.402  -39.304  -20.630 0.8000000119
32168  40.608  -39.801  -23.527 0.8999999762
32966  40.401  -38.492  -22.857 0.8000000119
32177  40.894  -40.001  -24.535 1.0000000000
32183  40.828  -39.969  -25.097 1.0000000000
32974  41.197  -38.368  -24.764 1.0000000000
32987  40.020  -38.734  -25.832 1.0000000000
31423  37.871  -40.373  -24.098 0.8999999762
30666  37.142  -41.791  -21.756 0.8000000119
31415  37.754  -40.220  -23.063 0.8999999762
32184  38.243  -39.663  -25.134 1.0000000000
104076  37.888  -39.853  -24.638 1.0000000000
32179  37.843  -39.615  -23.799 1.0000000000
33811  40.829  -37.531  -26.047 1.0000000000
98205  39.915  -37.903  -25.983 1.0000000000
91184  39.069  -37.318  -25.931 1.0000000000
35366  42.087  -35.529  -26.654 1.0000000000
33812  40.027  -37.101  -26.147 1.0000000000
104903  36.913  -38.590  -16.955 0.6999999881
32912  36.997  -37.813  -16.755 0.6999999881
33742  37.274  -37.201  -17.179 0.6999999881
32884  37.201  -38.445  -15.625 0.6000000238
32899  36.902  -38.128  -16.128 0.6000000238
93124  37.333  -38.047  -17.662 0.6999999881
31339  37.655  -39.975  -14.815 0.5000000000
33750  37.717  -37.355  -18.316 0.8000000119
94989  38.332  -40.157  -14.363 0.4000000060
102622  38.306  -38.343  -19.285 0.8000000119
107325  38.971  -38.801  -19.976 0.8000000119
32936  39.252  -38.564  -20.487 0.8000000119
32950  39.682  -38.272  -21.321 0.8000000119
33767  39.354  -37.685  -20.844 0.8000000119
32949  40.210  -38.128  -21.968 0.6999999881
32154  40.046  -38.875  -21.918 0.8000000119
33794  40.292  -36.987  -22.376 0.8000000119
33799  40.735  -38.096  -23.705 0.8999999762
34598  40.616  -37.279  -23.371 1.0000000000
32983  41.189  -39.243  -25.002 1.0000000000
34603  41.129  -37.550  -24.422 1.0000000000
35355  41.052  -35.830  -24.295 1.0000000000
32982  41.144  -38.223  -25.245 1.0000000000
91935  41.964  -36.383  -25.126 1.0000000000
34610  41.934  -36.890  -25.381 1.0000000000
98356  42.251  -36.277  -25.834 1.0000000000
33810  41.639  -37.106  -25.964 1.0000000000
32178  37.933  -39.140  -24.509 1.0000000000
32977  37.811  -38.797  -23.654 1.0000000000
34615  42.076  -36.344  -26.238 1.0000000000
33809  38.865  -38.137  -25.644 1.0000000000
99562  38.092  -37.904  -25.088 1.0000000000
33807  38.295  -37.310  -25.452 1.0000000000
34617  40.192  -36.277  -26.511 1.0000000000
33732  37.126  -37.325  -16.272 0.6999999881
33700  38.010  -37.399  -15.322 0.5000000000
34525  37.528  -36.859  -15.791 0.6999999881
32082  38.382  -38.867  -14.622 0.5000000000
32869  37.916  -38.191  -15.125 0.5000000000
34556  38.108  -37.010  -19.185 0.8000000119
33758  38.597  -37.432  -19.753 0.8000000119
34564  38.574  -36.724  -19.757 0.6999999881
33768  39.003  -37.162  -20.333 0.8000000119
34574  39.375  -36.893  -20.974 0.8000000119
34588  39.695  -36.525  -21.727 0.6999999881
33781  39.940  -37.431  -21.630 0.6999999881
34599  39.915  -36.247  -22.586 0.8999999762
36156  39.556  -34.708  -22.319 0.8000000119
36933  39.056  -33.195  -22.081 0.8000000119
106294  40.415  -36.692  -23.137 0.8999999762
36932  39.626  -33.915  -22.673 0.8000000119
35348  40.387  -36.061  -23.431 1.0000000000
36165  39.976  -34.677  -23.301 0.8999999762
103762  39.840  -33.120  -22.996 0.8999999762
37674  39.230  -32.393  -22.643 0.8000000119
35356  40.346  -35.357  -23.659 0.8999999762
36164  40.910  -34.831  -24.363 1.0000000000
33808  41.575  -37.282  -25.527 1.0000000000
35361  42.439  -35.625  -25.821 1.0000000000
35363  42.405  -35.491  -26.332 1.0000000000
34614  38.711  -36.520  -25.551 1.0000000000
97924  42.618  -34.038  -26.299 1.0000000000
36175  42.540  -34.738  -26.724 1.0000000000
96107  39.352  -36.136  -25.965 1.0000000000
36172  42.614  -34.819  -26.475 1.0000000000
92489  42.779  -34.038  -26.918 1.0000000000
36958  41.265  -34.189  -27.031 1.0000000000
99967  37.818  -36.132  -15.867 0.6999999881
34535  37.526  -36.361  -16.639 0.6999999881
34548  37.571  -36.621  -17.657 0.6999999881
34524  38.444  -36.491  -15.301 0.6000000238
93199  37.676  -35.909  -17.610 0.6999999881
106970  38.362  -37.777  -15.026 0.5000000000
34557  37.840  -36.374  -18.520 0.6999999881
32868  38.767  -38.142  -14.732 0.5000000000
35312  38.101  -35.823  -19.053 0.8000000119
34565  38.203  -36.383  -19.269 0.6999999881
34575  38.915  -36.420  -20.396 0.6999999881
35311  38.444  -35.949  -19.727 0.6999999881
35321  38.775  -35.529  -20.405 0.6999999881
35320  39.243  -36.024  -21.068 0.6999999881
35337  39.510  -35.523  -21.866 0.6999999881
36918  38.824  -33.618  -21.377 0.8000000119
37662  38.572  -32.932  -21.210 0.8000000119
95273  38.457  -32.077  -20.897 0.8000000119
37675  38.711  -32.277  -21.800 0.8000000119
38406  38.583  -31.323  -21.542 0.8000000119
38418  38.930  -31.714  -22.335 0.8000000119
36946  40.336  -33.855  -23.691 1.0000000000
93244  39.832  -32.426  -23.435 1.0000000000
102702  39.539  -31.597  -23.221 0.8000000119
35354  41.879  -35.541  -25.059 1.0000000000
97118  40.439  -32.991  -24.072 1.0000000000
36170  42.224  -34.820  -25.523 1.0000000000
95272  42.336  -33.243  -25.830 1.0000000000
35365  38.990  -35.765  -25.599 1.0000000000
35362  38.400  -35.809  -25.135 1.0000000000
36953  42.832  -33.291  -26.838 1.0000000000
37694  42.750  -32.508  -27.087 1.0000000000
36956  42.748  -33.153  -27.144 1.0000000000
36177  40.688  -34.870  -26.803 1.0000000000
37697  42.598  -32.403  -27.227 1.0000000000
35271  38.208  -35.527  -15.661 0.6999999881
35284  37.785  -35.505  -16.245 0.6999999881
35295  37.647  -35.072  -17.564 0.6000000238
35303  37.807  -35.463  -18.349 0.6000000238
92920  38.062  -35.137  -19.015 0.6999999881
95881  38.327  -35.095  -19.734 0.6999999881
106575  38.238  -35.523  -19.386 0.6999999881
36130  38.633  -34.572  -20.363 0.6999999881
37652  38.425  -32.767  -20.277 0.8000000119
35338  39.161  -35.084  -21.032 0.6999999881
36145  38.932  -34.276  -21.135 0.8000000119
39181  38.455  -30.642  -20.995 0.8000000119
39195  38.613  -30.379  -21.708 0.8000000119
39194  39.139  -30.054  -22.504 0.8000000119
39202  39.615  -30.593  -23.271 0.8000000119
36951  41.501  -32.718  -24.888 1.0000000000
37685  40.433  -32.030  -24.221 1.0000000000
38433  40.854  -31.433  -24.761 1.0000000000
39201  40.376  -30.226  -23.986 0.8999999762
37691  41.319  -31.990  -25.068 1.0000000000
38432  41.839  -31.422  -25.580 1.0000000000
39210  42.013  -30.628  -25.788 1.0000000000
35357  38.063  -35.888  -24.423 1.0000000000
38436  42.461  -31.722  -26.671 1.0000000000
36173  39.740  -34.343  -26.572 1.0000000000
36174  38.775  -34.971  -25.636 1.0000000000
36959  42.395  -32.692  -27.378 1.0000000000
96334  37.738  -34.850  -16.743 0.6999999881
36886  38.114  -33.676  -18.857 0.6000000238
105677  38.433  -33.326  -20.018 0.6999999881
36895  38.418  -33.881  -19.743 0.6999999881
36902  38.570  -33.632  -20.607 0.6999999881
39997  38.674  -29.482  -21.854 0.6999999881
39996  39.152  -29.163  -22.683 0.6999999881
101484  39.731  -29.713  -23.286 0.8000000119
39211  40.940  -30.787  -24.894 0.8999999762
40008  41.186  -29.991  -24.782 1.0000000000
36955  38.885  -33.927  -25.535 1.0000000000
107540  42.263  -31.194  -26.271 1.0000000000
106610  40.533  -33.558  -26.839 1.0000000000
37700  42.225  -32.256  -27.421 1.0000000000
36100  37.944  -34.136  -16.621 0.6000000238
36112  37.768  -34.247  -17.404 0.6000000238
37622  38.056  -32.742  -17.748 0.6000000238
36877  37.862  -33.551  -18.031 0.6000000238
37632  38.125  -32.847  -18.546 0.6000000238
37642  38.353  -32.325  -19.120 0.6000000238
107376  38.391  -32.505  -19.698 0.6000000238
97287  38.406  -31.950  -19.872 0.6999999881
39169  38.454  -30.452  -20.233 0.6999999881
39987  38.472  -29.798  -20.915 0.6999999881
98903  38.571  -28.859  -21.203 0.6999999881
40791  38.813  -28.560  -22.057 0.6999999881
46770  39.892  -20.728  -18.943 0.3000000119
40002  39.828  -28.863  -23.349 0.6999999881
47556  40.169  -19.881  -18.945 0.3000000119
34576  36.085  -36.723  -20.479 0.8999999762
35339  37.420  -36.168  -22.636 1.0000000000
93239  38.156  -35.097  -24.733 1.0000000000
36167  37.808  -35.144  -23.789 1.0000000000
102355  42.401  -30.298  -26.770 1.0000000000
39225  42.273  -30.916  -27.356 1.0000000000
38439  42.472  -31.809  -27.222 1.0000000000
37698  41.739  -32.530  -27.390 1.0000000000
38440  41.451  -31.824  -27.339 1.0000000000
36868  38.292  -33.435  -16.492 0.6000000238
37611  38.218  -32.757  -17.003 0.6000000238
37621  38.273  -31.992  -17.414 0.6000000238
100110  38.557  -30.525  -17.529 0.6000000238
38378  38.306  -31.260  -17.886 0.6999999881
39145  38.429  -30.445  -18.533 0.6999999881
38382  38.350  -31.313  -18.611 0.6000000238
99105  38.403  -31.057  -19.477 0.6999999881
42266  40.741  -27.227  -16.849 0.3000000119
42283  40.641  -26.352  -17.093 0.3000000119
107206  38.453  -30.259  -19.479 0.6999999881
102026  38.454  -29.694  -19.951 0.6999999881
102760  38.489  -28.350  -20.673 0.6999999881
46008  39.674  -21.703  -18.727 0.3000000119
98024  39.769  -20.073  -19.323 0.4000000060
46782  39.569  -20.546  -19.524 0.4000000060
32929  34.913  -37.875  -19.797 0.6999999881
34566  34.838  -36.942  -19.637 0.6999999881
48332  39.631  -18.552  -21.290 0.3000000119
47564  39.915  -19.355  -19.404 0.3000000119
41575  39.512  -27.473  -22.998 0.6999999881
34590  36.505  -36.227  -21.124 0.8999999762
89688  39.836  -17.901  -20.709 0.3000000119
47582  39.457  -19.912  -19.940 0.3000000119
40797  40.511  -28.585  -23.990 0.8000000119
106065  36.850  -35.739  -21.909 0.8999999762
48322  39.716  -18.617  -20.429 0.3000000119
40804  41.671  -28.992  -25.941 1.0000000000
36171  38.446  -34.393  -24.911 1.0000000000
40017  42.496  -29.621  -27.020 1.0000000000
37699  40.439  -32.601  -26.809 1.0000000000
36954  39.449  -33.330  -26.302 1.0000000000
40021  43.024  -30.279  -27.946 1.0000000000
39226  42.123  -31.042  -27.436 1.0000000000
39223  41.825  -30.451  -27.595 1.0000000000
96782  38.602  -29.877  -17.865 0.6999999881
41509  40.803  -27.891  -16.702 0.3000000119
40750  40.144  -27.751  -16.808 0.4000000060
98964  38.547  -29.597  -18.397 0.6999999881
39157  38.495  -29.662  -19.113 0.6999999881
42284  39.976  -27.020  -17.073 0.4000000060
39973  38.464  -28.993  -20.358 0.6999999881
43001  40.354  -25.591  -17.334 0.3000000119
91540  39.789  -26.226  -17.380 0.5000000000
41554  38.406  -27.229  -19.917 0.6999999881
100924  38.469  -27.741  -20.568 0.6999999881
43002  39.693  -25.374  -17.672 0.5000000000
102530  38.644  -27.892  -21.369 0.6999999881
45245  39.792  -23.154  -18.106 0.4000000060
43763  39.111  -24.112  -19.012 0.6000000238
44488  39.114  -22.917  -19.123 0.5000000000
41570  38.721  -27.009  -21.800 0.6999999881
45257  40.052  -22.327  -18.233 0.3000000119
41576  39.011  -27.662  -22.261 0.6999999881
46821  39.537  -20.559  -23.095 0.4000000060
45271  39.212  -22.135  -19.344 0.4000000060
40790  39.340  -28.290  -22.803 0.6999999881
34567  34.068  -36.675  -19.590 0.6999999881
88915  39.696  -19.254  -22.824 0.4000000060
46021  39.479  -21.241  -19.400 0.4000000060
45284  39.188  -21.575  -19.990 0.4000000060
33771  32.987  -38.044  -19.927 0.6000000238
89182  39.506  -19.309  -21.877 0.3000000119
46800  39.304  -20.809  -20.147 0.4000000060
104847  39.098  -21.435  -20.717 0.4000000060
40798  39.921  -28.043  -23.459 0.6999999881
41582  39.724  -26.768  -23.315 0.6999999881
34577  35.343  -36.446  -20.089 0.6999999881
103360  39.288  -20.237  -21.524 0.4000000060
89657  39.307  -20.215  -20.658 0.4000000060
41581  40.481  -27.767  -24.069 0.8000000119
47593  39.423  -19.411  -20.805 0.3000000119
46808  39.205  -20.775  -20.914 0.4000000060
36166  37.990  -34.374  -24.170 1.0000000000
41589  40.833  -27.576  -24.925 0.8999999762
40024  43.075  -29.647  -28.163 1.0000000000
100032  43.011  -30.340  -27.933 1.0000000000
40819  43.154  -29.146  -28.033 1.0000000000
39224  40.859  -30.924  -27.304 1.0000000000
38437  40.078  -31.600  -26.727 1.0000000000
40023  40.640  -30.053  -27.318 1.0000000000
39937  38.849  -29.805  -17.257 0.6000000238
94213  39.257  -29.073  -17.142 0.6000000238
39938  38.742  -29.126  -17.809 0.6000000238
40760  38.644  -28.362  -18.204 0.6999999881
40731  39.676  -28.375  -16.935 0.5000000000
41528  39.524  -27.700  -17.281 0.6000000238
39948  38.569  -29.009  -18.674 0.6999999881
40770  38.374  -28.327  -18.987 0.6999999881
97980  38.464  -28.990  -19.515 0.6999999881
42285  39.352  -26.977  -17.636 0.6000000238
98636  38.312  -27.696  -19.251 0.6999999881
42302  39.214  -26.175  -18.122 0.6000000238
40781  38.353  -28.197  -19.888 0.6999999881
43748  39.684  -24.513  -17.897 0.6000000238
43019  39.252  -25.146  -18.406 0.6000000238
42316  38.645  -26.410  -20.370 0.6999999881
41563  38.593  -27.084  -20.918 0.6999999881
43762  39.388  -24.286  -18.480 0.5000000000
43774  38.891  -24.491  -19.556 0.6000000238
89881  38.740  -25.064  -20.080 0.6000000238
42320  38.850  -26.268  -21.359 0.6000000238
46826  39.713  -20.711  -24.001 0.4000000060
44489  38.977  -23.637  -19.568 0.4000000060
47604  39.648  -19.924  -23.438 0.4000000060
45272  39.039  -22.852  -19.767 0.5000000000
41569  39.200  -26.759  -22.525 0.6999999881
47598  39.448  -20.006  -22.521 0.4000000060
93348  39.506  -21.321  -23.177 0.5000000000
45285  38.972  -22.297  -20.395 0.4000000060
35340  36.262  -35.388  -21.226 0.8999999762
46042  39.135  -21.181  -21.524 0.4000000060
42329  40.390  -26.822  -24.097 0.6999999881
103440  40.002  -27.356  -23.578 0.6999999881
36157  37.547  -34.371  -23.187 0.8999999762
41588  41.641  -28.110  -26.092 0.8999999762
104401  39.248  -32.607  -26.051 1.0000000000
36947  38.376  -33.651  -24.582 1.0000000000
40814  42.455  -28.831  -26.990 1.0000000000
37695  39.422  -32.054  -26.232 1.0000000000
93141  38.822  -32.935  -25.216 1.0000000000
40822  43.060  -28.880  -28.211 1.0000000000
40821  40.867  -28.586  -27.844 0.8999999762
41604  41.750  -27.974  -28.449 1.0000000000
93737  41.249  -29.362  -27.742 1.0000000000
39220  39.701  -30.759  -26.571 1.0000000000
38438  39.205  -31.428  -25.970 1.0000000000
93738  40.037  -29.070  -26.696 1.0000000000
40018  39.369  -29.827  -26.082 0.8999999762
93801  39.806  -28.095  -26.341 0.8999999762
41529  38.942  -27.697  -17.898 0.6000000238
41541  38.511  -27.704  -18.582 0.6999999881
42286  38.807  -27.035  -18.324 0.6999999881
100917  38.352  -27.086  -18.993 0.6999999881
92028  38.778  -25.860  -18.908 0.6000000238
42311  38.537  -26.471  -19.450 0.6999999881
43025  38.696  -25.785  -19.800 0.6000000238
93075  38.850  -25.670  -20.657 0.6000000238
46060  40.218  -21.147  -24.715 0.3000000119
105484  39.078  -24.643  -18.922 0.6000000238
94130  38.852  -25.167  -19.266 0.6000000238
46061  39.860  -21.772  -24.107 0.4000000060
43779  38.802  -24.260  -20.444 0.6000000238
43031  38.931  -25.010  -20.803 0.6000000238
44501  38.877  -23.719  -21.237 0.5000000000
106952  38.868  -26.474  -22.025 0.6000000238
45290  38.935  -22.857  -21.192 0.4000000060
43043  39.090  -25.875  -22.232 0.6000000238
46056  39.501  -22.219  -23.184 0.5000000000
104996  39.119  -22.559  -21.826 0.4000000060
46043  38.962  -22.017  -21.336 0.4000000060
42324  39.460  -26.059  -23.047 0.6000000238
46048  39.181  -21.836  -22.278 0.4000000060
42330  39.942  -26.194  -23.612 0.6000000238
45295  39.390  -22.765  -22.483 0.4000000060
104258  36.589  -34.906  -21.789 0.8999999762
106348  40.743  -26.957  -25.086 0.8999999762
36158  36.787  -34.333  -22.355 0.8999999762
36948  37.716  -33.531  -23.677 0.8999999762
36952  38.157  -32.826  -24.314 0.8999999762
40820  42.504  -29.012  -28.419 1.0000000000
37696  38.942  -32.086  -25.529 1.0000000000
39221  38.979  -30.685  -25.573 0.8999999762
40815  38.961  -28.754  -25.311 1.0000000000
40019  38.639  -29.855  -25.045 0.8999999762
41598  39.532  -27.115  -26.263 1.0000000000
41599  38.983  -27.576  -25.330 0.8999999762
107020  38.680  -26.526  -18.736 0.6999999881
46825  40.350  -20.526  -24.760 0.3000000119
46067  40.465  -21.821  -25.369 0.3000000119
43036  39.010  -25.390  -21.433 0.6000000238
45305  40.120  -22.629  -24.551 0.5000000000
43783  38.979  -24.574  -21.355 0.5000000000
45296  39.186  -23.263  -21.891 0.5000000000
44508  39.144  -24.079  -22.001 0.5000000000
43789  39.142  -24.925  -22.123 0.5000000000
43788  39.390  -24.388  -22.721 0.5000000000
101468  39.786  -22.590  -23.783 0.5000000000
44507  39.436  -23.563  -22.593 0.5000000000
45302  39.661  -23.049  -23.187 0.5000000000
43052  40.290  -25.863  -24.140 0.6999999881
44518  39.846  -24.147  -24.128 0.5000000000
44515  39.636  -23.850  -23.321 0.5000000000
42335  40.657  -26.282  -24.981 0.6000000238
103855  41.295  -27.348  -25.653 0.8999999762
41597  42.882  -28.200  -27.596 0.8999999762
92261  43.068  -27.437  -27.960 0.8999999762
93377  42.452  -27.262  -28.443 0.8999999762
41606  42.900  -28.210  -28.405 0.8999999762
41603  43.125  -28.257  -28.155 1.0000000000
38434  38.657  -31.414  -25.199 0.8999999762
37692  38.410  -32.118  -24.840 0.8999999762
41605  40.389  -27.610  -27.687 0.8000000119
39212  38.303  -30.698  -24.830 0.8999999762
46829  40.712  -20.882  -25.608 0.3000000119
46066  41.403  -21.376  -26.510 0.4000000060
45318  41.186  -22.219  -26.520 0.4000000060
45310  40.580  -22.844  -25.588 0.4000000060
44517  40.191  -23.525  -24.801 0.5000000000
43042  39.363  -25.235  -22.865 0.5000000000
43048  39.792  -25.511  -23.529 0.5000000000
43798  40.138  -25.019  -24.128 0.5000000000
43797  40.405  -24.481  -24.950 0.5000000000
43051  40.629  -25.411  -24.967 0.6000000238
43059  41.735  -25.715  -27.126 0.6999999881
42342  42.166  -26.596  -27.266 0.6999999881
89590  42.041  -27.407  -26.736 0.6999999881
42349  42.893  -26.811  -28.056 0.8000000119
90515  43.025  -27.439  -28.080 0.8999999762
42350  41.201  -26.988  -28.372 0.6999999881
93147  38.071  -29.094  -24.576 0.8999999762
103943  42.164  -21.740  -27.344 0.3000000119
46074  42.575  -21.124  -27.621 0.3000000119
100533  42.107  -22.440  -27.521 0.3000000119
44524  40.708  -23.823  -25.872 0.4000000060
45319  41.323  -23.121  -26.732 0.4000000060
44532  42.249  -23.306  -27.794 0.4000000060
44533  41.472  -24.073  -27.150 0.4000000060
43806  41.020  -24.935  -26.241 0.5000000000
43067  42.512  -25.955  -28.080 0.6000000238
42351  39.970  -26.669  -27.453 0.6999999881
106103  38.174  -28.563  -24.684 0.8999999762
42344  38.868  -26.614  -25.307 0.8999999762
41590  37.918  -27.064  -24.693 0.8000000119
40806  37.535  -28.463  -24.439 0.8000000119
42336  38.132  -26.110  -24.756 0.6999999881
42337  37.153  -26.372  -24.537 0.8000000119
46080  42.898  -21.056  -28.138 0.3000000119
96136  42.696  -21.650  -28.002 0.3000000119
45324  42.447  -22.620  -28.128 0.3000000119
89165  42.587  -21.753  -28.034 0.4000000060
44538  42.391  -23.564  -28.251 0.5000000000
43812  42.409  -24.165  -28.075 0.5000000000
43815  42.247  -24.313  -28.304 0.5000000000
43805  41.980  -24.991  -27.694 0.5000000000
90806  42.241  -24.961  -28.150 0.5000000000
43069  42.289  -25.588  -28.093 0.6000000238
42352  42.662  -26.449  -28.097 0.6999999881
42353  41.815  -26.288  -28.378 0.6999999881
43071  40.497  -26.096  -28.272 0.6999999881
91577  39.836  -25.430  -28.248 0.6999999881
43068  39.558  -25.743  -27.408 0.6999999881
43062  38.760  -25.868  -25.343 0.6999999881
46837  42.547  -20.566  -27.647 0.3000000119
46083  42.539  -21.152  -28.240 0.4000000060
45327  42.200  -23.078  -28.459 0.4000000060
44541  42.199  -23.864  -28.496 0.4000000060
45330  41.852  -23.383  -28.724 0.3000000119
43818  42.082  -24.319  -28.555 0.5000000000
44542  41.298  -23.557  -28.745 0.3000000119
43819  41.453  -24.189  -28.701 0.5000000000
43816  40.930  -24.630  -28.574 0.4000000060
43072  42.110  -25.554  -28.339 0.6999999881
92072  41.822  -24.812  -28.532 0.6999999881
43070  41.024  -25.369  -28.395 0.6999999881
92052  41.972  -22.089  -28.393 0.3000000119
45328  41.576  -22.911  -28.653 0.3000000119
45325  40.773  -22.230  -28.437 0.3000000119
45329  40.518  -23.056  -28.531 0.3000000119
95325  39.853  -22.466  -28.270 0.3000000119
44543  40.326  -23.967  -28.668 0.3000000119
44539  39.625  -23.211  -28.126 0.4000000060
43817  39.954  -24.747  -28.439 0.5000000000
44534  39.372  -23.983  -27.950 0.5000000000
43813  39.297  -24.782  -27.384 0.6000000238
46846  41.963  -20.403  -27.978 0.4000000060
99446  42.046  -20.889  -28.272 0.3000000119
46843  40.812  -20.850  -27.905 0.3000000119
46081  41.320  -21.446  -28.289 0.3000000119
96281  39.775  -21.565  -28.023 0.3000000119
45326  39.143  -22.387  -27.629 0.3000000119
103272  38.798  -22.652  -27.148 0.4000000060
44540  39.049  -23.168  -27.377 0.4000000060
45320  38.606  -22.885  -26.540 0.4000000060
44535  38.884  -23.789  -26.904 0.5000000000
43814  38.867  -24.333  -26.201 0.6000000238
43054  37.413  -25.575  -24.604 0.6999999881
94898  36.726  -27.099  -24.512 0.8000000119
47629  41.306  -19.738  -27.537 0.4000000060
46844  39.626  -20.696  -27.606 0.3000000119
104253  39.136  -21.067  -27.598 0.3000000119
96277  38.529  -22.139  -26.948 0.4000000060
105231  38.275  -22.876  -25.919 0.4000000060
44525  38.483  -23.553  -25.784 0.4000000060
43061  38.928  -25.232  -26.061 0.6000000238
43799  37.642  -24.750  -24.748 0.6999999881
44526  37.744  -23.875  -24.991 0.4000000060
44519  36.944  -23.491  -24.888 0.4000000060
92417  36.871  -24.269  -24.666 0.5000000000
43800  36.659  -25.058  -24.552 0.6000000238
43055  36.427  -25.835  -24.532 0.6999999881
89435  40.481  -20.152  -27.581 0.3000000119
46082  38.767  -21.352  -27.417 0.3000000119
45311  38.094  -22.172  -25.981 0.3000000119
46068  37.597  -21.269  -25.769 0.3000000119
89883  37.226  -21.971  -25.394 0.3000000119
45312  37.672  -22.934  -25.440 0.3000000119
45313  36.539  -22.734  -25.175 0.3000000119
44520  36.150  -23.737  -24.853 0.3000000119
99722  36.177  -24.579  -24.633 0.5000000000
43056  35.722  -25.295  -24.714 0.5000000000
47623  40.208  -19.314  -27.235 0.3000000119
47630  39.318  -19.908  -27.399 0.3000000119
46845  38.826  -20.537  -27.422 0.3000000119
46838  38.276  -20.600  -27.079 0.3000000119
95981  36.429  -21.829  -25.201 0.3000000119
45314  35.705  -22.178  -25.271 0.3000000119
44528  35.223  -23.858  -25.394 0.4000000060
43801  35.508  -24.513  -25.049 0.5000000000
43063  34.995  -25.107  -25.387 0.5000000000
89929  39.032  -19.174  -26.983 0.3000000119
92367  38.443  -19.744  -27.100 0.3000000119
106381  37.894  -20.742  -26.307 0.3000000119
46069  36.785  -21.028  -25.382 0.3000000119
44527  35.600  -23.083  -25.361 0.4000000060
104294  34.865  -23.344  -25.590 0.4000000060
44529  34.317  -23.913  -25.690 0.4000000060
44530  33.351  -23.850  -25.998 0.4000000060
43808  34.672  -24.564  -25.577 0.5000000000
43809  33.673  -24.565  -25.923 0.4000000060
48365  40.543  -18.486  -26.912 0.3000000119
46076  37.950  -20.029  -26.403 0.3000000119
46830  37.389  -20.416  -25.718 0.3000000119
91199  36.042  -20.406  -25.366 0.3000000119
46071  34.894  -21.619  -25.529 0.3000000119
45315  34.901  -22.603  -25.587 0.4000000060
97839  34.102  -23.217  -25.920 0.3000000119
48366  39.678  -18.678  -26.717 0.3000000119
49124  38.941  -18.310  -26.358 0.3000000119
47624  37.929  -19.335  -26.602 0.3000000119
47617  37.406  -19.624  -26.024 0.3000000119
47618  36.857  -19.107  -26.200 0.3000000119
46831  36.819  -20.000  -25.564 0.3000000119
46070  35.870  -21.315  -25.201 0.3000000119
48367  38.208  -18.948  -26.672 0.3000000119
48356  37.399  -18.788  -26.376 0.3000000119
90919  35.336  -20.826  -25.407 0.3000000119
49115  38.702  -17.476  -25.831 0.3000000119
48355  37.916  -18.148  -26.126 0.4000000060
47619  35.974  -19.219  -25.865 0.3000000119
49116  36.979  -18.218  -26.068 0.4000000060
104989  37.416  -17.802  -25.814 0.4000000060
48357  36.483  -18.495  -26.164 0.4000000060
103188  40.109  -39.445  -25.690 1.0000000000
32986  40.751  -38.268  -25.744 1.0000000000
43053  38.350  -25.291  -24.947 0.8000000119
24167  37.267  -50.431  -19.331 0.6000000238
24181  37.921  -50.958  -19.657 0.6000000238
26516  38.150  -47.534  -20.163 0.6000000238
21600  36.127  -54.063  -18.049 0.5000000000
21601  35.401  -53.337  -17.513 0.5000000000
96931  36.340  -47.863  -18.535 0.6000000238
28412  39.177  -44.849  -24.521 0.8999999762
27121  35.850  -46.198  -17.978 0.5000000000
24982  34.539  -49.143  -16.705 0.4000000060
27112  34.973  -46.805  -16.432 0.5000000000
24150  34.358  -50.536  -16.416 0.4000000060
29120  38.954  -43.073  -19.798 0.6999999881
29147  40.340  -43.548  -23.362 0.8999999762
31383  37.704  -40.629  -18.416 0.6999999881
27111  35.126  -46.138  -16.626 0.5000000000
104308  35.057  -45.789  -15.242 0.5000000000
99633  38.827  -40.979  -19.903 0.8000000119
23294  34.207  -51.357  -16.521 0.4000000060
101679  38.154  -41.026  -18.741 0.6999999881
29808  36.591  -42.762  -14.675 0.4000000060
91226  40.387  -39.161  -22.961 0.8000000119
90294  36.720  -40.022  -16.620 0.6000000238
30605  37.077  -41.372  -14.910 0.4000000060
32928  38.689  -38.241  -19.805 0.8000000119
32185  40.461  -40.047  -25.437 1.0000000000
106949  38.155  -39.518  -14.585 0.5000000000
107098  37.137  -39.792  -15.438 0.5000000000
32988  39.122  -39.109  -25.506 1.0000000000
33720  37.296  -37.689  -15.692 0.6999999881
103838  41.690  -37.076  -24.860 1.0000000000
90768  40.849  -39.215  -25.401 1.0000000000
35367  40.977  -35.534  -26.764 1.0000000000
36176  41.863  -34.852  -26.931 1.0000000000
36144  39.322  -34.716  -21.598 0.8000000119
94755  39.007  -30.939  -22.445 0.8000000119
36945  41.508  -33.773  -24.895 1.0000000000
93970  40.482  -29.421  -23.952 0.8000000119
40007  41.920  -29.811  -25.777 1.0000000000
39222  42.422  -31.012  -27.007 1.0000000000
93333  40.998  -29.194  -24.915 1.0000000000
37631  38.219  -32.009  -18.302 0.6000000238
99054  38.401  -31.733  -19.047 0.6999999881
44459  40.125  -23.845  -17.732 0.4000000060
33783  36.717  -37.046  -21.033 1.0000000000
35350  37.356  -35.222  -22.694 1.0000000000
45258  39.481  -22.592  -18.629 0.4000000060
40022  42.425  -29.916  -28.118 1.0000000000
44474  39.335  -23.489  -18.662 0.5000000000
46814  39.306  -20.844  -22.356 0.4000000060
44496  38.898  -23.278  -20.447 0.5000000000
40805  38.145  -28.005  -24.716 0.8000000119
43794  39.664  -24.688  -23.433 0.5000000000
42334  41.359  -26.733  -25.864 0.6999999881
43060  41.229  -25.950  -25.996 0.6000000238
42343  39.214  -26.213  -26.259 0.6999999881
43807  38.477  -24.455  -25.296 0.6000000238
46075  38.143  -21.385  -26.629 0.3000000119
25782  40.750  -49.004  -24.000 0.5000000000
90944  40.483  -48.300  -24.082 0.5000000000
26558  40.045  -47.741  -24.195 0.5000000000
24212  39.948  -50.773  -23.361 0.5000000000
25037  39.797  -49.176  -23.553 0.5000000000
98968  41.238  -51.416  -23.235 0.5000000000
25043  41.311  -49.415  -23.665 0.5000000000
25036  40.650  -49.926  -23.535 0.5000000000
23335  41.049  -51.572  -21.991 0.4000000060
25029  41.068  -49.828  -22.344 0.5000000000
96964  40.339  -51.087  -21.446 0.4000000060
104907  40.681  -50.140  -21.737 0.5000000000
106520  39.304  -51.603  -20.671 0.5000000000
24194  39.931  -50.402  -21.257 0.5000000000
31398  34.342  -40.665  -20.559 0.6999999881
31399  33.387  -40.743  -20.820 0.6999999881
31396  35.956  -40.245  -20.567 0.8000000119
31405  36.689  -40.709  -21.128 0.8000000119
30668  36.058  -41.351  -20.658 0.8000000119
91072  37.397  -40.149  -21.958 0.8999999762
32146  34.342  -39.777  -20.463 0.6999999881
32157  36.642  -39.714  -21.185 0.8999999762
32952  36.638  -38.782  -21.228 0.8999999762
32156  37.194  -39.108  -21.951 0.8999999762
32170  37.650  -39.367  -22.844 0.8999999762
32939  35.384  -38.769  -20.269 0.6000000238
32145  34.928  -39.407  -20.358 0.8000000119
32967  37.560  -38.507  -22.750 0.8999999762
33801  37.700  -37.937  -23.611 0.8999999762
37596  39.898  -32.480  -15.779 0.5000000000
36859  38.782  -33.369  -15.927 0.5000000000
98694  38.593  -32.866  -16.372 0.5000000000
96516  38.594  -34.743  -15.578 0.6000000238
36099  38.359  -34.051  -15.963 0.5000000000
106295  34.326  -38.892  -20.196 0.6000000238
32938  36.161  -38.390  -20.544 0.8999999762
32144  36.061  -39.261  -20.597 0.8999999762
33795  37.487  -37.717  -22.630 0.8999999762
92490  37.740  -37.257  -24.001 0.8999999762
34611  38.090  -36.635  -25.063 0.8999999762
38366  39.084  -31.342  -16.466 0.5000000000
39132  38.919  -30.530  -16.814 0.5000000000
38353  39.820  -31.584  -16.035 0.5000000000
37610  38.632  -32.106  -16.601 0.5000000000
37597  39.090  -32.675  -16.004 0.5000000000
33769  36.201  -37.542  -20.490 0.8999999762
100532  35.673  -37.968  -20.145 0.6999999881
94760  36.767  -37.894  -21.082 0.8999999762
33782  37.141  -37.398  -21.819 0.8999999762
34606  37.662  -36.686  -23.369 0.8999999762
34605  37.865  -36.607  -24.281 0.8999999762
97183  39.391  -29.790  -16.710 0.5000000000
38367  38.559  -31.274  -17.095 0.5000000000
38365  39.724  -30.656  -16.321 0.5000000000
97064  40.675  -30.531  -16.184 0.5000000000
34589  36.983  -36.598  -21.867 0.8999999762
34600  37.408  -36.953  -22.600 0.8999999762
39928  39.889  -29.074  -16.684 0.5000000000
39131  40.219  -29.811  -16.420 0.5000000000
40730  40.377  -28.428  -16.680 0.4000000060
35323  35.065  -35.669  -20.408 0.6000000238
35324  34.267  -35.434  -20.268 0.6000000238
35341  35.572  -35.127  -20.914 0.8000000119
36147  35.311  -34.505  -21.305 0.6999999881
36148  34.529  -34.242  -21.320 0.6999999881
36149  33.694  -34.068  -21.357 0.6999999881
36146  36.005  -34.258  -21.685 0.8000000119
105447  35.968  -34.790  -21.325 0.8000000119
36919  35.183  -33.712  -21.720 0.6999999881
36937  34.595  -33.218  -22.168 0.6999999881
37677  35.384  -32.454  -22.850 0.6999999881
101256  35.531  -31.879  -23.236 0.6999999881
36949  36.964  -33.025  -23.214 0.8000000119
37687  36.359  -32.316  -23.251 0.8000000119
38425  37.222  -31.315  -23.925 0.8000000119
37693  37.813  -32.016  -24.106 0.8000000119
38426  36.168  -31.409  -23.490 0.6999999881
39203  36.464  -30.627  -23.785 0.8000000119
40003  35.997  -29.965  -23.828 0.6000000238
38435  38.023  -31.385  -24.567 0.8000000119
39213  37.432  -30.660  -24.271 0.8000000119
40011  36.282  -29.188  -24.138 0.6000000238
40808  35.921  -28.489  -24.350 0.6000000238
39214  36.803  -29.893  -24.027 0.8000000119
40807  36.697  -28.435  -24.275 0.6000000238
98476  36.261  -27.796  -24.398 0.6000000238
40009  37.733  -29.897  -24.450 0.8000000119
95792  35.621  -27.987  -24.619 0.6000000238
40010  37.180  -29.113  -24.192 0.6999999881
42338  36.297  -26.530  -24.550 0.6999999881
41592  35.719  -27.172  -24.690 0.6000000238
42339  35.608  -26.220  -24.746 0.6000000238
41591  37.189  -27.777  -24.445 0.6999999881
22469  39.225  -52.304  -20.693 0.4000000060
23336  40.007  -51.838  -21.343 0.5000000000
25018  39.242  -49.778  -20.746 0.5000000000
106468  41.377  -50.370  -22.831 0.5000000000
24211  41.269  -50.403  -23.233 0.5000000000
32976  37.910  -38.349  -24.432 0.8999999762
36934  36.931  -33.630  -22.832 0.8000000119
24218  41.008  -51.081  -23.479 0.5000000000
24205  41.376  -51.243  -22.811 0.5000000000
90785  35.078  -40.086  -20.445 0.8000000119
36858  39.506  -33.294  -15.691 0.5000000000
36935  36.081  -33.615  -22.169 0.8000000119
37676  36.200  -32.951  -22.707 0.6999999881
102331  37.025  -31.920  -23.613 0.8000000119
98669  35.601  -30.683  -23.695 0.6999999881
98575  39.065  -38.807  -14.393 0.4000000060
32866  40.392  -38.550  -14.519 0.4000000060
33699  39.426  -37.676  -14.720 0.4000000060
32867  39.585  -38.384  -14.533 0.4000000060
34502  39.326  -36.912  -14.883 0.5000000000
97836  40.065  -37.946  -14.657 0.4000000060
33697  40.813  -37.818  -14.858 0.4000000060
34523  39.320  -36.204  -15.041 0.5000000000
35270  38.945  -35.511  -15.246 0.5000000000
34501  39.979  -36.499  -14.896 0.5000000000
34522  40.531  -36.186  -15.157 0.4000000060
33718  41.484  -37.235  -15.284 0.4000000060
34521  41.229  -36.387  -15.352 0.4000000060
33698  40.062  -37.255  -14.725 0.4000000060
98063  39.485  -34.800  -15.328 0.5000000000
35269  39.924  -35.637  -15.114 0.5000000000
104335  41.643  -35.871  -15.618 0.4000000060
35294  43.748  -35.519  -17.182 0.4000000060
35281  43.078  -35.498  -16.667 0.4000000060
34520  42.131  -36.576  -15.734 0.4000000060
34533  43.486  -36.142  -16.910 0.4000000060
36087  40.332  -34.822  -15.362 0.5000000000
36086  41.031  -34.796  -15.548 0.4000000060
38400  45.147  -31.599  -20.275 0.3000000119
35268  40.895  -35.558  -15.390 0.4000000060
37651  45.089  -32.379  -20.085 0.3000000119
35283  42.425  -34.709  -16.415 0.4000000060
36893  45.171  -33.299  -19.881 0.3000000119
36894  44.792  -33.324  -19.137 0.3000000119
104792  44.098  -34.133  -18.083 0.3000000119
36110  43.389  -34.747  -17.031 0.4000000060
35282  42.318  -35.660  -16.076 0.4000000060
93056  45.082  -34.088  -19.203 0.3000000119
36119  44.576  -34.535  -18.457 0.3000000119
35293  44.094  -34.865  -17.702 0.4000000060
36088  39.929  -34.017  -15.498 0.4000000060
94372  40.756  -34.057  -15.601 0.4000000060
36098  41.551  -34.267  -15.871 0.4000000060
39168  44.915  -30.948  -20.113 0.3000000119
39156  44.470  -30.686  -19.538 0.3000000119
37641  44.708  -32.599  -19.398 0.3000000119
37629  44.268  -32.865  -18.631 0.3000000119
36885  43.863  -33.491  -18.094 0.4000000060
36120  43.599  -34.084  -17.603 0.4000000060
36884  44.437  -33.743  -18.594 0.3000000119
39144  43.538  -30.733  -18.318 0.3000000119
38376  43.096  -31.142  -17.696 0.3000000119
37620  42.794  -32.356  -17.183 0.4000000060
37606  42.090  -32.265  -16.609 0.4000000060
93960  41.906  -32.987  -16.352 0.4000000060
36856  41.263  -33.345  -15.870 0.4000000060
38380  44.099  -31.282  -18.830 0.3000000119
38381  43.567  -31.446  -18.221 0.3000000119
94535  43.254  -32.030  -17.759 0.3000000119
97046  43.154  -32.720  -17.503 0.4000000060
36876  42.696  -33.053  -16.904 0.4000000060
37630  43.926  -32.069  -18.368 0.3000000119
97047  43.592  -32.768  -18.028 0.3000000119
36875  43.323  -33.348  -17.536 0.4000000060
36111  42.955  -33.944  -16.996 0.4000000060
36867  42.151  -33.729  -16.430 0.4000000060
89564  44.359  -32.088  -18.933 0.3000000119
104735  40.383  -31.174  -16.062 0.4000000060
38364  41.078  -31.222  -16.096 0.4000000060
37608  40.642  -31.918  -15.905 0.4000000060
39140  42.427  -30.652  -16.929 0.3000000119
38363  41.854  -31.378  -16.538 0.4000000060
37607  41.332  -32.510  -16.051 0.4000000060
37595  40.686  -32.704  -15.788 0.4000000060
38377  42.628  -31.648  -17.103 0.4000000060
38427  35.147  -31.318  -23.454 0.6000000238
104000  34.778  -31.995  -23.229 0.6000000238
103427  35.654  -29.570  -24.243 0.5000000000
40012  34.942  -29.533  -24.657 0.5000000000
40809  35.032  -28.712  -24.921 0.5000000000
41593  34.843  -27.847  -25.251 0.5000000000
42345  34.825  -25.834  -25.272 0.4000000060
47620  34.806  -18.889  -25.912 0.3000000119
47625  33.571  -18.729  -26.512 0.3000000119
101438  33.143  -19.655  -26.542 0.3000000119
48358  35.445  -18.144  -26.289 0.3000000119
106250  32.596  -18.240  -26.777 0.3000000119
48369  31.538  -17.670  -27.116 0.3000000119
49117  35.888  -17.873  -26.161 0.3000000119
48359  34.332  -17.904  -26.579 0.3000000119
49119  33.685  -17.055  -26.816 0.3000000119
48368  33.085  -17.692  -26.777 0.3000000119
49126  31.188  -16.916  -27.144 0.3000000119
49120  30.750  -17.332  -27.132 0.3000000119
49910  36.758  -17.452  -25.502 0.3000000119
49118  34.707  -17.478  -26.379 0.3000000119
49912  33.985  -16.510  -26.544 0.3000000119
96725  33.033  -16.440  -26.892 0.3000000119
49125  32.391  -16.860  -27.085 0.3000000119
49901  36.377  -16.506  -24.854 0.3000000119
49911  35.267  -16.880  -25.679 0.3000000119
93695  34.151  -15.721  -25.970 0.3000000119
49913  33.124  -15.894  -26.451 0.3000000119
102771  37.304  -16.744  -25.011 0.3000000119
49902  35.274  -15.873  -24.861 0.3000000119
50708  36.353  -15.543  -24.429 0.3000000119
51490  37.416  -14.932  -24.358 0.3000000119
34534  42.895  -36.267  -16.421 0.4000000060
32080  39.793  -39.185  -14.216 0.4000000060
33717  42.329  -37.589  -15.646 0.4000000060
32883  41.767  -38.125  -15.106 0.4000000060
34546  44.272  -35.773  -17.672 0.4000000060
106817  43.335  -36.698  -16.748 0.4000000060
33731  42.891  -37.087  -16.264 0.4000000060
38399  45.462  -32.078  -20.582 0.3000000119
37650  45.617  -32.847  -20.656 0.3000000119
39143  44.072  -30.316  -18.861 0.3000000119
39130  41.125  -29.857  -16.369 0.4000000060
91888  41.517  -30.597  -16.399 0.4000000060
39139  43.061  -30.268  -17.680 0.3000000119
39927  40.736  -29.138  -16.586 0.4000000060
37678  34.419  -32.693  -22.850 0.6000000238
100049  37.279  -16.014  -24.582 0.3000000119
39167  45.480  -30.530  -20.599 0.3000000119
35267  41.631  -35.161  -15.756 0.4000000060
38392  44.635  -31.658  -19.631 0.3000000119
49920  32.097  -16.356  -26.998 0.3000000119
31338  38.968  -40.262  -14.089 0.3000000119
31337  39.610  -40.038  -14.109 0.3000000119
27732  35.565  -45.656  -20.776 0.6000000238
28395  36.026  -44.789  -21.125 0.6999999881
91848  34.992  -45.276  -20.256 0.6999999881
32865  41.261  -38.710  -14.678 0.3000000119
104430  34.040  -48.923  -15.289 0.3000000119
26476  34.422  -47.704  -15.434 0.3000000119
97664  34.316  -43.743  -20.291 0.6999999881
30575  38.208  -41.491  -14.079 0.3000000119
28380  33.819  -44.443  -20.238 0.6999999881
106067  34.302  -45.038  -20.148 0.6999999881
31327  39.419  -40.777  -13.972 0.3000000119
91147  40.295  -39.864  -14.214 0.3000000119
28378  35.438  -44.604  -20.560 0.6999999881
31336  40.988  -40.169  -14.405 0.3000000119
32882  42.554  -38.508  -15.481 0.3000000119
32078  41.516  -39.525  -14.617 0.3000000119
32898  43.144  -38.059  -16.211 0.3000000119
32864  42.080  -39.002  -14.907 0.3000000119
27644  34.909  -46.480  -15.201 0.3000000119
29050  36.888  -43.311  -14.344 0.4000000060
29126  34.738  -43.008  -20.331 0.6999999881
91427  38.608  -42.198  -13.850 0.3000000119
29792  37.295  -42.769  -14.248 0.3000000119
91558  35.202  -43.762  -20.344 0.6999999881
28379  34.744  -44.480  -20.234 0.6999999881
30573  39.925  -41.437  -14.011 0.3000000119
105886  40.880  -40.770  -14.366 0.3000000119
32077  42.193  -39.838  -14.899 0.3000000119
32897  43.695  -38.924  -16.499 0.3000000119
27643  35.389  -45.214  -14.819 0.4000000060
29127  33.814  -43.009  -20.436 0.6999999881
29034  37.590  -43.520  -14.040 0.3000000119
29791  38.122  -42.915  -13.906 0.3000000119
30584  40.790  -41.372  -14.338 0.3000000119
29789  39.540  -42.225  -13.854 0.3000000119
29877  35.788  -42.196  -20.625 0.6999999881
96665  41.423  -40.883  -14.596 0.3000000119
29891  36.204  -42.772  -20.836 0.6999999881
32911  43.978  -38.139  -16.924 0.3000000119
33730  43.581  -37.318  -16.807 0.3000000119
29878  35.095  -42.281  -20.397 0.6999999881
29790  39.135  -43.063  -13.717 0.3000000119
29806  41.126  -42.059  -14.465 0.3000000119
29807  40.438  -42.178  -14.185 0.3000000119
94867  36.305  -42.058  -20.858 0.6999999881
98247  44.293  -36.538  -17.632 0.3000000119
29031  40.138  -43.204  -13.852 0.3000000119
31404  37.260  -41.123  -21.778 0.6999999881
33741  43.819  -36.699  -17.140 0.3000000119
39926  41.636  -29.285  -16.696 0.3000000119
27170  36.323  -46.841  -22.190 0.5000000000
27142  34.033  -46.628  -20.037 0.6999999881
27156  35.199  -46.687  -20.819 0.6000000238
102751  34.587  -47.120  -20.429 0.6000000238
93680  35.787  -46.496  -21.433 0.6000000238
91946  32.620  -44.526  -20.473 0.6999999881
103907  33.297  -43.730  -20.513 0.6999999881
27089  35.072  -46.835  -14.612 0.3000000119
29128  32.867  -42.986  -20.850 0.6999999881
27642  36.066  -45.026  -14.237 0.4000000060
29880  33.313  -42.255  -20.639 0.6999999881
28286  37.794  -44.331  -13.790 0.4000000060
28302  36.985  -43.983  -14.165 0.4000000060
31397  35.274  -40.930  -20.489 0.6999999881
29033  38.601  -43.864  -13.793 0.3000000119
29032  39.510  -43.811  -13.761 0.3000000119
28284  39.433  -44.492  -13.684 0.3000000119
30660  34.698  -41.550  -20.461 0.6999999881
27716  35.075  -46.005  -20.259 0.6000000238
99454  39.270  -49.812  -23.175 0.5000000000
25038  37.479  -48.797  -22.699 0.5000000000
25783  39.662  -48.573  -23.774 0.4000000060
24200  29.541  -51.023  -21.518 0.4000000060
89797  26.678  -51.226  -22.707 0.5000000000
25777  37.902  -48.214  -23.258 0.4000000060
25784  38.762  -48.290  -23.690 0.5000000000
26554  37.022  -48.073  -22.603 0.5000000000
22501  25.196  -52.171  -22.312 0.4000000060
22492  25.317  -52.507  -21.495 0.4000000060
23350  28.223  -51.503  -22.354 0.5000000000
89923  26.596  -53.022  -19.987 0.4000000060
21627  26.081  -53.525  -20.267 0.4000000060
23360  25.839  -51.250  -22.613 0.4000000060
23357  28.197  -50.667  -22.587 0.5000000000
95331  27.014  -50.679  -22.718 0.4000000060
24199  29.835  -50.104  -21.353 0.5000000000
99572  31.402  -49.035  -19.606 0.4000000060
26534  35.132  -47.719  -20.924 0.5000000000
26518  33.652  -47.854  -19.841 0.4000000060
98939  32.151  -48.902  -19.452 0.4000000060
26535  34.396  -47.851  -20.307 0.4000000060
21616  26.532  -53.673  -19.179 0.4000000060
91182  24.987  -51.746  -18.392 0.4000000060
23351  25.762  -51.154  -22.082 0.4000000060
95344  26.197  -51.248  -18.320 0.4000000060
24214  28.278  -49.871  -22.708 0.5000000000
24216  26.766  -50.534  -22.615 0.4000000060
24169  27.259  -50.225  -18.757 0.4000000060
24209  29.065  -50.200  -22.331 0.5000000000
25010  28.066  -49.485  -19.704 0.4000000060
24991  27.766  -49.544  -19.006 0.4000000060
25762  30.387  -48.830  -21.313 0.5000000000
25748  28.567  -48.137  -20.030 0.4000000060
26522  28.290  -47.807  -19.440 0.4000000060
25023  30.420  -49.495  -20.821 0.5000000000
25761  30.767  -48.749  -20.227 0.6000000238
26520  32.106  -47.765  -19.568 0.6000000238
26519  32.824  -47.770  -19.564 0.5000000000
22461  25.183  -52.571  -18.360 0.4000000060
22474  26.892  -52.659  -19.214 0.4000000060
23314  26.808  -51.639  -18.620 0.4000000060
24215  27.423  -50.110  -22.651 0.5000000000
24210  26.743  -50.187  -22.373 0.4000000060
23313  27.298  -51.093  -18.858 0.4000000060
25040  28.895  -49.346  -22.780 0.5000000000
24186  27.729  -50.337  -19.367 0.4000000060
25034  29.451  -49.533  -22.349 0.5000000000
26537  30.647  -48.176  -21.250 0.5000000000
91134  28.796  -46.808  -21.175 0.4000000060
26521  31.508  -47.376  -19.939 0.6000000238
27143  33.283  -47.001  -19.738 0.6000000238
97454  26.075  -52.001  -18.277 0.4000000060
24202  26.479  -50.515  -21.758 0.4000000060
22460  26.736  -52.402  -18.768 0.4000000060
23328  27.442  -51.216  -19.415 0.4000000060
25024  27.705  -49.318  -21.013 0.4000000060
25039  29.595  -48.869  -22.850 0.5000000000
25764  27.576  -48.725  -21.892 0.4000000060
25763  28.262  -48.178  -21.107 0.4000000060
25772  30.195  -48.359  -22.484 0.5000000000
91950  28.573  -47.491  -20.938 0.4000000060
27700  33.363  -46.055  -19.842 0.6000000238
27701  32.519  -46.358  -19.790 0.6000000238
27159  31.288  -46.656  -20.673 0.6000000238
21607  26.506  -53.249  -18.838 0.4000000060
24201  27.477  -50.586  -20.392 0.4000000060
90568  27.796  -49.982  -20.246 0.4000000060
25041  27.949  -49.256  -22.777 0.5000000000
25042  27.243  -49.831  -22.569 0.5000000000
25780  27.603  -49.023  -22.556 0.5000000000
99893  28.302  -48.339  -22.930 0.5000000000
26549  30.603  -47.529  -22.294 0.5000000000
25778  29.850  -48.123  -23.163 0.5000000000
25786  28.817  -47.781  -23.274 0.5000000000
25773  28.047  -48.117  -22.403 0.4000000060
26536  30.889  -47.381  -21.010 0.6000000238
27181  28.658  -46.798  -23.014 0.5000000000
27174  28.758  -46.551  -22.039 0.4000000060
27717  33.499  -45.191  -20.037 0.6000000238
27158  31.767  -45.985  -20.312 0.6000000238
26548  30.975  -46.766  -22.012 0.6000000238
26555  30.398  -47.503  -23.154 0.5000000000
27188  28.931  -47.145  -23.336 0.5000000000
27173  30.775  -46.928  -23.277 0.6000000238
97402  30.568  -46.964  -23.447 0.5000000000
27719  31.726  -45.159  -20.802 0.6000000238
29902  31.942  -42.210  -22.055 0.5000000000
29141  32.090  -42.984  -21.720 0.6000000238
28403  31.219  -43.903  -22.757 0.5000000000
28396  31.603  -43.857  -22.303 0.6000000238
28409  30.997  -44.983  -23.162 0.5000000000
27745  30.163  -45.593  -23.229 0.5000000000
27172  31.234  -45.921  -21.437 0.6000000238
27186  30.710  -46.571  -23.469 0.5000000000
92541  30.570  -46.333  -23.420 0.5000000000
27180  29.331  -46.334  -23.280 0.5000000000
27740  29.394  -45.463  -22.747 0.5000000000
29892  32.487  -42.225  -21.175 0.5000000000
30669  32.283  -41.468  -21.592 0.5000000000
30661  33.796  -41.491  -20.599 0.6000000238
27739  31.077  -45.186  -23.075 0.6000000238
27744  30.859  -45.581  -23.324 0.5000000000
28381  32.233  -43.681  -21.073 0.6000000238
28397  31.340  -44.572  -22.569 0.6000000238
93400  36.477  -48.192  -21.972 0.4000000060
27171  35.704  -47.279  -21.614 0.4000000060
27178  37.076  -46.813  -22.968 0.5000000000
94431  36.857  -47.425  -22.656 0.4000000060
28382  31.713  -44.404  -21.460 0.6000000238
25776  38.586  -48.935  -23.334 0.5000000000
25032  36.390  -49.481  -21.488 0.5000000000
25770  36.757  -48.713  -22.103 0.5000000000
105032  28.979  -50.759  -22.219 0.5000000000
22500  25.378  -51.792  -21.964 0.4000000060
22491  26.479  -52.045  -20.671 0.4000000060
99074  26.293  -49.936  -18.435 0.4000000060
25749  28.193  -48.721  -19.392 0.4000000060
22473  27.167  -51.852  -19.577 0.4000000060
94536  27.053  -49.887  -21.486 0.4000000060
101544  26.195  -52.778  -18.472 0.4000000060
27179  31.019  -46.094  -23.047 0.6000000238
23315  25.355  -51.171  -18.320 0.3000000119
25730  27.443  -48.849  -18.784 0.3000000119
24171  25.756  -50.526  -18.336 0.3000000119
98879  27.368  -47.966  -18.824 0.3000000119
24993  25.789  -49.098  -18.507 0.3000000119
25731  26.486  -48.562  -18.632 0.3000000119
20845  26.262  -54.278  -19.450 0.4000000060
22442  34.202  -52.085  -16.588 0.3000000119
22457  36.513  -52.568  -18.745 0.5000000000
22459  27.202  -51.857  -18.952 0.4000000060
22490  26.958  -51.255  -20.611 0.4000000060
23323  39.452  -51.042  -20.667 0.6000000238
23347  41.344  -52.026  -22.474 0.5000000000
23349  28.877  -51.360  -21.958 0.5000000000
23352  25.573  -51.614  -22.436 0.4000000060
23354  40.309  -51.731  -23.300 0.5000000000
23358  27.544  -51.195  -22.614 0.5000000000
23359  26.250  -50.940  -22.662 0.4000000060
24135  34.041  -50.155  -15.616 0.3000000119
24170  26.736  -50.796  -18.509 0.4000000060
24217  26.186  -50.855  -22.559 0.4000000060
24989  36.662  -49.243  -18.867 0.6999999881
24990  35.807  -49.050  -17.942 0.6000000238
24992  26.921  -49.392  -18.605 0.3000000119
25009  28.300  -48.768  -20.339 0.4000000060
25017  40.131  -49.653  -21.455 0.6000000238
25019  38.640  -49.294  -20.404 0.6000000238
25033  29.975  -49.242  -21.921 0.5000000000
25035  27.121  -49.426  -22.196 0.5000000000
25742  37.750  -48.349  -19.861 0.6999999881
25745  33.087  -48.613  -19.586 0.4000000060
25746  32.335  -48.268  -19.508 0.6000000238
25747  31.535  -48.282  -19.659 0.6000000238
25771  36.122  -48.653  -21.589 0.4000000060
25779  28.963  -48.468  -23.164 0.5000000000
25785  29.437  -47.892  -23.331 0.5000000000
26496  35.484  -47.738  -17.546 0.6000000238
26505  36.767  -47.875  -18.988 0.6000000238
26550  28.499  -47.214  -22.244 0.4000000060
26556  28.481  -47.582  -23.084 0.5000000000
26560  38.491  -47.798  -23.749 0.4000000060
26561  30.057  -47.530  -23.369 0.5000000000
26562  29.380  -47.476  -23.402 0.5000000000
26563  39.657  -47.169  -24.299 0.6000000238
27090  34.690  -47.199  -15.038 0.3000000119
27102  34.700  -46.962  -15.691 0.5000000000
27135  36.472  -46.620  -18.587 0.6000000238
27144  32.367  -47.147  -19.667 0.6000000238
27155  38.874  -47.002  -20.632 0.6000000238
27157  34.656  -46.499  -20.278 0.6000000238
27182  40.749  -47.179  -23.943 0.6000000238
27184  38.822  -46.710  -24.301 0.6000000238
27187  29.967  -46.961  -23.479 0.5000000000
27189  40.476  -46.493  -24.219 0.6999999881
27657  35.076  -45.203  -15.610 0.5000000000
27692  37.219  -45.134  -18.825 0.6999999881
27698  37.863  -45.408  -19.465 0.8000000119
27699  34.303  -45.809  -20.060 0.6999999881
27714  39.372  -45.555  -21.084 0.8000000119
27718  32.509  -45.479  -20.047 0.6000000238
27730  39.913  -45.286  -21.819 0.6999999881
27731  36.212  -45.775  -21.736 0.6000000238
27733  31.341  -45.167  -22.195 0.6000000238
27735  28.965  -46.050  -22.463 0.5000000000
27736  40.660  -45.836  -23.452 0.6000000238
27737  37.388  -45.934  -23.150 0.6999999881
27743  30.914  -45.843  -23.347 0.6000000238
27748  38.203  -44.883  -24.235 0.8999999762
28303  36.394  -44.387  -14.342 0.4000000060
28344  35.362  -44.832  -16.928 0.4000000060
28356  37.864  -43.758  -18.892 0.6000000238
28376  39.383  -44.179  -20.984 0.8000000119
28402  36.948  -44.594  -22.323 0.6999999881
28404  31.150  -44.497  -22.868 0.6000000238
28410  30.788  -44.940  -23.156 0.5000000000
29052  35.741  -43.878  -15.171 0.5000000000
29125  35.547  -42.966  -20.499 0.6999999881
29138  37.288  -42.908  -22.052 0.8000000119
29150  31.494  -43.062  -22.508 0.5000000000
29156  30.989  -44.287  -22.975 0.5000000000
29158  40.219  -43.786  -24.654 0.8999999762
29828  36.275  -42.439  -15.353 0.4000000060
29858  38.179  -42.493  -18.786 0.6999999881
29879  34.249  -42.270  -20.417 0.6999999881
29888  39.672  -42.797  -21.284 0.8000000119
29889  37.327  -42.228  -22.075 0.8000000119
29913  39.181  -42.752  -25.204 0.8999999762
30574  39.054  -41.474  -13.863 0.3000000119
30576  37.764  -42.146  -14.105 0.3000000119
30658  39.508  -41.467  -20.869 0.8000000119
30659  35.397  -41.670  -20.514 0.6999999881
30662  32.907  -41.481  -20.895 0.5000000000
30667  36.690  -41.575  -21.171 0.6999999881
30683  40.528  -41.549  -23.955 0.8999999762
30685  40.591  -41.273  -24.663 0.8999999762
30688  40.463  -41.452  -25.165 0.8999999762
31326  40.290  -40.636  -14.156 0.3000000119
31413  40.318  -40.998  -23.442 0.8999999762
31425  37.963  -40.457  -24.932 0.8000000119
32079  40.728  -39.318  -14.377 0.3000000119
32081  38.890  -39.532  -14.263 0.4000000060
32097  37.562  -39.129  -15.127 0.5000000000
32186  39.406  -39.915  -25.497 1.0000000000
32919  37.453  -38.986  -17.969 0.6999999881
32937  38.974  -37.817  -20.292 0.8000000119
32951  37.230  -38.224  -21.848 0.8999999762
32984  38.236  -38.704  -25.134 1.0000000000
32985  41.235  -37.669  -25.687 1.0000000000
33719  40.671  -36.891  -15.015 0.4000000060
33749  38.164  -37.801  -19.206 0.8000000119
33759  34.284  -37.335  -19.639 0.6999999881
33760  33.522  -37.320  -19.666 0.6000000238
33770  35.553  -37.235  -19.963 0.6999999881
33780  40.368  -37.703  -22.588 0.8000000119
33800  37.898  -37.224  -24.863 0.8999999762
33806  41.511  -37.549  -25.060 1.0000000000
34503  38.717  -37.394  -14.965 0.5000000000
34547  43.942  -36.134  -17.290 0.4000000060
34578  34.566  -36.179  -19.841 0.6999999881
34604  40.950  -36.734  -24.140 1.0000000000
34612  42.011  -36.768  -25.822 1.0000000000
34613  39.410  -36.711  -26.041 1.0000000000
34616  41.043  -36.766  -26.312 1.0000000000
35322  35.864  -35.916  -20.622 0.8999999762
35349  39.816  -35.475  -22.889 0.8000000119
35358  37.757  -35.942  -23.512 1.0000000000
35364  39.690  -35.443  -26.473 1.0000000000
36089  39.085  -34.024  -15.616 0.6000000238
36090  37.981  -34.757  -16.008 0.6999999881
36121  37.841  -34.499  -18.345 0.6000000238
36125  38.190  -34.455  -19.239 0.6999999881
36131  34.801  -34.891  -20.811 0.6999999881
36857  40.341  -33.300  -15.646 0.4000000060
36869  37.978  -33.465  -17.241 0.6000000238
36917  39.295  -34.046  -21.800 0.8000000119
36920  34.209  -33.594  -21.771 0.6999999881
36936  35.311  -33.080  -22.342 0.6999999881
36957  41.888  -33.276  -27.339 1.0000000000
37609  39.297  -32.036  -16.165 0.5000000000
37643  38.300  -33.025  -19.460 0.6000000238
37686  37.443  -32.619  -23.625 0.8000000119
37690  42.278  -32.395  -26.016 1.0000000000
38424  40.132  -31.097  -24.160 1.0000000000
38441  42.369  -31.756  -27.320 1.0000000000
39129  41.887  -29.985  -16.629 0.4000000060
40751  39.116  -28.389  -17.547 0.6000000238
44460  39.653  -23.839  -18.123 0.5000000000
44544  41.951  -23.742  -28.695 0.5000000000
45306  39.827  -23.297  -23.959 0.5000000000
47626  32.091  -18.889  -26.771 0.3000000119
89086  42.132  -24.905  -28.346 0.6000000238
89545  41.421  -49.697  -23.200 0.5000000000
90007  39.457  -48.008  -24.051 0.5000000000
90219  41.382  -31.857  -16.191 0.4000000060
90574  40.503  -42.688  -24.646 0.8999999762
92037  39.172  -41.221  -25.440 1.0000000000
92046  37.619  -37.317  -23.241 0.8999999762
94497  40.887  -48.271  -22.412 0.6000000238
94944  33.739  -40.148  -20.663 0.6999999881
95292  40.496  -43.797  -24.173 0.8999999762
95377  34.872  -48.243  -16.977 0.5000000000
97241  40.955  -28.363  -24.927 0.8999999762
97263  35.261  -46.101  -14.713 0.3000000119
97276  39.577  -38.936  -21.095 0.8000000119
97431  37.569  -41.573  -14.404 0.4000000060
97458  35.601  -29.089  -24.458 0.6000000238
97981  38.440  -31.244  -20.516 0.6999999881
98299  38.333  -53.570  -20.011 0.5000000000
98531  42.524  -34.064  -27.096 1.0000000000
99160  30.955  -47.965  -20.284 0.5000000000
100369  41.336  -48.468  -23.462 0.6000000238
101234  37.674  -35.531  -16.925 0.6999999881
101396  30.775  -46.831  -23.621 0.5000000000
101759  37.681  -44.395  -23.972 0.8999999762
102644  37.655  -40.833  -22.486 0.8999999762
102660  36.085  -49.865  -18.446 0.6000000238
102871  40.402  -19.239  -18.927 0.3000000119
103003  34.474  -49.854  -16.309 0.4000000060
103039  37.925  -42.501  -24.435 0.8000000119
103201  41.670  -40.205  -14.662 0.3000000119
103369  28.650  -47.491  -19.911 0.4000000060
103430  35.489  -39.537  -20.438 0.8000000119
103519  37.398  -54.290  -18.838 0.5000000000
103594  37.851  -37.725  -24.432 0.8999999762
104085  31.854  -46.673  -19.935 0.6000000238
104638  35.489  -49.676  -17.781 0.5000000000
105001  26.353  -54.293  -18.977 0.4000000060
105777  38.384  -34.501  -19.780 0.6999999881
106202  41.234  -48.341  -24.055 0.6000000238
106237  41.324  -36.132  -26.625 1.0000000000
106686  40.985  -50.660  -22.056 0.5000000000
106698  34.018  -47.291  -20.051 0.6000000238
106920  45.307  -31.102  -20.453 0.3000000119
